Serial_number:
2065011
Project ID:

Location:
Delaney above PCT
LEVEL
UNIT: cm
Offset: 0.000000 cm
TEMPERATURE
UNIT: °C
Date,Time,ms,LEVEL,TEMPERATURE
8/14/2019,08:54:06 pm,0,762.11,20.523
8/14/2019,09:24:06 pm,0,765.00,27.661
8/14/2019,09:54:06 pm,0,761.13,34.979
8/14/2019,10:24:06 pm,0,820.75,16.056
8/14/2019,10:54:06 pm,0,820.47,16.108
8/14/2019,11:24:06 pm,0,820.46,16.188
8/14/2019,11:54:06 pm,0,820.29,16.198
8/15/2019,12:24:06 am,0,820.38,16.129
8/15/2019,12:54:06 am,0,820.32,15.992
8/15/2019,01:24:06 am,0,820.28,15.807
8/15/2019,01:54:06 am,0,820.29,15.559
8/15/2019,02:24:06 am,0,820.47,15.312
8/15/2019,02:54:06 am,0,820.62,15.034
8/15/2019,03:24:06 am,0,820.85,14.769
8/15/2019,03:54:06 am,0,821.00,14.526
8/15/2019,04:24:06 am,0,821.22,14.268
8/15/2019,04:54:06 am,0,821.31,14.005
8/15/2019,05:24:06 am,0,821.29,13.721
8/15/2019,05:54:06 am,0,821.25,13.450
8/15/2019,06:24:06 am,0,821.45,13.162
8/15/2019,06:54:06 am,0,821.48,12.895
8/15/2019,07:24:06 am,0,821.43,12.629
8/15/2019,07:54:06 am,0,821.61,12.378
8/15/2019,08:24:06 am,0,821.67,12.136
8/15/2019,08:54:06 am,0,821.67,11.918
8/15/2019,09:24:06 am,0,821.60,11.707
8/15/2019,09:54:06 am,0,821.73,11.502
8/15/2019,10:24:06 am,0,821.77,11.307
8/15/2019,10:54:06 am,0,821.87,11.121
8/15/2019,11:24:06 am,0,821.73,10.938
8/15/2019,11:54:06 am,0,821.81,10.755
8/15/2019,12:24:06 pm,0,821.90,10.587
8/15/2019,12:54:06 pm,0,821.83,10.422
8/15/2019,01:24:06 pm,0,821.92,10.253
8/15/2019,01:54:06 pm,0,822.08,10.086
8/15/2019,02:24:06 pm,0,822.13,9.928
8/15/2019,02:54:06 pm,0,822.14,9.804
8/15/2019,03:24:06 pm,0,822.06,9.701
8/15/2019,03:54:06 pm,0,822.00,9.663
8/15/2019,04:24:06 pm,0,821.81,9.737
8/15/2019,04:54:06 pm,0,821.91,9.910
8/15/2019,05:24:06 pm,0,821.87,10.160
8/15/2019,05:54:06 pm,0,821.75,10.459
8/15/2019,06:24:06 pm,0,821.64,10.996
8/15/2019,06:54:06 pm,0,821.40,11.482
8/15/2019,07:24:06 pm,0,821.06,12.279
8/15/2019,07:54:06 pm,0,820.74,13.059
8/15/2019,08:24:06 pm,0,820.38,13.842
8/15/2019,08:54:06 pm,0,820.32,14.554
8/15/2019,09:24:06 pm,0,820.02,15.204
8/15/2019,09:54:06 pm,0,819.81,15.772
8/15/2019,10:24:06 pm,0,819.58,16.181
8/15/2019,10:54:06 pm,0,819.38,16.357
8/15/2019,11:24:06 pm,0,819.07,16.445
8/15/2019,11:54:06 pm,0,818.94,16.449
8/16/2019,12:24:06 am,0,818.78,16.378
8/16/2019,12:54:06 am,0,818.66,16.225
8/16/2019,01:24:06 am,0,818.52,16.020
8/16/2019,01:54:06 am,0,818.44,15.790
8/16/2019,02:24:06 am,0,818.40,15.540
8/16/2019,02:54:06 am,0,818.47,15.273
8/16/2019,03:24:06 am,0,818.55,15.025
8/16/2019,03:54:06 am,0,818.77,14.782
8/16/2019,04:24:06 am,0,819.03,14.548
8/16/2019,04:54:06 am,0,818.97,14.289
8/16/2019,05:24:06 am,0,818.90,14.032
8/16/2019,05:54:06 am,0,818.95,13.758
8/16/2019,06:24:06 am,0,818.97,13.506
8/16/2019,06:54:06 am,0,819.00,13.245
8/16/2019,07:24:06 am,0,818.99,12.994
8/16/2019,07:54:06 am,0,819.08,12.740
8/16/2019,08:24:06 am,0,819.19,12.509
8/16/2019,08:54:06 am,0,819.10,12.285
8/16/2019,09:24:06 am,0,819.04,12.060
8/16/2019,09:54:06 am,0,818.95,11.853
8/16/2019,10:24:06 am,0,818.93,11.653
8/16/2019,10:54:06 am,0,818.89,11.457
8/16/2019,11:24:06 am,0,818.97,11.279
8/16/2019,11:54:06 am,0,819.03,11.087
8/16/2019,12:24:06 pm,0,819.02,10.885
8/16/2019,12:54:06 pm,0,818.95,10.687
8/16/2019,01:24:06 pm,0,819.19,10.497
8/16/2019,01:54:06 pm,0,819.23,10.311
8/16/2019,02:24:06 pm,0,819.46,10.146
8/16/2019,02:54:06 pm,0,819.46,10.003
8/16/2019,03:24:06 pm,0,819.36,9.895
8/16/2019,03:54:06 pm,0,819.24,9.855
8/16/2019,04:24:06 pm,0,819.06,9.925
8/16/2019,04:54:06 pm,0,819.04,10.080
8/16/2019,05:24:06 pm,0,818.91,10.306
8/16/2019,05:54:06 pm,0,818.95,10.631
8/16/2019,06:24:06 pm,0,818.88,11.127
8/16/2019,06:54:06 pm,0,818.75,11.604
8/16/2019,07:24:06 pm,0,818.47,12.395
8/16/2019,07:54:06 pm,0,818.29,13.133
8/16/2019,08:24:06 pm,0,818.01,13.895
8/16/2019,08:54:06 pm,0,817.81,14.585
8/16/2019,09:24:06 pm,0,817.57,15.197
8/16/2019,09:54:06 pm,0,817.29,15.729
8/16/2019,10:24:06 pm,0,817.04,16.113
8/16/2019,10:54:06 pm,0,816.84,16.298
8/16/2019,11:24:06 pm,0,816.67,16.395
8/16/2019,11:54:06 pm,0,816.41,16.380
8/17/2019,12:24:06 am,0,816.35,16.312
8/17/2019,12:54:06 am,0,816.15,16.170
8/17/2019,01:24:06 am,0,815.90,15.968
8/17/2019,01:54:06 am,0,815.70,15.734
8/17/2019,02:24:06 am,0,815.69,15.491
8/17/2019,02:54:06 am,0,815.69,15.226
8/17/2019,03:24:06 am,0,815.74,14.971
8/17/2019,03:54:06 am,0,815.73,14.721
8/17/2019,04:24:06 am,0,815.88,14.463
8/17/2019,04:54:06 am,0,816.12,14.197
8/17/2019,05:24:06 am,0,816.06,13.926
8/17/2019,05:54:06 am,0,815.99,13.637
8/17/2019,06:24:06 am,0,815.96,13.339
8/17/2019,06:54:06 am,0,815.95,13.046
8/17/2019,07:24:06 am,0,816.05,12.760
8/17/2019,07:54:06 am,0,816.03,12.484
8/17/2019,08:24:06 am,0,815.98,12.205
8/17/2019,08:54:06 am,0,815.94,11.938
8/17/2019,09:24:06 am,0,815.96,11.677
8/17/2019,09:54:06 am,0,815.77,11.436
8/17/2019,10:24:06 am,0,815.75,11.185
8/17/2019,10:54:06 am,0,815.51,10.923
8/17/2019,11:24:06 am,0,815.41,10.682
8/17/2019,11:54:06 am,0,815.45,10.446
8/17/2019,12:24:06 pm,0,815.52,10.195
8/17/2019,12:54:06 pm,0,815.64,9.931
8/17/2019,01:24:06 pm,0,815.75,9.673
8/17/2019,01:54:06 pm,0,815.88,9.423
8/17/2019,02:24:06 pm,0,815.81,9.193
8/17/2019,02:54:06 pm,0,815.84,9.002
8/17/2019,03:24:06 pm,0,815.85,8.830
8/17/2019,03:54:06 pm,0,815.82,8.733
8/17/2019,04:24:06 pm,0,815.76,8.752
8/17/2019,04:54:06 pm,0,815.83,8.859
8/17/2019,05:24:06 pm,0,815.83,9.059
8/17/2019,05:54:06 pm,0,815.75,9.352
8/17/2019,06:24:06 pm,0,815.69,9.811
8/17/2019,06:54:06 pm,0,815.54,10.307
8/17/2019,07:24:06 pm,0,815.46,11.145
8/17/2019,07:54:06 pm,0,815.32,11.951
8/17/2019,08:24:06 pm,0,815.06,12.782
8/17/2019,08:54:06 pm,0,814.85,13.512
8/17/2019,09:24:06 pm,0,814.63,14.183
8/17/2019,09:54:06 pm,0,814.33,14.761
8/17/2019,10:24:06 pm,0,814.05,15.198
8/17/2019,10:54:06 pm,0,813.83,15.434
8/17/2019,11:24:06 pm,0,813.69,15.587
8/17/2019,11:54:06 pm,0,813.59,15.651
8/18/2019,12:24:06 am,0,813.46,15.634
8/18/2019,12:54:06 am,0,813.28,15.542
8/18/2019,01:24:06 am,0,813.06,15.407
8/18/2019,01:54:06 am,0,813.00,15.225
8/18/2019,02:24:06 am,0,812.96,15.012
8/18/2019,02:54:06 am,0,812.92,14.784
8/18/2019,03:24:06 am,0,813.02,14.572
8/18/2019,03:54:06 am,0,813.17,14.347
8/18/2019,04:24:06 am,0,813.30,14.109
8/18/2019,04:54:06 am,0,813.31,13.861
8/18/2019,05:24:06 am,0,813.44,13.601
8/18/2019,05:54:06 am,0,813.56,13.345
8/18/2019,06:24:06 am,0,813.45,13.074
8/18/2019,06:54:06 am,0,813.49,12.829
8/18/2019,07:24:06 am,0,813.52,12.576
8/18/2019,07:54:06 am,0,813.49,12.337
8/18/2019,08:24:06 am,0,813.41,12.098
8/18/2019,08:54:06 am,0,813.47,11.853
8/18/2019,09:24:06 am,0,813.55,11.614
8/18/2019,09:54:06 am,0,813.69,11.382
8/18/2019,10:24:06 am,0,813.65,11.158
8/18/2019,10:54:06 am,0,813.71,10.935
8/18/2019,11:24:06 am,0,813.74,10.734
8/18/2019,11:54:06 am,0,813.71,10.542
8/18/2019,12:24:06 pm,0,813.71,10.353
8/18/2019,12:54:06 pm,0,813.85,10.169
8/18/2019,01:24:06 pm,0,814.00,9.993
8/18/2019,01:54:06 pm,0,814.11,9.814
8/18/2019,02:24:06 pm,0,814.23,9.657
8/18/2019,02:54:06 pm,0,814.22,9.512
8/18/2019,03:24:06 pm,0,814.22,9.408
8/18/2019,03:54:06 pm,0,814.09,9.355
8/18/2019,04:24:06 pm,0,814.04,9.414
8/18/2019,04:54:06 pm,0,814.18,9.548
8/18/2019,05:24:06 pm,0,814.37,9.770
8/18/2019,05:54:06 pm,0,814.61,10.090
8/18/2019,06:24:06 pm,0,814.50,10.572
8/18/2019,06:54:06 pm,0,814.58,11.049
8/18/2019,07:24:06 pm,0,814.33,11.878
8/18/2019,07:54:06 pm,0,814.45,12.697
8/18/2019,08:24:06 pm,0,814.35,13.527
8/18/2019,08:54:06 pm,0,814.12,14.265
8/18/2019,09:24:06 pm,0,814.14,14.920
8/18/2019,09:54:06 pm,0,813.87,15.473
8/18/2019,10:24:06 pm,0,813.78,15.899
8/18/2019,10:54:06 pm,0,813.67,16.131
8/18/2019,11:24:06 pm,0,813.60,16.263
8/18/2019,11:54:06 pm,0,813.51,16.287
8/19/2019,12:24:06 am,0,813.45,16.248
8/19/2019,12:54:06 am,0,813.34,16.133
8/19/2019,01:24:06 am,0,813.27,15.984
8/19/2019,01:54:06 am,0,813.33,15.752
8/19/2019,02:24:06 am,0,813.27,15.373
8/19/2019,02:54:06 am,0,813.34,15.100
8/19/2019,03:24:06 am,0,813.49,14.839
8/19/2019,03:54:06 am,0,813.63,14.588
8/19/2019,04:24:06 am,0,813.88,14.330
8/19/2019,04:54:06 am,0,814.04,14.061
8/19/2019,05:24:06 am,0,814.27,13.777
8/19/2019,05:54:06 am,0,814.36,13.497
8/19/2019,06:24:06 am,0,814.47,13.228
8/19/2019,06:54:06 am,0,814.58,12.956
8/19/2019,07:24:06 am,0,814.64,12.693
8/19/2019,07:54:06 am,0,814.67,12.433
8/19/2019,08:24:06 am,0,814.78,12.181
8/19/2019,08:54:06 am,0,814.82,11.936
8/19/2019,09:24:06 am,0,814.84,11.689
8/19/2019,09:54:06 am,0,815.09,11.451
8/19/2019,10:24:06 am,0,815.16,11.221
8/19/2019,10:54:06 am,0,815.24,10.996
8/19/2019,11:24:06 am,0,815.27,10.780
8/19/2019,11:54:06 am,0,815.35,10.588
8/19/2019,12:24:06 pm,0,815.45,10.398
8/19/2019,12:54:06 pm,0,815.53,10.212
8/19/2019,01:24:06 pm,0,815.70,10.040
8/19/2019,01:54:06 pm,0,815.82,9.879
8/19/2019,02:24:06 pm,0,815.80,9.735
8/19/2019,02:54:06 pm,0,815.84,9.615
8/19/2019,03:24:06 pm,0,815.98,9.528
8/19/2019,03:54:06 pm,0,816.06,9.529
8/19/2019,04:24:06 pm,0,816.13,9.641
8/19/2019,04:54:06 pm,0,816.08,9.789
8/19/2019,05:24:06 pm,0,816.01,10.028
8/19/2019,05:54:06 pm,0,815.99,10.355
8/19/2019,06:24:06 pm,0,815.94,10.760
8/19/2019,06:54:06 pm,0,815.90,11.288
8/19/2019,07:24:06 pm,0,815.98,11.823
8/19/2019,07:54:06 pm,0,815.85,12.491
8/19/2019,08:24:06 pm,0,815.76,13.181
8/19/2019,08:54:06 pm,0,815.71,13.759
8/19/2019,09:24:06 pm,0,815.62,14.424
8/19/2019,09:54:06 pm,0,815.48,14.942
8/19/2019,10:24:06 pm,0,815.37,15.292
8/19/2019,10:54:06 pm,0,815.24,15.507
8/19/2019,11:24:06 pm,0,815.21,15.618
8/19/2019,11:54:06 pm,0,815.29,15.616
8/20/2019,12:24:06 am,0,815.23,15.555
8/20/2019,12:54:06 am,0,815.19,15.455
8/20/2019,01:24:06 am,0,815.01,15.264
8/20/2019,01:54:06 am,0,814.85,15.048
8/20/2019,02:24:06 am,0,814.80,14.822
8/20/2019,02:54:06 am,0,814.89,14.578
8/20/2019,03:24:06 am,0,814.87,14.337
8/20/2019,03:54:06 am,0,815.17,14.093
8/20/2019,04:24:06 am,0,815.40,13.847
8/20/2019,04:54:06 am,0,815.58,13.596
8/20/2019,05:24:06 am,0,815.57,13.347
8/20/2019,05:54:06 am,0,815.64,13.108
8/20/2019,06:24:06 am,0,815.68,12.874
8/20/2019,06:54:06 am,0,815.74,12.642
8/20/2019,07:24:06 am,0,815.75,12.414
8/20/2019,07:54:06 am,0,815.63,12.188
8/20/2019,08:24:06 am,0,815.76,11.976
8/20/2019,08:54:06 am,0,815.72,11.766
8/20/2019,09:24:06 am,0,815.86,11.570
8/20/2019,09:54:06 am,0,815.82,11.384
8/20/2019,10:24:06 am,0,815.87,11.199
8/20/2019,10:54:06 am,0,816.00,11.021
8/20/2019,11:24:06 am,0,816.12,10.858
8/20/2019,11:54:06 am,0,815.94,10.687
8/20/2019,12:24:06 pm,0,816.10,10.515
8/20/2019,12:54:06 pm,0,816.14,10.352
8/20/2019,01:24:06 pm,0,816.37,10.182
8/20/2019,01:54:06 pm,0,816.54,10.025
8/20/2019,02:24:06 pm,0,816.69,9.871
8/20/2019,02:54:06 pm,0,816.89,9.735
8/20/2019,03:24:06 pm,0,816.87,9.643
8/20/2019,03:54:06 pm,0,816.86,9.623
8/20/2019,04:24:06 pm,0,816.79,9.724
8/20/2019,04:54:06 pm,0,817.01,9.878
8/20/2019,05:24:06 pm,0,817.14,10.047
8/20/2019,05:54:06 pm,0,817.19,10.344
8/20/2019,06:24:06 pm,0,817.29,10.756
8/20/2019,06:54:06 pm,0,817.25,11.212
8/20/2019,07:24:06 pm,0,817.06,11.871
8/20/2019,07:54:06 pm,0,816.81,12.629
8/20/2019,08:24:06 pm,0,816.63,13.348
8/20/2019,08:54:06 pm,0,816.57,13.968
8/20/2019,09:24:06 pm,0,816.45,14.529
8/20/2019,09:54:06 pm,0,816.31,15.014
8/20/2019,10:24:06 pm,0,816.11,15.376
8/20/2019,10:54:06 pm,0,815.96,15.597
8/20/2019,11:24:06 pm,0,815.86,15.713
8/20/2019,11:54:06 pm,0,815.68,15.732
8/21/2019,12:24:06 am,0,815.68,15.646
8/21/2019,12:54:06 am,0,815.66,15.557
8/21/2019,01:24:06 am,0,815.57,15.420
8/21/2019,01:54:06 am,0,815.67,15.215
8/21/2019,02:24:06 am,0,815.88,14.996
8/21/2019,02:54:06 am,0,815.85,14.772
8/21/2019,03:24:06 am,0,815.78,14.540
8/21/2019,03:54:06 am,0,816.01,14.304
8/21/2019,04:24:06 am,0,816.18,14.058
8/21/2019,04:54:06 am,0,816.37,13.805
8/21/2019,05:24:06 am,0,816.43,13.552
8/21/2019,05:54:06 am,0,816.34,13.298
8/21/2019,06:24:06 am,0,816.31,13.052
8/21/2019,06:54:06 am,0,816.36,12.800
8/21/2019,07:24:06 am,0,816.47,12.545
8/21/2019,07:54:06 am,0,816.49,12.307
8/21/2019,08:24:06 am,0,816.56,12.069
8/21/2019,08:54:06 am,0,816.44,11.843
8/21/2019,09:24:06 am,0,816.20,11.609
8/21/2019,09:54:06 am,0,816.05,11.388
8/21/2019,10:24:06 am,0,816.04,11.177
8/21/2019,10:54:06 am,0,816.07,10.969
8/21/2019,11:24:06 am,0,816.04,10.779
8/21/2019,11:54:06 am,0,815.98,10.599
8/21/2019,12:24:06 pm,0,815.92,10.417
8/21/2019,12:54:06 pm,0,816.00,10.253
8/21/2019,01:24:06 pm,0,816.17,10.093
8/21/2019,01:54:06 pm,0,816.32,9.934
8/21/2019,02:24:06 pm,0,816.47,9.793
8/21/2019,02:54:06 pm,0,816.56,9.683
8/21/2019,03:24:06 pm,0,816.42,9.619
8/21/2019,03:54:06 pm,0,816.32,9.614
8/21/2019,04:24:06 pm,0,816.33,9.728
8/21/2019,04:54:06 pm,0,816.40,9.923
8/21/2019,05:24:06 pm,0,816.32,10.165
8/21/2019,05:54:06 pm,0,816.36,10.531
8/21/2019,06:24:06 pm,0,816.30,10.999
8/21/2019,06:54:06 pm,0,816.14,11.515
8/21/2019,07:24:06 pm,0,815.83,12.210
8/21/2019,07:54:06 pm,0,815.56,12.998
8/21/2019,08:24:06 pm,0,815.39,13.679
8/21/2019,08:54:06 pm,0,815.33,14.331
8/21/2019,09:24:06 pm,0,815.23,14.878
8/21/2019,09:54:06 pm,0,814.97,15.320
8/21/2019,10:24:06 pm,0,814.73,15.611
8/21/2019,10:54:06 pm,0,814.42,15.753
8/21/2019,11:24:06 pm,0,814.30,15.819
8/21/2019,11:54:06 pm,0,814.09,15.782
8/22/2019,12:24:06 am,0,813.92,15.673
8/22/2019,12:54:06 am,0,813.85,15.585
8/22/2019,01:24:06 am,0,813.62,15.382
8/22/2019,01:54:06 am,0,813.58,15.181
8/22/2019,02:24:06 am,0,813.59,14.986
8/22/2019,02:54:06 am,0,813.42,14.756
8/22/2019,03:24:06 am,0,813.68,14.518
8/22/2019,03:54:06 am,0,813.72,14.279
8/22/2019,04:24:06 am,0,813.65,14.022
8/22/2019,04:54:06 am,0,813.46,13.774
8/22/2019,05:24:06 am,0,813.26,13.518
8/22/2019,05:54:06 am,0,813.15,13.271
8/22/2019,06:24:06 am,0,812.86,13.028
8/22/2019,06:54:06 am,0,812.83,12.793
8/22/2019,07:24:06 am,0,813.10,12.564
8/22/2019,07:54:06 am,0,813.13,12.342
8/22/2019,08:24:06 am,0,812.87,12.115
8/22/2019,08:54:06 am,0,812.48,11.887
8/22/2019,09:24:06 am,0,812.51,11.657
8/22/2019,09:54:06 am,0,812.61,11.422
8/22/2019,10:24:06 am,0,812.45,11.192
8/22/2019,10:54:06 am,0,812.30,10.967
8/22/2019,11:24:06 am,0,811.88,10.743
8/22/2019,11:54:06 am,0,812.06,10.530
8/22/2019,12:24:06 pm,0,812.14,10.310
8/22/2019,12:54:06 pm,0,812.05,10.089
8/22/2019,01:24:06 pm,0,812.12,9.874
8/22/2019,01:54:06 pm,0,812.29,9.696
8/22/2019,02:24:06 pm,0,812.34,9.548
8/22/2019,02:54:06 pm,0,812.45,9.421
8/22/2019,03:24:06 pm,0,812.40,9.332
8/22/2019,03:54:06 pm,0,812.31,9.322
8/22/2019,04:24:06 pm,0,812.24,9.424
8/22/2019,04:54:06 pm,0,812.30,9.567
8/22/2019,05:24:06 pm,0,812.33,9.729
8/22/2019,05:54:06 pm,0,812.38,10.073
8/22/2019,06:24:06 pm,0,812.36,10.486
8/22/2019,06:54:06 pm,0,812.49,10.959
8/22/2019,07:24:06 pm,0,812.32,11.628
8/22/2019,07:54:06 pm,0,812.23,12.397
8/22/2019,08:24:06 pm,0,811.98,13.123
8/22/2019,08:54:06 pm,0,811.76,13.772
8/22/2019,09:24:06 pm,0,811.61,14.343
8/22/2019,09:54:06 pm,0,811.33,14.810
8/22/2019,10:24:06 pm,0,811.12,15.154
8/22/2019,10:54:06 pm,0,810.94,15.378
8/22/2019,11:24:06 pm,0,810.80,15.517
8/22/2019,11:54:06 pm,0,810.69,15.558
8/23/2019,12:24:06 am,0,810.62,15.517
8/23/2019,12:54:06 am,0,810.60,15.449
8/23/2019,01:24:06 am,0,810.45,15.335
8/23/2019,01:54:06 am,0,810.45,15.156
8/23/2019,02:24:06 am,0,810.43,14.967
8/23/2019,02:54:06 am,0,810.60,14.777
8/23/2019,03:24:06 am,0,810.62,14.574
8/23/2019,03:54:06 am,0,810.77,14.359
8/23/2019,04:24:06 am,0,810.87,14.134
8/23/2019,04:54:06 am,0,810.80,13.903
8/23/2019,05:24:06 am,0,810.83,13.666
8/23/2019,05:54:06 am,0,810.79,13.428
8/23/2019,06:24:06 am,0,810.80,13.194
8/23/2019,06:54:06 am,0,810.95,12.981
8/23/2019,07:24:06 am,0,810.98,12.786
8/23/2019,07:54:06 am,0,811.02,12.598
8/23/2019,08:24:06 am,0,811.05,12.413
8/23/2019,08:54:06 am,0,810.97,12.216
8/23/2019,09:24:06 am,0,811.04,12.027
8/23/2019,09:54:06 am,0,811.13,11.839
8/23/2019,10:24:06 am,0,811.24,11.652
8/23/2019,10:54:06 am,0,811.29,11.473
8/23/2019,11:24:06 am,0,811.32,11.291
8/23/2019,11:54:06 am,0,811.56,11.115
8/23/2019,12:24:06 pm,0,811.89,10.944
8/23/2019,12:54:06 pm,0,812.06,10.787
8/23/2019,01:24:06 pm,0,812.05,10.627
8/23/2019,01:54:06 pm,0,812.11,10.488
8/23/2019,02:24:06 pm,0,812.12,10.362
8/23/2019,02:54:06 pm,0,812.23,10.265
8/23/2019,03:24:06 pm,0,812.38,10.208
8/23/2019,03:54:06 pm,0,812.37,10.207
8/23/2019,04:24:06 pm,0,812.38,10.306
8/23/2019,04:54:06 pm,0,812.54,10.484
8/23/2019,05:24:06 pm,0,812.70,10.703
8/23/2019,05:54:06 pm,0,812.72,11.062
8/23/2019,06:24:06 pm,0,812.73,11.521
8/23/2019,06:54:06 pm,0,812.77,12.047
8/23/2019,07:24:06 pm,0,812.89,12.726
8/23/2019,07:54:06 pm,0,812.87,13.529
8/23/2019,08:24:06 pm,0,812.95,14.317
8/23/2019,08:54:06 pm,0,812.96,14.974
8/23/2019,09:24:06 pm,0,812.94,15.565
8/23/2019,09:54:06 pm,0,812.74,16.050
8/23/2019,10:24:06 pm,0,812.56,16.374
8/23/2019,10:54:06 pm,0,812.42,16.613
8/23/2019,11:24:06 pm,0,812.34,16.772
8/23/2019,11:54:06 pm,0,812.33,16.807
8/24/2019,12:24:06 am,0,812.35,16.752
8/24/2019,12:54:06 am,0,812.38,16.675
8/24/2019,01:24:06 am,0,812.34,16.543
8/24/2019,01:54:06 am,0,812.39,16.358
8/24/2019,02:24:06 am,0,812.50,16.149
8/24/2019,02:54:06 am,0,812.67,15.942
8/24/2019,03:24:06 am,0,812.85,15.726
8/24/2019,03:54:06 am,0,813.23,15.507
8/24/2019,04:24:06 am,0,813.30,15.283
8/24/2019,04:54:06 am,0,813.26,15.047
8/24/2019,05:24:06 am,0,813.49,14.810
8/24/2019,05:54:06 am,0,813.50,14.574
8/24/2019,06:24:06 am,0,813.66,14.340
8/24/2019,06:54:06 am,0,813.88,14.113
8/24/2019,07:24:06 am,0,814.16,13.884
8/24/2019,07:54:06 am,0,814.33,13.649
8/24/2019,08:24:06 am,0,814.42,13.415
8/24/2019,08:54:06 am,0,814.54,13.179
8/24/2019,09:24:06 am,0,814.65,12.943
8/24/2019,09:54:06 am,0,814.80,12.727
8/24/2019,10:24:06 am,0,814.95,12.517
8/24/2019,10:54:06 am,0,815.07,12.324
8/24/2019,11:24:06 am,0,815.21,12.136
8/24/2019,11:54:06 am,0,815.43,11.957
8/24/2019,12:24:06 pm,0,815.64,11.786
8/24/2019,12:54:06 pm,0,815.84,11.623
8/24/2019,01:24:06 pm,0,816.02,11.466
8/24/2019,01:54:06 pm,0,816.33,11.320
8/24/2019,02:24:06 pm,0,816.52,11.183
8/24/2019,02:54:06 pm,0,816.56,11.067
8/24/2019,03:24:06 pm,0,816.59,10.993
8/24/2019,03:54:06 pm,0,816.52,10.984
8/24/2019,04:24:06 pm,0,816.48,11.075
8/24/2019,04:54:06 pm,0,816.48,11.229
8/24/2019,05:24:06 pm,0,816.61,11.431
8/24/2019,05:54:06 pm,0,816.59,11.784
8/24/2019,06:24:06 pm,0,816.62,12.219
8/24/2019,06:54:06 pm,0,816.63,12.713
8/24/2019,07:24:06 pm,0,816.53,13.377
8/24/2019,07:54:06 pm,0,816.46,14.134
8/24/2019,08:24:06 pm,0,816.46,14.864
8/24/2019,08:54:06 pm,0,816.45,15.511
8/24/2019,09:24:06 pm,0,816.37,16.090
8/24/2019,09:54:06 pm,0,816.17,16.562
8/24/2019,10:24:06 pm,0,816.10,16.890
8/24/2019,10:54:06 pm,0,816.06,17.121
8/24/2019,11:24:06 pm,0,815.95,17.251
8/24/2019,11:54:06 pm,0,816.12,17.276
8/25/2019,12:24:06 am,0,816.15,17.219
8/25/2019,12:54:06 am,0,816.23,17.132
8/25/2019,01:24:06 am,0,816.14,17.004
8/25/2019,01:54:06 am,0,816.20,16.805
8/25/2019,02:24:06 am,0,816.14,16.587
8/25/2019,02:54:06 am,0,816.16,16.371
8/25/2019,03:24:06 am,0,816.22,16.153
8/25/2019,03:54:06 am,0,816.40,15.934
8/25/2019,04:24:06 am,0,816.59,15.703
8/25/2019,04:54:06 am,0,816.67,15.468
8/25/2019,05:24:06 am,0,816.83,15.230
8/25/2019,05:54:06 am,0,816.91,14.992
8/25/2019,06:24:06 am,0,816.95,14.763
8/25/2019,06:54:06 am,0,817.11,14.542
8/25/2019,07:24:06 am,0,817.23,14.320
8/25/2019,07:54:06 am,0,817.31,14.109
8/25/2019,08:24:06 am,0,817.32,13.898
8/25/2019,08:54:06 am,0,817.49,13.695
8/25/2019,09:24:06 am,0,817.58,13.495
8/25/2019,09:54:06 am,0,817.76,13.303
8/25/2019,10:24:06 am,0,817.87,13.116
8/25/2019,10:54:06 am,0,817.97,12.929
8/25/2019,11:24:06 am,0,817.90,12.749
8/25/2019,11:54:06 am,0,817.88,12.579
8/25/2019,12:24:06 pm,0,817.99,12.409
8/25/2019,12:54:06 pm,0,818.20,12.248
8/25/2019,01:24:06 pm,0,818.36,12.089
8/25/2019,01:54:06 pm,0,818.50,11.932
8/25/2019,02:24:06 pm,0,818.54,11.788
8/25/2019,02:54:06 pm,0,818.66,11.667
8/25/2019,03:24:06 pm,0,818.73,11.586
8/25/2019,03:54:06 pm,0,818.61,11.567
8/25/2019,04:24:06 pm,0,818.61,11.649
8/25/2019,04:54:06 pm,0,818.70,11.761
8/25/2019,05:24:06 pm,0,818.72,11.939
8/25/2019,05:54:06 pm,0,818.84,12.243
8/25/2019,06:24:06 pm,0,818.67,12.659
8/25/2019,06:54:06 pm,0,818.57,13.149
8/25/2019,07:24:06 pm,0,818.45,13.786
8/25/2019,07:54:06 pm,0,818.25,14.537
8/25/2019,08:24:06 pm,0,818.14,15.233
8/25/2019,08:54:06 pm,0,818.06,15.862
8/25/2019,09:24:06 pm,0,817.78,16.387
8/25/2019,09:54:06 pm,0,817.61,16.799
8/25/2019,10:24:06 pm,0,817.58,17.081
8/25/2019,10:54:06 pm,0,817.41,17.257
8/25/2019,11:24:06 pm,0,817.22,17.351
8/25/2019,11:54:06 pm,0,817.11,17.337
8/26/2019,12:24:06 am,0,816.83,17.234
8/26/2019,12:54:06 am,0,816.76,17.116
8/26/2019,01:24:06 am,0,816.73,16.960
8/26/2019,01:54:06 am,0,816.62,16.750
8/26/2019,02:24:06 am,0,816.61,16.522
8/26/2019,02:54:06 am,0,816.60,16.282
8/26/2019,03:24:06 am,0,816.78,16.052
8/26/2019,03:54:06 am,0,816.90,15.820
8/26/2019,04:24:06 am,0,817.08,15.581
8/26/2019,04:54:06 am,0,817.03,15.336
8/26/2019,05:24:06 am,0,817.00,15.088
8/26/2019,05:54:06 am,0,816.89,14.848
8/26/2019,06:24:06 am,0,816.84,14.617
8/26/2019,06:54:06 am,0,816.85,14.394
8/26/2019,07:24:06 am,0,816.69,14.177
8/26/2019,07:54:06 am,0,816.62,13.959
8/26/2019,08:24:06 am,0,816.47,13.751
8/26/2019,08:54:06 am,0,816.46,13.545
8/26/2019,09:24:06 am,0,816.29,13.340
8/26/2019,09:54:06 am,0,816.25,13.136
8/26/2019,10:24:06 am,0,816.14,12.938
8/26/2019,10:54:06 am,0,816.09,12.751
8/26/2019,11:24:06 am,0,816.15,12.571
8/26/2019,11:54:06 am,0,816.24,12.381
8/26/2019,12:24:06 pm,0,816.18,12.202
8/26/2019,12:54:06 pm,0,816.30,12.020
8/26/2019,01:24:06 pm,0,816.47,11.840
8/26/2019,01:54:06 pm,0,816.75,11.669
8/26/2019,02:24:06 pm,0,816.94,11.520
8/26/2019,02:54:06 pm,0,817.05,11.382
8/26/2019,03:24:06 pm,0,817.03,11.284
8/26/2019,03:54:06 pm,0,816.97,11.254
8/26/2019,04:24:06 pm,0,816.85,11.329
8/26/2019,04:54:06 pm,0,816.80,11.493
8/26/2019,05:24:06 pm,0,816.90,11.721
8/26/2019,05:54:06 pm,0,816.79,12.069
8/26/2019,06:24:06 pm,0,816.74,12.483
8/26/2019,06:54:06 pm,0,816.54,12.967
8/26/2019,07:24:06 pm,0,816.40,13.598
8/26/2019,07:54:06 pm,0,816.21,14.324
8/26/2019,08:24:06 pm,0,816.02,15.056
8/26/2019,08:54:06 pm,0,815.90,15.671
8/26/2019,09:24:06 pm,0,815.59,16.217
8/26/2019,09:54:06 pm,0,815.34,16.621
8/26/2019,10:24:06 pm,0,815.24,16.885
8/26/2019,10:54:06 pm,0,814.98,17.041
8/26/2019,11:24:06 pm,0,814.88,17.126
8/26/2019,11:54:06 pm,0,814.74,17.096
8/27/2019,12:24:06 am,0,814.76,16.974
8/27/2019,12:54:06 am,0,814.71,16.861
8/27/2019,01:24:06 am,0,814.63,16.712
8/27/2019,01:54:06 am,0,814.50,16.533
8/27/2019,02:24:06 am,0,814.59,16.329
8/27/2019,02:54:06 am,0,814.63,16.135
8/27/2019,03:24:06 am,0,814.87,15.935
8/27/2019,03:54:06 am,0,815.01,15.714
8/27/2019,04:24:06 am,0,815.06,15.471
8/27/2019,04:54:06 am,0,814.92,15.218
8/27/2019,05:24:06 am,0,814.89,14.966
8/27/2019,05:54:06 am,0,814.90,14.719
8/27/2019,06:24:06 am,0,814.86,14.473
8/27/2019,06:54:06 am,0,814.80,14.232
8/27/2019,07:24:06 am,0,814.84,13.979
8/27/2019,07:54:06 am,0,814.79,13.708
8/27/2019,08:24:06 am,0,814.81,13.450
8/27/2019,08:54:06 am,0,814.78,13.192
8/27/2019,09:24:06 am,0,814.87,12.952
8/27/2019,09:54:06 am,0,814.86,12.724
8/27/2019,10:24:06 am,0,814.81,12.495
8/27/2019,10:54:06 am,0,814.91,12.300
8/27/2019,11:24:06 am,0,814.94,12.094
8/27/2019,11:54:06 am,0,815.03,11.909
8/27/2019,12:24:06 pm,0,815.11,11.725
8/27/2019,12:54:06 pm,0,815.17,11.553
8/27/2019,01:24:06 pm,0,815.43,11.390
8/27/2019,01:54:06 pm,0,815.71,11.236
8/27/2019,02:24:06 pm,0,815.89,11.093
8/27/2019,02:54:06 pm,0,815.88,10.991
8/27/2019,03:24:06 pm,0,815.86,10.917
8/27/2019,03:54:06 pm,0,815.69,10.894
8/27/2019,04:24:06 pm,0,815.64,10.970
8/27/2019,04:54:06 pm,0,815.56,11.141
8/27/2019,05:24:06 pm,0,815.48,11.361
8/27/2019,05:54:06 pm,0,815.40,11.709
8/27/2019,06:24:06 pm,0,815.16,12.124
8/27/2019,06:54:06 pm,0,815.08,12.602
8/27/2019,07:24:06 pm,0,814.80,13.037
8/27/2019,07:54:06 pm,0,814.53,13.817
8/27/2019,08:24:06 pm,0,814.46,14.510
8/27/2019,08:54:06 pm,0,814.48,14.621
8/27/2019,09:24:06 pm,0,814.35,14.905
8/27/2019,09:54:06 pm,0,814.18,15.226
8/27/2019,10:24:06 pm,0,814.09,15.292
8/27/2019,10:54:06 pm,0,814.89,15.144
8/27/2019,11:24:06 pm,0,814.78,15.160
8/27/2019,11:54:06 pm,0,814.82,15.227
8/28/2019,12:24:06 am,0,814.61,15.241
8/28/2019,12:54:06 am,0,814.81,15.192
8/28/2019,01:24:06 am,0,814.39,15.137
8/28/2019,01:54:06 am,0,814.46,15.090
8/28/2019,02:24:06 am,0,814.58,15.011
8/28/2019,02:54:06 am,0,814.40,14.905
8/28/2019,03:24:06 am,0,814.31,14.763
8/28/2019,03:54:06 am,0,814.62,14.607
8/28/2019,04:24:06 am,0,814.72,14.437
8/28/2019,04:54:06 am,0,814.78,14.256
8/28/2019,05:24:06 am,0,814.75,14.072
8/28/2019,05:54:06 am,0,814.74,13.875
8/28/2019,06:24:06 am,0,814.82,13.681
8/28/2019,06:54:06 am,0,814.90,13.491
8/28/2019,07:24:06 am,0,815.05,13.305
8/28/2019,07:54:06 am,0,815.21,13.120
8/28/2019,08:24:06 am,0,815.11,12.931
8/28/2019,08:54:06 am,0,815.13,12.746
8/28/2019,09:24:06 am,0,815.10,12.564
8/28/2019,09:54:06 am,0,815.05,12.394
8/28/2019,10:24:06 am,0,815.04,12.229
8/28/2019,10:54:06 am,0,814.99,12.069
8/28/2019,11:24:06 am,0,814.95,11.912
8/28/2019,11:54:06 am,0,814.93,11.756
8/28/2019,12:24:06 pm,0,814.87,11.608
8/28/2019,12:54:06 pm,0,814.89,11.465
8/28/2019,01:24:06 pm,0,814.97,11.326
8/28/2019,01:54:06 pm,0,814.99,11.191
8/28/2019,02:24:06 pm,0,815.08,11.072
8/28/2019,02:54:06 pm,0,815.10,10.969
8/28/2019,03:24:06 pm,0,815.10,10.900
8/28/2019,03:54:06 pm,0,815.09,10.888
8/28/2019,04:24:06 pm,0,815.26,10.967
8/28/2019,04:54:06 pm,0,815.23,11.134
8/28/2019,05:24:06 pm,0,815.38,11.379
8/28/2019,05:54:06 pm,0,815.67,11.736
8/28/2019,06:24:06 pm,0,815.76,12.107
8/28/2019,06:54:06 pm,0,815.71,12.593
8/28/2019,07:24:06 pm,0,815.81,13.226
8/28/2019,07:54:06 pm,0,815.75,13.927
8/28/2019,08:24:06 pm,0,815.61,14.545
8/28/2019,08:54:06 pm,0,815.62,15.057
8/28/2019,09:24:06 pm,0,815.53,15.468
8/28/2019,09:54:06 pm,0,815.28,15.727
8/28/2019,10:24:06 pm,0,815.10,15.959
8/28/2019,10:54:06 pm,0,814.88,16.171
8/28/2019,11:24:06 pm,0,814.74,16.346
8/28/2019,11:54:06 pm,0,814.59,16.401
8/29/2019,12:24:06 am,0,814.55,16.324
8/29/2019,12:54:06 am,0,814.51,16.205
8/29/2019,01:24:06 am,0,814.32,16.060
8/29/2019,01:54:06 am,0,814.33,15.878
8/29/2019,02:24:06 am,0,814.42,15.680
8/29/2019,02:54:06 am,0,814.57,15.450
8/29/2019,03:24:06 am,0,814.73,15.202
8/29/2019,03:54:06 am,0,814.98,14.958
8/29/2019,04:24:06 am,0,815.11,14.704
8/29/2019,04:54:06 am,0,815.23,14.439
8/29/2019,05:24:06 am,0,815.35,14.164
8/29/2019,05:54:06 am,0,815.22,13.891
8/29/2019,06:24:06 am,0,815.09,13.641
8/29/2019,06:54:06 am,0,815.02,13.395
8/29/2019,07:24:06 am,0,815.08,13.155
8/29/2019,07:54:06 am,0,815.17,12.925
8/29/2019,08:24:06 am,0,815.20,12.702
8/29/2019,08:54:06 am,0,815.13,12.486
8/29/2019,09:24:06 am,0,815.11,12.273
8/29/2019,09:54:06 am,0,815.13,12.066
8/29/2019,10:24:06 am,0,815.15,11.876
8/29/2019,10:54:06 am,0,815.27,11.687
8/29/2019,11:24:06 am,0,815.23,11.506
8/29/2019,11:54:06 am,0,815.12,11.326
8/29/2019,12:24:06 pm,0,815.26,11.150
8/29/2019,12:54:06 pm,0,815.49,10.981
8/29/2019,01:24:06 pm,0,815.74,10.821
8/29/2019,01:54:06 pm,0,815.89,10.661
8/29/2019,02:24:06 pm,0,815.92,10.523
8/29/2019,02:54:06 pm,0,816.20,10.410
8/29/2019,03:24:06 pm,0,816.26,10.331
8/29/2019,03:54:06 pm,0,816.31,10.312
8/29/2019,04:24:06 pm,0,816.45,10.380
8/29/2019,04:54:06 pm,0,816.65,10.526
8/29/2019,05:24:06 pm,0,816.69,10.746
8/29/2019,05:54:06 pm,0,816.72,11.119
8/29/2019,06:24:06 pm,0,816.67,11.522
8/29/2019,06:54:06 pm,0,816.71,12.019
8/29/2019,07:24:06 pm,0,816.60,12.646
8/29/2019,07:54:06 pm,0,816.49,13.382
8/29/2019,08:24:06 pm,0,816.48,14.088
8/29/2019,08:54:06 pm,0,816.44,14.707
8/29/2019,09:24:06 pm,0,816.30,15.256
8/29/2019,09:54:06 pm,0,816.13,15.654
8/29/2019,10:24:06 pm,0,816.08,15.896
8/29/2019,10:54:06 pm,0,815.85,16.004
8/29/2019,11:24:06 pm,0,815.73,16.011
8/29/2019,11:54:06 pm,0,815.60,15.929
8/30/2019,12:24:06 am,0,815.53,15.813
8/30/2019,12:54:06 am,0,815.47,15.687
8/30/2019,01:24:06 am,0,815.43,15.540
8/30/2019,01:54:06 am,0,815.47,15.362
8/30/2019,02:24:06 am,0,815.50,15.192
8/30/2019,02:54:06 am,0,815.57,15.002
8/30/2019,03:24:06 am,0,815.66,14.804
8/30/2019,03:54:06 am,0,815.82,14.591
8/30/2019,04:24:06 am,0,815.91,14.359
8/30/2019,04:54:06 am,0,815.84,14.115
8/30/2019,05:24:06 am,0,815.91,13.857
8/30/2019,05:54:06 am,0,815.94,13.605
8/30/2019,06:24:06 am,0,815.90,13.344
8/30/2019,06:54:06 am,0,815.75,13.090
8/30/2019,07:24:06 am,0,815.76,12.833
8/30/2019,07:54:06 am,0,815.73,12.581
8/30/2019,08:24:06 am,0,815.77,12.325
8/30/2019,08:54:06 am,0,815.65,12.044
8/30/2019,09:24:06 am,0,815.74,11.761
8/30/2019,09:54:06 am,0,815.80,11.481
8/30/2019,10:24:06 am,0,815.76,11.189
8/30/2019,10:54:06 am,0,815.85,10.908
8/30/2019,11:24:06 am,0,815.84,10.626
8/30/2019,11:54:06 am,0,815.84,10.357
8/30/2019,12:24:06 pm,0,815.97,10.094
8/30/2019,12:54:06 pm,0,815.82,9.840
8/30/2019,01:24:06 pm,0,816.01,9.594
8/30/2019,01:54:06 pm,0,816.23,9.360
8/30/2019,02:24:06 pm,0,816.52,9.155
8/30/2019,02:54:06 pm,0,816.60,8.955
8/30/2019,03:24:06 pm,0,816.74,8.816
8/30/2019,03:54:06 pm,0,816.55,8.738
8/30/2019,04:24:06 pm,0,816.59,8.758
8/30/2019,04:54:06 pm,0,816.68,8.872
8/30/2019,05:24:06 pm,0,816.64,9.040
8/30/2019,05:54:06 pm,0,816.66,9.351
8/30/2019,06:24:06 pm,0,816.73,9.721
8/30/2019,06:54:06 pm,0,816.66,10.186
8/30/2019,07:24:06 pm,0,816.56,10.805
8/30/2019,07:54:06 pm,0,816.47,11.571
8/30/2019,08:24:06 pm,0,816.28,12.321
8/30/2019,08:54:06 pm,0,816.05,12.999
8/30/2019,09:24:06 pm,0,815.78,13.562
8/30/2019,09:54:06 pm,0,815.57,13.965
8/30/2019,10:24:06 pm,0,815.29,14.219
8/30/2019,10:54:06 pm,0,815.11,14.354
8/30/2019,11:24:06 pm,0,814.95,14.472
8/30/2019,11:54:06 pm,0,814.72,14.509
8/31/2019,12:24:06 am,0,814.58,14.466
8/31/2019,12:54:06 am,0,814.59,14.437
8/31/2019,01:24:06 am,0,814.56,14.387
8/31/2019,01:54:06 am,0,814.52,14.315
8/31/2019,02:24:06 am,0,814.55,14.204
8/31/2019,02:54:06 am,0,814.74,14.068
8/31/2019,03:24:06 am,0,814.79,13.916
8/31/2019,03:54:06 am,0,814.81,13.746
8/31/2019,04:24:06 am,0,814.79,13.546
8/31/2019,04:54:06 am,0,814.75,13.330
8/31/2019,05:24:06 am,0,814.72,13.090
8/31/2019,05:54:06 am,0,814.60,12.840
8/31/2019,06:24:06 am,0,814.42,12.576
8/31/2019,06:54:06 am,0,814.23,12.294
8/31/2019,07:24:06 am,0,814.28,12.020
8/31/2019,07:54:06 am,0,814.21,11.743
8/31/2019,08:24:06 am,0,814.21,11.474
8/31/2019,08:54:06 am,0,814.08,11.211
8/31/2019,09:24:06 am,0,814.03,10.943
8/31/2019,09:54:06 am,0,813.97,10.679
8/31/2019,10:24:06 am,0,813.84,10.425
8/31/2019,10:54:06 am,0,813.88,10.177
8/31/2019,11:24:06 am,0,813.91,9.939
8/31/2019,11:54:06 am,0,814.00,9.707
8/31/2019,12:24:06 pm,0,814.05,9.479
8/31/2019,12:54:06 pm,0,814.25,9.258
8/31/2019,01:24:06 pm,0,814.34,9.052
8/31/2019,01:54:06 pm,0,814.47,8.865
8/31/2019,02:24:06 pm,0,814.63,8.698
8/31/2019,02:54:06 pm,0,814.66,8.569
8/31/2019,03:24:06 pm,0,814.73,8.476
8/31/2019,03:54:06 pm,0,814.54,8.441
8/31/2019,04:24:06 pm,0,814.48,8.492
8/31/2019,04:54:06 pm,0,814.44,8.635
8/31/2019,05:24:06 pm,0,814.31,8.881
8/31/2019,05:54:06 pm,0,814.28,9.261
8/31/2019,06:24:06 pm,0,814.36,9.680
8/31/2019,06:54:06 pm,0,814.31,10.196
8/31/2019,07:24:06 pm,0,814.29,10.872
8/31/2019,07:54:06 pm,0,814.14,11.678
8/31/2019,08:24:06 pm,0,814.16,12.503
8/31/2019,08:54:06 pm,0,813.93,13.230
8/31/2019,09:24:06 pm,0,813.83,13.812
8/31/2019,09:54:06 pm,0,813.74,14.239
8/31/2019,10:24:06 pm,0,813.65,14.500
8/31/2019,10:54:06 pm,0,813.55,14.658
8/31/2019,11:24:06 pm,0,813.30,14.806
8/31/2019,11:54:06 pm,0,813.34,14.899
9/1/2019,12:24:06 am,0,813.47,14.874
9/1/2019,12:54:06 am,0,813.35,14.787
9/1/2019,01:24:06 am,0,813.44,14.683
9/1/2019,01:54:06 am,0,813.29,14.556
9/1/2019,02:24:06 am,0,813.28,14.418
9/1/2019,02:54:06 am,0,813.32,14.260
9/1/2019,03:24:06 am,0,813.55,14.101
9/1/2019,03:54:06 am,0,813.66,13.932
9/1/2019,04:24:06 am,0,813.78,13.739
9/1/2019,04:54:06 am,0,813.86,13.515
9/1/2019,05:24:06 am,0,813.86,13.280
9/1/2019,05:54:06 am,0,813.86,13.045
9/1/2019,06:24:06 am,0,813.80,12.784
9/1/2019,06:54:06 am,0,813.68,12.512
9/1/2019,07:24:06 am,0,813.73,12.250
9/1/2019,07:54:06 am,0,813.79,11.974
9/1/2019,08:24:06 am,0,813.83,11.669
9/1/2019,08:54:06 am,0,813.77,11.373
9/1/2019,09:24:06 am,0,813.83,11.067
9/1/2019,09:54:06 am,0,813.83,10.765
9/1/2019,10:24:06 am,0,813.96,10.466
9/1/2019,10:54:06 am,0,813.92,10.175
9/1/2019,11:24:06 am,0,813.86,9.872
9/1/2019,11:54:06 am,0,813.95,9.570
9/1/2019,12:24:06 pm,0,814.01,9.311
9/1/2019,12:54:06 pm,0,814.22,9.034
9/1/2019,01:24:06 pm,0,814.38,8.782
9/1/2019,01:54:06 pm,0,814.61,8.549
9/1/2019,02:24:06 pm,0,814.83,8.327
9/1/2019,02:54:06 pm,0,814.87,8.131
9/1/2019,03:24:06 pm,0,814.97,7.985
9/1/2019,03:54:06 pm,0,815.01,7.904
9/1/2019,04:24:06 pm,0,814.91,7.921
9/1/2019,04:54:06 pm,0,814.92,8.039
9/1/2019,05:24:06 pm,0,814.90,8.248
9/1/2019,05:54:06 pm,0,814.88,8.599
9/1/2019,06:24:06 pm,0,815.05,8.992
9/1/2019,06:54:06 pm,0,815.10,9.478
9/1/2019,07:24:06 pm,0,815.05,10.126
9/1/2019,07:54:06 pm,0,814.91,10.870
9/1/2019,08:24:06 pm,0,814.82,11.681
9/1/2019,08:54:06 pm,0,814.77,12.391
9/1/2019,09:24:06 pm,0,814.50,13.003
9/1/2019,09:54:06 pm,0,814.23,13.492
9/1/2019,10:24:06 pm,0,814.15,13.801
9/1/2019,10:54:06 pm,0,813.98,13.955
9/1/2019,11:24:06 pm,0,813.95,14.092
9/1/2019,11:54:06 pm,0,813.93,14.195
9/2/2019,12:24:06 am,0,813.87,14.189
9/2/2019,12:54:06 am,0,813.82,14.129
9/2/2019,01:24:06 am,0,813.62,14.055
9/2/2019,01:54:06 am,0,813.48,13.959
9/2/2019,02:24:06 am,0,813.54,13.835
9/2/2019,02:54:06 am,0,813.62,13.677
9/2/2019,03:24:06 am,0,813.72,13.532
9/2/2019,03:54:06 am,0,813.90,13.369
9/2/2019,04:24:06 am,0,814.01,13.194
9/2/2019,04:54:06 am,0,814.17,13.013
9/2/2019,05:24:06 am,0,814.29,12.825
9/2/2019,05:54:06 am,0,814.28,12.627
9/2/2019,06:24:06 am,0,814.31,12.414
9/2/2019,06:54:06 am,0,814.35,12.207
9/2/2019,07:24:06 am,0,814.33,11.982
9/2/2019,07:54:06 am,0,814.40,11.779
9/2/2019,08:24:06 am,0,814.49,11.560
9/2/2019,08:54:06 am,0,814.55,11.351
9/2/2019,09:24:06 am,0,814.53,11.141
9/2/2019,09:54:06 am,0,814.51,10.913
9/2/2019,10:24:06 am,0,814.51,10.730
9/2/2019,10:54:06 am,0,814.52,10.556
9/2/2019,11:24:06 am,0,814.42,10.377
9/2/2019,11:54:06 am,0,814.40,10.212
9/2/2019,12:24:06 pm,0,814.52,10.058
9/2/2019,12:54:06 pm,0,814.54,9.927
9/2/2019,01:24:06 pm,0,814.76,9.798
9/2/2019,01:54:06 pm,0,814.97,9.691
9/2/2019,02:24:06 pm,0,815.11,9.577
9/2/2019,02:54:06 pm,0,815.17,9.483
9/2/2019,03:24:06 pm,0,815.26,9.405
9/2/2019,03:54:06 pm,0,815.29,9.371
9/2/2019,04:24:06 pm,0,815.37,9.393
9/2/2019,04:54:06 pm,0,815.38,9.488
9/2/2019,05:24:06 pm,0,815.48,9.645
9/2/2019,05:54:06 pm,0,815.50,9.928
9/2/2019,06:24:06 pm,0,815.47,10.262
9/2/2019,06:54:06 pm,0,815.54,10.662
9/2/2019,07:24:06 pm,0,815.42,11.237
9/2/2019,07:54:06 pm,0,815.28,11.958
9/2/2019,08:24:06 pm,0,815.24,12.675
9/2/2019,08:54:06 pm,0,814.97,13.377
9/2/2019,09:24:06 pm,0,814.64,13.957
9/2/2019,09:54:06 pm,0,814.49,14.367
9/2/2019,10:24:06 pm,0,814.36,14.561
9/2/2019,10:54:06 pm,0,814.06,14.701
9/2/2019,11:24:06 pm,0,813.88,14.727
9/2/2019,11:54:06 pm,0,813.85,14.698
9/3/2019,12:24:06 am,0,813.76,14.610
9/3/2019,12:54:06 am,0,813.79,14.520
9/3/2019,01:24:06 am,0,813.62,14.453
9/3/2019,01:54:06 am,0,813.68,14.355
9/3/2019,02:24:06 am,0,813.91,14.252
9/3/2019,02:54:06 am,0,814.09,14.129
9/3/2019,03:24:06 am,0,814.30,13.972
9/3/2019,03:54:06 am,0,814.52,13.799
9/3/2019,04:24:06 am,0,814.68,13.636
9/3/2019,04:54:06 am,0,814.70,13.449
9/3/2019,05:24:06 am,0,814.73,13.273
9/3/2019,05:54:06 am,0,814.72,13.073
9/3/2019,06:24:06 am,0,814.74,12.889
9/3/2019,06:54:06 am,0,814.78,12.682
9/3/2019,07:24:06 am,0,814.87,12.507
9/3/2019,07:54:06 am,0,814.87,12.290
9/3/2019,08:24:06 am,0,814.94,12.089
9/3/2019,08:54:06 am,0,814.96,11.904
9/3/2019,09:24:06 am,0,814.94,11.695
9/3/2019,09:54:06 am,0,814.83,11.503
9/3/2019,10:24:06 am,0,814.78,11.326
9/3/2019,10:54:06 am,0,814.71,11.151
9/3/2019,11:24:06 am,0,814.68,10.979
9/3/2019,11:54:06 am,0,814.73,10.796
9/3/2019,12:24:06 pm,0,814.67,10.628
9/3/2019,12:54:06 pm,0,814.95,10.466
9/3/2019,01:24:06 pm,0,815.17,10.299
9/3/2019,01:54:06 pm,0,815.27,10.149
9/3/2019,02:24:06 pm,0,815.37,9.997
9/3/2019,02:54:06 pm,0,815.48,9.864
9/3/2019,03:24:06 pm,0,815.49,9.755
9/3/2019,03:54:06 pm,0,815.54,9.701
9/3/2019,04:24:06 pm,0,815.47,9.709
9/3/2019,04:54:06 pm,0,815.48,9.793
9/3/2019,05:24:06 pm,0,815.55,9.955
9/3/2019,05:54:06 pm,0,815.51,10.259
9/3/2019,06:24:06 pm,0,815.53,10.612
9/3/2019,06:54:06 pm,0,815.32,10.967
9/3/2019,07:24:06 pm,0,815.17,11.467
9/3/2019,07:54:06 pm,0,814.92,12.126
9/3/2019,08:24:06 pm,0,814.73,12.834
9/3/2019,08:54:06 pm,0,814.44,13.257
9/3/2019,09:24:06 pm,0,814.32,13.723
9/3/2019,09:54:06 pm,0,814.35,13.817
9/3/2019,10:24:06 pm,0,814.46,13.763
9/3/2019,10:54:06 pm,0,815.69,12.370
9/3/2019,11:24:06 pm,0,816.89,12.337
9/3/2019,11:54:06 pm,0,815.93,12.675
9/4/2019,12:24:06 am,0,815.04,12.814
9/4/2019,12:54:06 am,0,814.97,12.947
9/4/2019,01:24:06 am,0,814.76,13.098
9/4/2019,01:54:06 am,0,814.66,13.135
9/4/2019,02:24:06 am,0,814.55,13.070
9/4/2019,02:54:06 am,0,814.70,12.997
9/4/2019,03:24:06 am,0,814.93,12.907
9/4/2019,03:54:06 am,0,815.22,12.806
9/4/2019,04:24:06 am,0,815.32,12.719
9/4/2019,04:54:06 am,0,815.14,12.634
9/4/2019,05:24:06 am,0,814.94,12.522
9/4/2019,05:54:06 am,0,814.90,12.385
9/4/2019,06:24:06 am,0,814.82,12.219
9/4/2019,06:54:06 am,0,814.76,12.041
9/4/2019,07:24:06 am,0,814.68,11.871
9/4/2019,07:54:06 am,0,814.56,11.689
9/4/2019,08:24:06 am,0,814.49,11.518
9/4/2019,08:54:06 am,0,814.41,11.352
9/4/2019,09:24:06 am,0,814.20,11.187
9/4/2019,09:54:06 am,0,814.04,11.030
9/4/2019,10:24:06 am,0,813.86,10.876
9/4/2019,10:54:06 am,0,813.76,10.741
9/4/2019,11:24:06 am,0,813.68,10.617
9/4/2019,11:54:06 am,0,813.64,10.512
9/4/2019,12:24:06 pm,0,813.60,10.420
9/4/2019,12:54:06 pm,0,813.61,10.318
9/4/2019,01:24:06 pm,0,813.72,10.208
9/4/2019,01:54:06 pm,0,813.76,10.112
9/4/2019,02:24:06 pm,0,813.87,10.038
9/4/2019,02:54:06 pm,0,813.92,9.993
9/4/2019,03:24:06 pm,0,814.07,9.973
9/4/2019,03:54:06 pm,0,814.11,9.986
9/4/2019,04:24:06 pm,0,814.15,10.037
9/4/2019,04:54:06 pm,0,814.24,10.147
9/4/2019,05:24:06 pm,0,814.21,10.320
9/4/2019,05:54:06 pm,0,814.22,10.598
9/4/2019,06:24:06 pm,0,814.04,10.942
9/4/2019,06:54:06 pm,0,813.86,11.399
9/4/2019,07:24:06 pm,0,813.71,12.007
9/4/2019,07:54:06 pm,0,813.54,12.743
9/4/2019,08:24:06 pm,0,813.47,13.382
9/4/2019,08:54:06 pm,0,813.40,13.964
9/4/2019,09:24:06 pm,0,813.41,14.118
9/4/2019,09:54:06 pm,0,813.10,14.355
9/4/2019,10:24:06 pm,0,813.04,14.501
9/4/2019,10:54:06 pm,0,813.06,14.583
9/4/2019,11:24:06 pm,0,812.95,14.543
9/4/2019,11:54:06 pm,0,812.78,14.510
9/5/2019,12:24:06 am,0,812.78,14.494
9/5/2019,12:54:06 am,0,812.78,14.442
9/5/2019,01:24:06 am,0,812.77,14.324
9/5/2019,01:54:06 am,0,812.85,14.189
9/5/2019,02:24:06 am,0,813.00,14.078
9/5/2019,02:54:06 am,0,813.19,13.966
9/5/2019,03:24:06 am,0,813.38,13.826
9/5/2019,03:54:06 am,0,813.57,13.660
9/5/2019,04:24:06 am,0,813.64,13.491
9/5/2019,04:54:06 am,0,813.70,13.315
9/5/2019,05:24:06 am,0,813.65,13.127
9/5/2019,05:54:06 am,0,813.78,12.948
9/5/2019,06:24:06 am,0,813.75,12.764
9/5/2019,06:54:06 am,0,813.93,12.570
9/5/2019,07:24:06 am,0,813.90,12.386
9/5/2019,07:54:06 am,0,813.93,12.197
9/5/2019,08:24:06 am,0,813.83,12.016
9/5/2019,08:54:06 am,0,813.86,11.850
9/5/2019,09:24:06 am,0,813.82,11.682
9/5/2019,09:54:06 am,0,813.72,11.532
9/5/2019,10:24:06 am,0,813.64,11.380
9/5/2019,10:54:06 am,0,813.58,11.231
9/5/2019,11:24:06 am,0,813.65,11.087
9/5/2019,11:54:06 am,0,813.80,10.936
9/5/2019,12:24:06 pm,0,813.86,10.798
9/5/2019,12:54:06 pm,0,814.06,10.667
9/5/2019,01:24:06 pm,0,814.33,10.532
9/5/2019,01:54:06 pm,0,814.53,10.397
9/5/2019,02:24:06 pm,0,814.80,10.266
9/5/2019,02:54:06 pm,0,814.85,10.155
9/5/2019,03:24:06 pm,0,814.84,10.096
9/5/2019,03:54:06 pm,0,814.93,10.132
9/5/2019,04:24:06 pm,0,814.86,10.217
9/5/2019,04:54:06 pm,0,814.88,10.311
9/5/2019,05:24:06 pm,0,815.08,10.480
9/5/2019,05:54:06 pm,0,815.25,10.688
9/5/2019,06:24:06 pm,0,815.24,10.892
9/5/2019,06:54:06 pm,0,815.54,11.018
9/5/2019,07:24:06 pm,0,815.42,11.281
9/5/2019,07:54:06 pm,0,815.50,11.586
9/5/2019,08:24:06 pm,0,815.34,11.933
9/5/2019,08:54:06 pm,0,815.22,12.156
9/5/2019,09:24:06 pm,0,815.32,12.242
9/5/2019,09:54:06 pm,0,815.28,12.360
9/5/2019,10:24:06 pm,0,814.88,12.474
9/5/2019,10:54:06 pm,0,814.73,12.556
9/5/2019,11:24:06 pm,0,814.48,12.661
9/5/2019,11:54:06 pm,0,814.55,12.716
9/6/2019,12:24:06 am,0,814.58,12.700
9/6/2019,12:54:06 am,0,814.56,12.648
9/6/2019,01:24:06 am,0,814.54,12.618
9/6/2019,01:54:06 am,0,814.73,12.613
9/6/2019,02:24:06 am,0,814.92,12.591
9/6/2019,02:54:06 am,0,815.04,12.537
9/6/2019,03:24:06 am,0,815.29,12.466
9/6/2019,03:54:06 am,0,815.64,12.393
9/6/2019,04:24:06 am,0,815.78,12.303
9/6/2019,04:54:06 am,0,815.88,12.199
9/6/2019,05:24:06 am,0,816.06,12.095
9/6/2019,05:54:06 am,0,816.06,11.997
9/6/2019,06:24:06 am,0,816.12,11.887
9/6/2019,06:54:06 am,0,816.17,11.791
9/6/2019,07:24:06 am,0,816.70,11.690
9/6/2019,07:54:06 am,0,816.86,11.607
9/6/2019,08:24:06 am,0,817.00,11.531
9/6/2019,08:54:06 am,0,816.65,11.447
9/6/2019,09:24:06 am,0,816.67,11.365
9/6/2019,09:54:06 am,0,816.55,11.294
9/6/2019,10:24:06 am,0,816.29,11.242
9/6/2019,10:54:06 am,0,816.44,11.195
9/6/2019,11:24:06 am,0,816.61,11.141
9/6/2019,11:54:06 am,0,816.56,11.078
9/6/2019,12:24:06 pm,0,816.64,11.003
9/6/2019,12:54:06 pm,0,816.75,10.919
9/6/2019,01:24:06 pm,0,816.85,10.831
9/6/2019,01:54:06 pm,0,816.95,10.750
9/6/2019,02:24:06 pm,0,817.25,10.686
9/6/2019,02:54:06 pm,0,817.47,10.668
9/6/2019,03:24:06 pm,0,817.63,10.695
9/6/2019,03:54:06 pm,0,817.73,10.731
9/6/2019,04:24:06 pm,0,817.87,10.765
9/6/2019,04:54:06 pm,0,817.92,10.800
9/6/2019,05:24:06 pm,0,818.02,10.834
9/6/2019,05:54:06 pm,0,818.08,10.979
9/6/2019,06:24:06 pm,0,818.12,11.231
9/6/2019,06:54:06 pm,0,818.07,11.499
9/6/2019,07:24:06 pm,0,818.07,11.930
9/6/2019,07:54:06 pm,0,817.93,12.521
9/6/2019,08:24:06 pm,0,817.83,13.180
9/6/2019,08:54:06 pm,0,817.57,13.796
9/6/2019,09:24:06 pm,0,817.43,14.321
9/6/2019,09:54:06 pm,0,817.15,14.657
9/6/2019,10:24:06 pm,0,816.92,14.847
9/6/2019,10:54:06 pm,0,816.81,14.955
9/6/2019,11:24:06 pm,0,816.78,15.048
9/6/2019,11:54:06 pm,0,816.70,15.082
9/7/2019,12:24:06 am,0,816.62,14.988
9/7/2019,12:54:06 am,0,816.53,14.827
9/7/2019,01:24:06 am,0,816.49,14.652
9/7/2019,01:54:06 am,0,816.47,14.497
9/7/2019,02:24:06 am,0,816.40,14.342
9/7/2019,02:54:06 am,0,816.42,14.178
9/7/2019,03:24:06 am,0,816.54,13.999
9/7/2019,03:54:06 am,0,816.58,13.791
9/7/2019,04:24:06 am,0,816.52,13.580
9/7/2019,04:54:06 am,0,816.51,13.349
9/7/2019,05:24:06 am,0,816.43,13.115
9/7/2019,05:54:06 am,0,816.45,12.881
9/7/2019,06:24:06 am,0,816.23,12.658
9/7/2019,06:54:06 am,0,816.18,12.441
9/7/2019,07:24:06 am,0,815.89,12.230
9/7/2019,07:54:06 am,0,815.65,12.025
9/7/2019,08:24:06 am,0,815.52,11.840
9/7/2019,08:54:06 am,0,815.39,11.651
9/7/2019,09:24:06 am,0,815.38,11.475
9/7/2019,09:54:06 am,0,815.13,11.305
9/7/2019,10:24:06 am,0,815.03,11.143
9/7/2019,10:54:06 am,0,814.78,10.979
9/7/2019,11:24:06 am,0,814.85,10.814
9/7/2019,11:54:06 am,0,814.86,10.669
9/7/2019,12:24:06 pm,0,814.54,10.520
9/7/2019,12:54:06 pm,0,814.56,10.375
9/7/2019,01:24:06 pm,0,814.57,10.224
9/7/2019,01:54:06 pm,0,814.70,10.085
9/7/2019,02:24:06 pm,0,814.78,9.954
9/7/2019,02:54:06 pm,0,814.65,9.842
9/7/2019,03:24:06 pm,0,814.59,9.748
9/7/2019,03:54:06 pm,0,814.49,9.712
9/7/2019,04:24:06 pm,0,814.43,9.753
9/7/2019,04:54:06 pm,0,814.27,9.850
9/7/2019,05:24:06 pm,0,814.07,10.032
9/7/2019,05:54:06 pm,0,813.86,10.307
9/7/2019,06:24:06 pm,0,813.69,10.628
9/7/2019,06:54:06 pm,0,813.37,11.006
9/7/2019,07:24:06 pm,0,813.14,11.450
9/7/2019,07:54:06 pm,0,812.87,11.980
9/7/2019,08:24:06 pm,0,812.50,12.524
9/7/2019,08:54:06 pm,0,812.33,12.814
9/7/2019,09:24:06 pm,0,812.21,13.091
9/7/2019,09:54:06 pm,0,811.70,13.408
9/7/2019,10:24:06 pm,0,811.27,13.684
9/7/2019,10:54:06 pm,0,811.00,13.855
9/7/2019,11:24:06 pm,0,810.38,13.986
9/7/2019,11:54:06 pm,0,810.18,14.031
9/8/2019,12:24:06 am,0,809.96,13.983
9/8/2019,12:54:06 am,0,809.66,13.868
9/8/2019,01:24:06 am,0,809.35,13.734
9/8/2019,01:54:06 am,0,808.88,13.561
9/8/2019,02:24:06 am,0,808.75,13.346
9/8/2019,02:54:06 am,0,808.78,13.109
9/8/2019,03:24:06 am,0,808.90,12.884
9/8/2019,03:54:06 am,0,809.02,12.672
9/8/2019,04:24:06 am,0,808.80,12.463
9/8/2019,04:54:06 am,0,808.37,12.248
9/8/2019,05:24:06 am,0,808.25,12.029
9/8/2019,05:54:06 am,0,808.26,11.816
9/8/2019,06:24:06 am,0,808.32,11.602
9/8/2019,06:54:06 am,0,808.23,11.361
9/8/2019,07:24:06 am,0,808.17,11.100
9/8/2019,07:54:06 am,0,808.20,10.832
9/8/2019,08:24:06 am,0,808.20,10.597
9/8/2019,08:54:06 am,0,808.27,10.343
9/8/2019,09:24:06 am,0,808.28,10.082
9/8/2019,09:54:06 am,0,808.24,9.825
9/8/2019,10:24:06 am,0,808.17,9.566
9/8/2019,10:54:06 am,0,808.04,9.303
9/8/2019,11:24:06 am,0,807.99,9.024
9/8/2019,11:54:06 am,0,808.08,8.771
9/8/2019,12:24:06 pm,0,808.10,8.515
9/8/2019,12:54:06 pm,0,808.20,8.248
9/8/2019,01:24:06 pm,0,808.28,7.989
9/8/2019,01:54:06 pm,0,808.36,7.739
9/8/2019,02:24:06 pm,0,808.61,7.512
9/8/2019,02:54:06 pm,0,808.62,7.297
9/8/2019,03:24:06 pm,0,808.81,7.109
9/8/2019,03:54:06 pm,0,808.69,6.952
9/8/2019,04:24:06 pm,0,808.63,6.861
9/8/2019,04:54:06 pm,0,808.64,6.847
9/8/2019,05:24:06 pm,0,808.63,6.919
9/8/2019,05:54:06 pm,0,808.73,7.075
9/8/2019,06:24:06 pm,0,808.70,7.322
9/8/2019,06:54:06 pm,0,808.65,7.689
9/8/2019,07:24:06 pm,0,808.71,8.191
9/8/2019,07:54:06 pm,0,808.76,8.809
9/8/2019,08:24:06 pm,0,808.78,9.536
9/8/2019,08:54:06 pm,0,808.64,10.236
9/8/2019,09:24:06 pm,0,808.55,10.806
9/8/2019,09:54:06 pm,0,808.53,11.270
9/8/2019,10:24:06 pm,0,808.44,11.555
9/8/2019,10:54:06 pm,0,808.36,11.637
9/8/2019,11:24:06 pm,0,808.32,11.678
9/8/2019,11:54:06 pm,0,808.25,11.728
9/9/2019,12:24:06 am,0,808.24,11.709
9/9/2019,12:54:06 am,0,808.23,11.620
9/9/2019,01:24:06 am,0,808.22,11.503
9/9/2019,01:54:06 am,0,808.16,11.382
9/9/2019,02:24:06 am,0,808.23,11.258
9/9/2019,02:54:06 am,0,808.40,11.117
9/9/2019,03:24:06 am,0,808.53,10.966
9/9/2019,03:54:06 am,0,808.69,10.817
9/9/2019,04:24:06 am,0,808.84,10.661
9/9/2019,04:54:06 am,0,808.74,10.480
9/9/2019,05:24:06 am,0,808.79,10.284
9/9/2019,05:54:06 am,0,808.78,10.087
9/9/2019,06:24:06 am,0,808.57,9.875
9/9/2019,06:54:06 am,0,808.44,9.653
9/9/2019,07:24:06 am,0,808.44,9.436
9/9/2019,07:54:06 am,0,808.44,9.224
9/9/2019,08:24:06 am,0,808.38,9.008
9/9/2019,08:54:06 am,0,808.18,8.774
9/9/2019,09:24:06 am,0,807.96,8.560
9/9/2019,09:54:06 am,0,807.86,8.314
9/9/2019,10:24:06 am,0,807.64,8.083
9/9/2019,10:54:06 am,0,807.63,7.851
9/9/2019,11:24:06 am,0,807.51,7.644
9/9/2019,11:54:06 am,0,807.40,7.418
9/9/2019,12:24:06 pm,0,807.27,7.214
9/9/2019,12:54:06 pm,0,807.00,6.984
9/9/2019,01:24:06 pm,0,806.99,6.774
9/9/2019,01:54:06 pm,0,807.21,6.581
9/9/2019,02:24:06 pm,0,807.33,6.391
9/9/2019,02:54:06 pm,0,807.25,6.202
9/9/2019,03:24:06 pm,0,807.18,6.033
9/9/2019,03:54:06 pm,0,807.23,5.888
9/9/2019,04:24:06 pm,0,807.19,5.787
9/9/2019,04:54:06 pm,0,806.92,5.758
9/9/2019,05:24:06 pm,0,806.73,5.822
9/9/2019,05:54:06 pm,0,806.65,5.986
9/9/2019,06:24:06 pm,0,806.77,6.215
9/9/2019,06:54:06 pm,0,806.66,6.568
9/9/2019,07:24:06 pm,0,806.60,7.107
9/9/2019,07:54:06 pm,0,806.50,7.694
9/9/2019,08:24:06 pm,0,806.28,8.365
9/9/2019,08:54:06 pm,0,806.02,9.081
9/9/2019,09:24:06 pm,0,805.81,9.712
9/9/2019,09:54:06 pm,0,805.59,10.219
9/9/2019,10:24:06 pm,0,805.38,10.538
9/9/2019,10:54:06 pm,0,805.23,10.610
9/9/2019,11:24:06 pm,0,805.02,10.603
9/9/2019,11:54:06 pm,0,805.00,10.618
9/10/2019,12:24:06 am,0,804.91,10.613
9/10/2019,12:54:06 am,0,804.85,10.548
9/10/2019,01:24:06 am,0,804.68,10.428
9/10/2019,01:54:06 am,0,804.48,10.302
9/10/2019,02:24:06 am,0,804.64,10.168
9/10/2019,02:54:06 am,0,804.75,10.025
9/10/2019,03:24:06 am,0,804.73,9.898
9/10/2019,03:54:06 am,0,804.41,9.773
9/10/2019,04:24:06 am,0,804.40,9.641
9/10/2019,04:54:06 am,0,804.33,9.487
9/10/2019,05:24:06 am,0,804.38,9.327
9/10/2019,05:54:06 am,0,804.20,9.164
9/10/2019,06:24:06 am,0,804.39,8.987
9/10/2019,06:54:06 am,0,804.29,8.800
9/10/2019,07:24:06 am,0,804.16,8.589
9/10/2019,07:54:06 am,0,804.10,8.353
9/10/2019,08:24:06 am,0,804.15,8.113
9/10/2019,08:54:06 am,0,804.01,7.896
9/10/2019,09:24:06 am,0,803.93,7.659
9/10/2019,09:54:06 am,0,803.90,7.432
9/10/2019,10:24:06 am,0,803.83,7.206
9/10/2019,10:54:06 am,0,803.69,7.004
9/10/2019,11:24:06 am,0,803.57,6.797
9/10/2019,11:54:06 am,0,803.34,6.572
9/10/2019,12:24:06 pm,0,802.98,6.389
9/10/2019,12:54:06 pm,0,803.06,6.192
9/10/2019,01:24:06 pm,0,803.20,5.971
9/10/2019,01:54:06 pm,0,803.48,5.767
9/10/2019,02:24:06 pm,0,803.73,5.573
9/10/2019,02:54:06 pm,0,803.70,5.389
9/10/2019,03:24:06 pm,0,803.57,5.210
9/10/2019,03:54:06 pm,0,803.65,5.054
9/10/2019,04:24:06 pm,0,803.77,4.935
9/10/2019,04:54:06 pm,0,803.79,4.875
9/10/2019,05:24:06 pm,0,803.84,4.892
9/10/2019,05:54:06 pm,0,803.96,4.956
9/10/2019,06:24:06 pm,0,803.89,5.121
9/10/2019,06:54:06 pm,0,804.16,5.414
9/10/2019,07:24:06 pm,0,804.05,5.946
9/10/2019,07:54:06 pm,0,803.95,6.531
9/10/2019,08:24:06 pm,0,803.77,7.171
9/10/2019,08:54:06 pm,0,803.69,7.830
9/10/2019,09:24:06 pm,0,803.70,8.485
9/10/2019,09:54:06 pm,0,803.60,9.039
9/10/2019,10:24:06 pm,0,803.61,9.443
9/10/2019,10:54:06 pm,0,803.51,9.575
9/10/2019,11:24:06 pm,0,803.60,9.573
9/10/2019,11:54:06 pm,0,803.68,9.576
9/11/2019,12:24:06 am,0,803.79,9.564
9/11/2019,12:54:06 am,0,803.62,9.509
9/11/2019,01:24:06 am,0,803.67,9.410
9/11/2019,01:54:06 am,0,803.80,9.262
9/11/2019,02:24:06 am,0,804.16,9.116
9/11/2019,02:54:06 am,0,804.25,8.947
9/11/2019,03:24:06 am,0,804.45,8.800
9/11/2019,03:54:06 am,0,804.70,8.648
9/11/2019,04:24:06 am,0,804.92,8.519
9/11/2019,04:54:06 am,0,804.94,8.392
9/11/2019,05:24:06 am,0,804.98,8.243
9/11/2019,05:54:06 am,0,805.16,8.113
9/11/2019,06:24:06 am,0,805.15,7.946
9/11/2019,06:54:06 am,0,805.35,7.785
9/11/2019,07:24:06 am,0,805.47,7.599
9/11/2019,07:54:06 am,0,805.59,7.409
9/11/2019,08:24:06 am,0,805.90,7.218
9/11/2019,08:54:06 am,0,805.91,7.034
9/11/2019,09:24:06 am,0,805.87,6.839
9/11/2019,09:54:06 am,0,805.86,6.646
9/11/2019,10:24:06 am,0,806.04,6.452
9/11/2019,10:54:06 am,0,806.18,6.270
9/11/2019,11:24:06 am,0,806.28,6.092
9/11/2019,11:54:06 am,0,806.56,5.893
9/11/2019,12:24:06 pm,0,806.65,5.693
9/11/2019,12:54:06 pm,0,806.91,5.504
9/11/2019,01:24:06 pm,0,807.19,5.318
9/11/2019,01:54:06 pm,0,807.46,5.136
9/11/2019,02:24:06 pm,0,807.77,4.945
9/11/2019,02:54:06 pm,0,808.09,4.774
9/11/2019,03:24:06 pm,0,808.28,4.604
9/11/2019,03:54:06 pm,0,808.65,4.444
9/11/2019,04:24:06 pm,0,808.78,4.329
9/11/2019,04:54:06 pm,0,808.98,4.266
9/11/2019,05:24:06 pm,0,809.09,4.311
9/11/2019,05:54:06 pm,0,809.36,4.380
9/11/2019,06:24:06 pm,0,809.58,4.553
9/11/2019,06:54:06 pm,0,809.69,4.898
9/11/2019,07:24:06 pm,0,809.76,5.503
9/11/2019,07:54:06 pm,0,809.65,6.114
9/11/2019,08:24:06 pm,0,809.66,6.756
9/11/2019,08:54:06 pm,0,809.49,7.454
9/11/2019,09:24:06 pm,0,809.46,8.131
9/11/2019,09:54:06 pm,0,809.25,8.723
9/11/2019,10:24:06 pm,0,809.20,9.167
9/11/2019,10:54:06 pm,0,809.18,9.315
9/11/2019,11:24:06 pm,0,809.20,9.320
9/11/2019,11:54:06 pm,0,809.34,9.335
9/12/2019,12:24:06 am,0,809.52,9.356
9/12/2019,12:54:06 am,0,809.58,9.342
9/12/2019,01:24:06 am,0,809.55,9.291
9/12/2019,01:54:06 am,0,809.67,9.214
9/12/2019,02:24:06 am,0,809.74,9.131
9/12/2019,02:54:06 am,0,809.87,9.013
9/12/2019,03:24:06 am,0,810.08,8.869
9/12/2019,03:54:06 am,0,810.14,8.745
9/12/2019,04:24:06 am,0,810.47,8.626
9/12/2019,04:54:06 am,0,810.62,8.509
9/12/2019,05:24:06 am,0,810.84,8.403
9/12/2019,05:54:06 am,0,810.87,8.296
9/12/2019,06:24:06 am,0,810.96,8.184
9/12/2019,06:54:06 am,0,810.88,8.083
9/12/2019,07:24:06 am,0,810.93,7.974
9/12/2019,07:54:06 am,0,811.09,7.860
9/12/2019,08:24:06 am,0,811.18,7.743
9/12/2019,08:54:06 am,0,811.19,7.617
9/12/2019,09:24:06 am,0,811.31,7.488
9/12/2019,09:54:06 am,0,811.36,7.337
9/12/2019,10:24:06 am,0,811.49,7.202
9/12/2019,10:54:06 am,0,811.59,7.052
9/12/2019,11:24:06 am,0,811.75,6.903
9/12/2019,11:54:06 am,0,811.75,6.760
9/12/2019,12:24:06 pm,0,812.09,6.611
9/12/2019,12:54:06 pm,0,812.21,6.456
9/12/2019,01:24:06 pm,0,812.48,6.305
9/12/2019,01:54:06 pm,0,812.66,6.166
9/12/2019,02:24:06 pm,0,812.91,6.028
9/12/2019,02:54:06 pm,0,813.14,5.904
9/12/2019,03:24:06 pm,0,813.24,5.776
9/12/2019,03:54:06 pm,0,813.51,5.680
9/12/2019,04:24:06 pm,0,813.61,5.607
9/12/2019,04:54:06 pm,0,813.61,5.589
9/12/2019,05:24:06 pm,0,813.59,5.662
9/12/2019,05:54:06 pm,0,813.58,5.747
9/12/2019,06:24:06 pm,0,813.45,5.927
9/12/2019,06:54:06 pm,0,813.39,6.290
9/12/2019,07:24:06 pm,0,813.28,6.866
9/12/2019,07:54:06 pm,0,813.21,7.462
9/12/2019,08:24:06 pm,0,813.06,8.108
9/12/2019,08:54:06 pm,0,812.74,8.842
9/12/2019,09:24:06 pm,0,812.58,9.492
9/12/2019,09:54:06 pm,0,812.31,10.054
9/12/2019,10:24:06 pm,0,812.13,10.451
9/12/2019,10:54:06 pm,0,811.89,10.556
9/12/2019,11:24:06 pm,0,811.80,10.544
9/12/2019,11:54:06 pm,0,811.65,10.543
9/13/2019,12:24:06 am,0,811.56,10.549
9/13/2019,12:54:06 am,0,811.60,10.513
9/13/2019,01:24:06 am,0,811.68,10.434
9/13/2019,01:54:06 am,0,811.73,10.332
9/13/2019,02:24:06 am,0,811.77,10.204
9/13/2019,02:54:06 am,0,811.84,10.041
9/13/2019,03:24:06 am,0,812.09,9.880
9/13/2019,03:54:06 am,0,812.11,9.714
9/13/2019,04:24:06 am,0,812.16,9.542
9/13/2019,04:54:06 am,0,812.18,9.388
9/13/2019,05:24:06 am,0,812.22,9.243
9/13/2019,05:54:06 am,0,812.15,9.114
9/13/2019,06:24:06 am,0,812.19,8.992
9/13/2019,06:54:06 am,0,812.26,8.885
9/13/2019,07:24:06 am,0,812.32,8.756
9/13/2019,07:54:06 am,0,812.37,8.626
9/13/2019,08:24:06 am,0,812.44,8.490
9/13/2019,08:54:06 am,0,812.50,8.348
9/13/2019,09:24:06 am,0,812.47,8.204
9/13/2019,09:54:06 am,0,812.46,8.065
9/13/2019,10:24:06 am,0,812.48,7.923
9/13/2019,10:54:06 am,0,812.40,7.772
9/13/2019,11:24:06 am,0,812.54,7.634
9/13/2019,11:54:06 am,0,812.52,7.484
9/13/2019,12:24:06 pm,0,812.59,7.334
9/13/2019,12:54:06 pm,0,812.65,7.178
9/13/2019,01:24:06 pm,0,812.70,7.019
9/13/2019,01:54:06 pm,0,812.93,6.873
9/13/2019,02:24:06 pm,0,813.08,6.740
9/13/2019,02:54:06 pm,0,813.11,6.619
9/13/2019,03:24:06 pm,0,813.20,6.483
9/13/2019,03:54:06 pm,0,813.21,6.386
9/13/2019,04:24:06 pm,0,813.18,6.321
9/13/2019,04:54:06 pm,0,813.21,6.310
9/13/2019,05:24:06 pm,0,813.33,6.393
9/13/2019,05:54:06 pm,0,813.34,6.495
9/13/2019,06:24:06 pm,0,813.25,6.698
9/13/2019,06:54:06 pm,0,813.13,7.078
9/13/2019,07:24:06 pm,0,812.91,7.666
9/13/2019,07:54:06 pm,0,812.80,8.276
9/13/2019,08:24:06 pm,0,812.49,8.946
9/13/2019,08:54:06 pm,0,812.27,9.620
9/13/2019,09:24:06 pm,0,812.09,10.256
9/13/2019,09:54:06 pm,0,811.82,10.792
9/13/2019,10:24:06 pm,0,811.72,11.199
9/13/2019,10:54:06 pm,0,811.56,11.315
9/13/2019,11:24:06 pm,0,811.50,11.281
9/13/2019,11:54:06 pm,0,811.56,11.247
9/14/2019,12:24:06 am,0,811.50,11.239
9/14/2019,12:54:06 am,0,811.47,11.201
9/14/2019,01:24:06 am,0,811.41,11.126
9/14/2019,01:54:06 am,0,811.38,11.030
9/14/2019,02:24:06 am,0,811.56,10.909
9/14/2019,02:54:06 am,0,811.72,10.751
9/14/2019,03:24:06 am,0,811.95,10.580
9/14/2019,03:54:06 am,0,812.03,10.408
9/14/2019,04:24:06 am,0,812.11,10.222
9/14/2019,04:54:06 am,0,812.09,10.038
9/14/2019,05:24:06 am,0,812.00,9.885
9/14/2019,05:54:06 am,0,812.03,9.735
9/14/2019,06:24:06 am,0,811.93,9.589
9/14/2019,06:54:06 am,0,811.85,9.446
9/14/2019,07:24:06 am,0,811.84,9.297
9/14/2019,07:54:06 am,0,811.86,9.163
9/14/2019,08:24:06 am,0,811.86,9.015
9/14/2019,08:54:06 am,0,811.77,8.863
9/14/2019,09:24:06 am,0,811.67,8.719
9/14/2019,09:54:06 am,0,811.54,8.568
9/14/2019,10:24:06 am,0,811.46,8.413
9/14/2019,10:54:06 am,0,811.45,8.246
9/14/2019,11:24:06 am,0,811.44,8.107
9/14/2019,11:54:06 am,0,811.37,7.961
9/14/2019,12:24:06 pm,0,811.39,7.814
9/14/2019,12:54:06 pm,0,811.50,7.678
9/14/2019,01:24:06 pm,0,811.61,7.525
9/14/2019,01:54:06 pm,0,811.82,7.390
9/14/2019,02:24:06 pm,0,811.92,7.281
9/14/2019,02:54:06 pm,0,811.94,7.184
9/14/2019,03:24:06 pm,0,811.97,7.081
9/14/2019,03:54:06 pm,0,812.06,6.983
9/14/2019,04:24:06 pm,0,811.99,6.897
9/14/2019,04:54:06 pm,0,812.06,6.842
9/14/2019,05:24:06 pm,0,812.01,6.901
9/14/2019,05:54:06 pm,0,811.98,6.959
9/14/2019,06:24:06 pm,0,811.85,7.106
9/14/2019,06:54:06 pm,0,811.79,7.437
9/14/2019,07:24:06 pm,0,811.58,8.003
9/14/2019,07:54:06 pm,0,811.35,8.586
9/14/2019,08:24:06 pm,0,811.16,9.224
9/14/2019,08:54:06 pm,0,810.96,9.917
9/14/2019,09:24:06 pm,0,810.85,10.548
9/14/2019,09:54:06 pm,0,810.64,11.148
9/14/2019,10:24:06 pm,0,810.49,11.596
9/14/2019,10:54:06 pm,0,810.27,11.733
9/14/2019,11:24:06 pm,0,810.26,11.704
9/14/2019,11:54:06 pm,0,810.04,11.660
9/15/2019,12:24:06 am,0,809.93,11.618
9/15/2019,12:54:06 am,0,809.78,11.580
9/15/2019,01:24:06 am,0,809.71,11.485
9/15/2019,01:54:06 am,0,809.72,11.368
9/15/2019,02:24:06 am,0,809.68,11.233
9/15/2019,02:54:06 am,0,809.80,11.063
9/15/2019,03:24:06 am,0,809.90,10.845
9/15/2019,03:54:06 am,0,809.99,10.658
9/15/2019,04:24:06 am,0,810.01,10.467
9/15/2019,04:54:06 am,0,809.81,10.286
9/15/2019,05:24:06 am,0,809.76,10.118
9/15/2019,05:54:06 am,0,809.56,9.940
9/15/2019,06:24:06 am,0,809.38,9.770
9/15/2019,06:54:06 am,0,809.48,9.612
9/15/2019,07:24:06 am,0,809.44,9.448
9/15/2019,07:54:06 am,0,809.45,9.280
9/15/2019,08:24:06 am,0,809.44,9.106
9/15/2019,08:54:06 am,0,809.23,8.909
9/15/2019,09:24:06 am,0,808.94,8.732
9/15/2019,09:54:06 am,0,808.68,8.549
9/15/2019,10:24:06 am,0,808.55,8.364
9/15/2019,10:54:06 am,0,808.41,8.183
9/15/2019,11:24:06 am,0,808.26,7.998
9/15/2019,11:54:06 am,0,808.19,7.805
9/15/2019,12:24:06 pm,0,808.10,7.615
9/15/2019,12:54:06 pm,0,808.03,7.433
9/15/2019,01:24:06 pm,0,807.98,7.275
9/15/2019,01:54:06 pm,0,808.00,7.087
9/15/2019,02:24:06 pm,0,808.19,6.925
9/15/2019,02:54:06 pm,0,808.20,6.776
9/15/2019,03:24:06 pm,0,808.15,6.653
9/15/2019,03:54:06 pm,0,808.38,6.555
9/15/2019,04:24:06 pm,0,808.37,6.476
9/15/2019,04:54:06 pm,0,808.26,6.436
9/15/2019,05:24:06 pm,0,808.21,6.444
9/15/2019,05:54:06 pm,0,808.06,6.496
9/15/2019,06:24:06 pm,0,807.81,6.610
9/15/2019,06:54:06 pm,0,807.61,6.824
9/15/2019,07:24:06 pm,0,807.50,7.211
9/15/2019,07:54:06 pm,0,807.44,7.529
9/15/2019,08:24:06 pm,0,807.28,7.933
9/15/2019,08:54:06 pm,0,806.85,8.342
9/15/2019,09:24:06 pm,0,806.46,8.862
9/15/2019,09:54:06 pm,0,806.31,9.419
9/15/2019,10:24:06 pm,0,806.05,9.843
9/15/2019,10:54:06 pm,0,805.84,10.116
9/15/2019,11:24:06 pm,0,805.70,10.168
9/15/2019,11:54:06 pm,0,805.57,10.156
9/16/2019,12:24:06 am,0,805.48,10.143
9/16/2019,12:54:06 am,0,805.50,10.147
9/16/2019,01:24:06 am,0,805.36,10.122
9/16/2019,01:54:06 am,0,805.27,10.053
9/16/2019,02:24:06 am,0,805.14,9.918
9/16/2019,02:54:06 am,0,805.06,9.761
9/16/2019,03:24:06 am,0,805.14,9.599
9/16/2019,03:54:06 am,0,805.03,9.437
9/16/2019,04:24:06 am,0,804.95,9.287
9/16/2019,04:54:06 am,0,804.81,9.136
9/16/2019,05:24:06 am,0,804.71,8.987
9/16/2019,05:54:06 am,0,804.55,8.849
9/16/2019,06:24:06 am,0,804.48,8.698
9/16/2019,06:54:06 am,0,804.56,8.546
9/16/2019,07:24:06 am,0,804.45,8.393
9/16/2019,07:54:06 am,0,804.21,8.245
9/16/2019,08:24:06 am,0,804.07,8.110
9/16/2019,08:54:06 am,0,803.86,7.990
9/16/2019,09:24:06 am,0,803.67,7.849
9/16/2019,09:54:06 am,0,803.10,7.716
9/16/2019,10:24:06 am,0,802.99,7.574
9/16/2019,10:54:06 am,0,802.62,7.454
9/16/2019,11:24:06 am,0,802.54,7.312
9/16/2019,11:54:06 am,0,802.35,7.187
9/16/2019,12:24:06 pm,0,802.43,7.055
9/16/2019,12:54:06 pm,0,802.30,6.923
9/16/2019,01:24:06 pm,0,802.19,6.787
9/16/2019,01:54:06 pm,0,802.13,6.665
9/16/2019,02:24:06 pm,0,802.46,6.543
9/16/2019,02:54:06 pm,0,802.60,6.438
9/16/2019,03:24:06 pm,0,802.57,6.362
9/16/2019,03:54:06 pm,0,802.60,6.288
9/16/2019,04:24:06 pm,0,802.64,6.211
9/16/2019,04:54:06 pm,0,802.68,6.158
9/16/2019,05:24:06 pm,0,802.51,6.158
9/16/2019,05:54:06 pm,0,802.41,6.107
9/16/2019,06:24:06 pm,0,802.23,6.148
9/16/2019,06:54:06 pm,0,801.93,6.312
9/16/2019,07:24:06 pm,0,801.94,6.816
9/16/2019,07:54:06 pm,0,802.03,7.301
9/16/2019,08:24:06 pm,0,801.85,7.733
9/16/2019,08:54:06 pm,0,801.84,8.232
9/16/2019,09:24:06 pm,0,801.61,8.742
9/16/2019,09:54:06 pm,0,801.86,9.199
9/16/2019,10:24:06 pm,0,801.84,9.570
9/16/2019,10:54:06 pm,0,801.85,9.550
9/16/2019,11:24:06 pm,0,802.32,9.327
9/16/2019,11:54:06 pm,0,802.80,9.175
9/17/2019,12:24:06 am,0,802.91,9.055
9/17/2019,12:54:06 am,0,802.70,8.932
9/17/2019,01:24:06 am,0,802.39,8.777
9/17/2019,01:54:06 am,0,802.26,8.586
9/17/2019,02:24:06 am,0,802.37,8.410
9/17/2019,02:54:06 am,0,802.45,8.253
9/17/2019,03:24:06 am,0,802.47,8.115
9/17/2019,03:54:06 am,0,802.63,7.975
9/17/2019,04:24:06 am,0,802.38,7.834
9/17/2019,04:54:06 am,0,802.86,7.684
9/17/2019,05:24:06 am,0,802.73,7.547
9/17/2019,05:54:06 am,0,803.10,7.400
9/17/2019,06:24:06 am,0,802.90,7.275
9/17/2019,06:54:06 am,0,803.15,7.160
9/17/2019,07:24:06 am,0,803.11,7.053
9/17/2019,07:54:06 am,0,803.20,6.935
9/17/2019,08:24:06 am,0,803.60,6.810
9/17/2019,08:54:06 am,0,803.63,6.688
9/17/2019,09:24:06 am,0,803.55,6.568
9/17/2019,09:54:06 am,0,803.66,6.440
9/17/2019,10:24:06 am,0,803.78,6.294
9/17/2019,10:54:06 am,0,803.77,6.165
9/17/2019,11:24:06 am,0,803.81,6.021
9/17/2019,11:54:06 am,0,803.89,5.889
9/17/2019,12:24:06 pm,0,804.09,5.759
9/17/2019,12:54:06 pm,0,804.37,5.628
9/17/2019,01:24:06 pm,0,804.81,5.497
9/17/2019,01:54:06 pm,0,805.12,5.388
9/17/2019,02:24:06 pm,0,805.14,5.276
9/17/2019,02:54:06 pm,0,805.58,5.168
9/17/2019,03:24:06 pm,0,805.46,5.067
9/17/2019,03:54:06 pm,0,805.53,4.993
9/17/2019,04:24:06 pm,0,805.59,4.939
9/17/2019,04:54:06 pm,0,805.62,4.919
9/17/2019,05:24:06 pm,0,805.68,4.960
9/17/2019,05:54:06 pm,0,805.75,4.970
9/17/2019,06:24:06 pm,0,805.76,5.049
9/17/2019,06:54:06 pm,0,805.83,5.231
9/17/2019,07:24:06 pm,0,805.80,5.768
9/17/2019,07:54:06 pm,0,805.71,6.344
9/17/2019,08:24:06 pm,0,805.61,6.862
9/17/2019,08:54:06 pm,0,805.51,7.412
9/17/2019,09:24:06 pm,0,805.48,7.981
9/17/2019,09:54:06 pm,0,805.50,8.541
9/17/2019,10:24:06 pm,0,805.46,9.033
9/17/2019,10:54:06 pm,0,805.38,9.303
9/17/2019,11:24:06 pm,0,805.29,9.269
9/17/2019,11:54:06 pm,0,805.29,9.187
9/18/2019,12:24:06 am,0,805.23,9.125
9/18/2019,12:54:06 am,0,805.23,9.084
9/18/2019,01:24:06 am,0,805.20,9.034
9/18/2019,01:54:06 am,0,805.12,8.948
9/18/2019,02:24:06 am,0,805.15,8.836
9/18/2019,02:54:06 am,0,805.14,8.701
9/18/2019,03:24:06 am,0,805.23,8.552
9/18/2019,03:54:06 am,0,805.17,8.383
9/18/2019,04:24:06 am,0,805.21,8.209
9/18/2019,04:54:06 am,0,805.23,8.034
9/18/2019,05:24:06 am,0,805.20,7.865
9/18/2019,05:54:06 am,0,805.14,7.711
9/18/2019,06:24:06 am,0,805.09,7.554
9/18/2019,06:54:06 am,0,804.90,7.410
9/18/2019,07:24:06 am,0,804.82,7.261
9/18/2019,07:54:06 am,0,804.68,7.137
9/18/2019,08:24:06 am,0,804.75,7.014
9/18/2019,08:54:06 am,0,804.50,6.889
9/18/2019,09:24:06 am,0,804.36,6.738
9/18/2019,09:54:06 am,0,804.16,6.599
9/18/2019,10:24:06 am,0,804.20,6.458
9/18/2019,10:54:06 am,0,804.00,6.321
9/18/2019,11:24:06 am,0,803.79,6.183
9/18/2019,11:54:06 am,0,803.71,6.036
9/18/2019,12:24:06 pm,0,803.75,5.883
9/18/2019,12:54:06 pm,0,803.88,5.746
9/18/2019,01:24:06 pm,0,803.95,5.619
9/18/2019,01:54:06 pm,0,804.05,5.484
9/18/2019,02:24:06 pm,0,804.21,5.382
9/18/2019,02:54:06 pm,0,804.33,5.260
9/18/2019,03:24:06 pm,0,804.41,5.163
9/18/2019,03:54:06 pm,0,804.39,5.082
9/18/2019,04:24:06 pm,0,804.49,5.008
9/18/2019,04:54:06 pm,0,804.66,4.975
9/18/2019,05:24:06 pm,0,804.74,5.017
9/18/2019,05:54:06 pm,0,804.57,5.029
9/18/2019,06:24:06 pm,0,804.58,5.116
9/18/2019,06:54:06 pm,0,804.27,5.360
9/18/2019,07:24:06 pm,0,804.09,5.831
9/18/2019,07:54:06 pm,0,804.02,6.429
9/18/2019,08:24:06 pm,0,803.83,6.973
9/18/2019,08:54:06 pm,0,803.67,7.519
9/18/2019,09:24:06 pm,0,803.57,8.021
9/18/2019,09:54:06 pm,0,803.68,8.482
9/18/2019,10:24:06 pm,0,803.41,8.958
9/18/2019,10:54:06 pm,0,803.15,9.189
9/18/2019,11:24:06 pm,0,803.08,9.210
9/18/2019,11:54:06 pm,0,803.03,9.164
9/19/2019,12:24:06 am,0,802.88,9.126
9/19/2019,12:54:06 am,0,802.74,9.068
9/19/2019,01:24:06 am,0,802.72,8.953
9/19/2019,01:54:06 am,0,802.55,8.799
9/19/2019,02:24:06 am,0,802.45,8.637
9/19/2019,02:54:06 am,0,802.41,8.474
9/19/2019,03:24:06 am,0,802.40,8.325
9/19/2019,03:54:06 am,0,802.32,8.172
9/19/2019,04:24:06 am,0,802.23,8.028
9/19/2019,04:54:06 am,0,802.12,7.901
9/19/2019,05:24:06 am,0,802.05,7.794
9/19/2019,05:54:06 am,0,801.86,7.693
9/19/2019,06:24:06 am,0,801.57,7.592
9/19/2019,06:54:06 am,0,801.41,7.496
9/19/2019,07:24:06 am,0,801.29,7.413
9/19/2019,07:54:06 am,0,801.39,7.219
9/19/2019,08:24:06 am,0,801.33,7.099
9/19/2019,08:54:06 am,0,801.18,7.027
9/19/2019,09:24:06 am,0,801.10,6.965
9/19/2019,09:54:06 am,0,801.00,6.890
9/19/2019,10:24:06 am,0,800.77,6.799
9/19/2019,10:54:06 am,0,800.64,6.734
9/19/2019,11:24:06 am,0,800.57,6.642
9/19/2019,11:54:06 am,0,800.37,6.542
9/19/2019,12:24:06 pm,0,800.45,6.451
9/19/2019,12:54:06 pm,0,800.52,6.363
9/19/2019,01:24:06 pm,0,800.61,6.283
9/19/2019,01:54:06 pm,0,800.85,6.196
9/19/2019,02:24:06 pm,0,800.93,6.098
9/19/2019,02:54:06 pm,0,801.09,6.011
9/19/2019,03:24:06 pm,0,801.05,5.913
9/19/2019,03:54:06 pm,0,801.18,5.824
9/19/2019,04:24:06 pm,0,801.13,5.765
9/19/2019,04:54:06 pm,0,801.19,5.708
9/19/2019,05:24:06 pm,0,801.23,5.688
9/19/2019,05:54:06 pm,0,801.32,5.663
9/19/2019,06:24:06 pm,0,801.36,5.701
9/19/2019,06:54:06 pm,0,801.53,5.850
9/19/2019,07:24:06 pm,0,801.53,6.241
9/19/2019,07:54:06 pm,0,801.45,6.714
9/19/2019,08:24:06 pm,0,801.23,7.136
9/19/2019,08:54:06 pm,0,801.39,7.681
9/19/2019,09:24:06 pm,0,801.46,8.079
9/19/2019,09:54:06 pm,0,801.43,8.416
9/19/2019,10:24:06 pm,0,801.33,8.516
9/19/2019,10:54:06 pm,0,801.27,8.529
9/19/2019,11:24:06 pm,0,801.31,8.393
9/19/2019,11:54:06 pm,0,801.45,8.248
9/20/2019,12:24:06 am,0,801.38,8.104
9/20/2019,12:54:06 am,0,801.59,7.982
9/20/2019,01:24:06 am,0,801.64,7.854
9/20/2019,01:54:06 am,0,801.53,7.733
9/20/2019,02:24:06 am,0,801.54,7.585
9/20/2019,02:54:06 am,0,801.54,7.416
9/20/2019,03:24:06 am,0,801.77,7.240
9/20/2019,03:54:06 am,0,802.05,7.068
9/20/2019,04:24:06 am,0,802.09,6.890
9/20/2019,04:54:06 am,0,802.17,6.707
9/20/2019,05:24:06 am,0,802.21,6.522
9/20/2019,05:54:06 am,0,802.28,6.355
9/20/2019,06:24:06 am,0,802.49,6.194
9/20/2019,06:54:06 am,0,802.44,6.049
9/20/2019,07:24:06 am,0,802.65,5.878
9/20/2019,07:54:06 am,0,802.80,5.729
9/20/2019,08:24:06 am,0,802.84,5.592
9/20/2019,08:54:06 am,0,802.94,5.446
9/20/2019,09:24:06 am,0,802.93,5.291
9/20/2019,09:54:06 am,0,802.82,5.163
9/20/2019,10:24:06 am,0,802.87,5.023
9/20/2019,10:54:06 am,0,802.88,4.883
9/20/2019,11:24:06 am,0,802.76,4.744
9/20/2019,11:54:06 am,0,802.81,4.620
9/20/2019,12:24:06 pm,0,802.98,4.478
9/20/2019,12:54:06 pm,0,803.06,4.372
9/20/2019,01:24:06 pm,0,803.20,4.226
9/20/2019,01:54:06 pm,0,803.49,4.113
9/20/2019,02:24:06 pm,0,803.64,4.023
9/20/2019,02:54:06 pm,0,803.82,3.908
9/20/2019,03:24:06 pm,0,803.94,3.752
9/20/2019,03:54:06 pm,0,804.01,3.667
9/20/2019,04:24:06 pm,0,803.93,3.543
9/20/2019,04:54:06 pm,0,804.04,3.492
9/20/2019,05:24:06 pm,0,804.14,3.515
9/20/2019,05:54:06 pm,0,804.18,3.502
9/20/2019,06:24:06 pm,0,804.13,3.553
9/20/2019,06:54:06 pm,0,804.01,3.728
9/20/2019,07:24:06 pm,0,804.07,4.240
9/20/2019,07:54:06 pm,0,804.05,4.898
9/20/2019,08:24:06 pm,0,803.90,5.427
9/20/2019,08:54:06 pm,0,804.02,5.962
9/20/2019,09:24:06 pm,0,803.92,6.463
9/20/2019,09:54:06 pm,0,803.92,7.007
9/20/2019,10:24:06 pm,0,803.85,7.524
9/20/2019,10:54:06 pm,0,803.86,7.781
9/20/2019,11:24:06 pm,0,803.90,7.758
9/20/2019,11:54:06 pm,0,803.83,7.700
9/21/2019,12:24:06 am,0,803.78,7.630
9/21/2019,12:54:06 am,0,803.85,7.593
9/21/2019,01:24:06 am,0,803.89,7.552
9/21/2019,01:54:06 am,0,804.08,7.490
9/21/2019,02:24:06 am,0,804.08,7.408
9/21/2019,02:54:06 am,0,804.33,7.299
9/21/2019,03:24:06 am,0,804.40,7.165
9/21/2019,03:54:06 am,0,804.60,7.017
9/21/2019,04:24:06 am,0,804.57,6.855
9/21/2019,04:54:06 am,0,804.72,6.695
9/21/2019,05:24:06 am,0,804.63,6.547
9/21/2019,05:54:06 am,0,804.66,6.413
9/21/2019,06:24:06 am,0,804.86,6.291
9/21/2019,06:54:06 am,0,804.81,6.182
9/21/2019,07:24:06 am,0,804.79,6.047
9/21/2019,07:54:06 am,0,804.92,5.928
9/21/2019,08:24:06 am,0,804.91,5.818
9/21/2019,08:54:06 am,0,805.07,5.692
9/21/2019,09:24:06 am,0,805.10,5.571
9/21/2019,09:54:06 am,0,805.01,5.464
9/21/2019,10:24:06 am,0,805.02,5.329
9/21/2019,10:54:06 am,0,805.00,5.211
9/21/2019,11:24:06 am,0,805.18,5.096
9/21/2019,11:54:06 am,0,805.24,4.990
9/21/2019,12:24:06 pm,0,805.25,4.880
9/21/2019,12:54:06 pm,0,805.28,4.762
9/21/2019,01:24:06 pm,0,805.38,4.638
9/21/2019,01:54:06 pm,0,805.54,4.532
9/21/2019,02:24:06 pm,0,805.69,4.421
9/21/2019,02:54:06 pm,0,805.70,4.326
9/21/2019,03:24:06 pm,0,805.77,4.218
9/21/2019,03:54:06 pm,0,805.84,4.150
9/21/2019,04:24:06 pm,0,805.90,4.086
9/21/2019,04:54:06 pm,0,806.02,4.080
9/21/2019,05:24:06 pm,0,806.04,4.141
9/21/2019,05:54:06 pm,0,805.99,4.139
9/21/2019,06:24:06 pm,0,805.98,4.206
9/21/2019,06:54:06 pm,0,805.95,4.373
9/21/2019,07:24:06 pm,0,805.95,4.848
9/21/2019,07:54:06 pm,0,805.83,5.507
9/21/2019,08:24:06 pm,0,805.71,6.058
9/21/2019,08:54:06 pm,0,805.55,6.630
9/21/2019,09:24:06 pm,0,805.47,7.154
9/21/2019,09:54:06 pm,0,805.40,7.755
9/21/2019,10:24:06 pm,0,805.27,8.299
9/21/2019,10:54:06 pm,0,805.25,8.619
9/21/2019,11:24:06 pm,0,805.28,8.658
9/21/2019,11:54:06 pm,0,805.24,8.647
9/22/2019,12:24:06 am,0,805.24,8.617
9/22/2019,12:54:06 am,0,805.41,8.602
9/22/2019,01:24:06 am,0,805.52,8.574
9/22/2019,01:54:06 am,0,805.74,8.508
9/22/2019,02:24:06 am,0,805.83,8.429
9/22/2019,02:54:06 am,0,805.93,8.323
9/22/2019,03:24:06 am,0,806.09,8.187
9/22/2019,03:54:06 am,0,806.32,8.020
9/22/2019,04:24:06 am,0,806.43,7.867
9/22/2019,04:54:06 am,0,806.53,7.684
9/22/2019,05:24:06 am,0,806.61,7.514
9/22/2019,05:54:06 am,0,806.70,7.349
9/22/2019,06:24:06 am,0,806.90,7.181
9/22/2019,06:54:06 am,0,806.83,7.024
9/22/2019,07:24:06 am,0,806.83,6.876
9/22/2019,07:54:06 am,0,806.95,6.722
9/22/2019,08:24:06 am,0,807.04,6.588
9/22/2019,08:54:06 am,0,806.99,6.455
9/22/2019,09:24:06 am,0,806.82,6.336
9/22/2019,09:54:06 am,0,806.76,6.206
9/22/2019,10:24:06 am,0,806.65,6.077
9/22/2019,10:54:06 am,0,806.62,5.964
9/22/2019,11:24:06 am,0,806.78,5.849
9/22/2019,11:54:06 am,0,806.82,5.736
9/22/2019,12:24:06 pm,0,806.79,5.613
9/22/2019,12:54:06 pm,0,806.80,5.480
9/22/2019,01:24:06 pm,0,806.63,5.378
9/22/2019,01:54:06 pm,0,806.81,5.253
9/22/2019,02:24:06 pm,0,806.89,5.144
9/22/2019,02:54:06 pm,0,806.97,5.052
9/22/2019,03:24:06 pm,0,807.07,4.957
9/22/2019,03:54:06 pm,0,807.08,4.888
9/22/2019,04:24:06 pm,0,807.10,4.839
9/22/2019,04:54:06 pm,0,807.07,4.830
9/22/2019,05:24:06 pm,0,806.95,4.885
9/22/2019,05:54:06 pm,0,806.86,4.861
9/22/2019,06:24:06 pm,0,806.77,4.930
9/22/2019,06:54:06 pm,0,806.71,5.086
9/22/2019,07:24:06 pm,0,806.51,5.527
9/22/2019,07:54:06 pm,0,806.29,6.136
9/22/2019,08:24:06 pm,0,806.07,6.688
9/22/2019,08:54:06 pm,0,805.98,7.236
9/22/2019,09:24:06 pm,0,805.81,7.760
9/22/2019,09:54:06 pm,0,805.77,8.319
9/22/2019,10:24:06 pm,0,805.69,8.813
9/22/2019,10:54:06 pm,0,805.51,9.070
9/22/2019,11:24:06 pm,0,805.52,9.035
9/22/2019,11:54:06 pm,0,805.57,8.929
9/23/2019,12:24:06 am,0,805.58,8.859
9/23/2019,12:54:06 am,0,805.33,8.816
9/23/2019,01:24:06 am,0,805.17,8.763
9/23/2019,01:54:06 am,0,805.29,8.643
9/23/2019,02:24:06 am,0,805.52,8.494
9/23/2019,02:54:06 am,0,805.44,8.338
9/23/2019,03:24:06 am,0,805.47,8.186
9/23/2019,03:54:06 am,0,805.61,8.039
9/23/2019,04:24:06 am,0,805.49,7.909
9/23/2019,04:54:06 am,0,805.44,7.782
9/23/2019,05:24:06 am,0,805.43,7.665
9/23/2019,05:54:06 am,0,805.18,7.559
9/23/2019,06:24:06 am,0,805.23,7.449
9/23/2019,06:54:06 am,0,805.12,7.338
9/23/2019,07:24:06 am,0,804.93,7.238
9/23/2019,07:54:06 am,0,804.91,7.131
9/23/2019,08:24:06 am,0,804.82,7.028
9/23/2019,08:54:06 am,0,804.72,6.923
9/23/2019,09:24:06 am,0,804.54,6.812
9/23/2019,09:54:06 am,0,804.35,6.705
9/23/2019,10:24:06 am,0,804.11,6.617
9/23/2019,10:54:06 am,0,803.99,6.533
9/23/2019,11:24:06 am,0,804.05,6.447
9/23/2019,11:54:06 am,0,803.85,6.349
9/23/2019,12:24:06 pm,0,803.84,6.262
9/23/2019,12:54:06 pm,0,804.15,6.153
9/23/2019,01:24:06 pm,0,804.41,6.042
9/23/2019,01:54:06 pm,0,804.58,5.938
9/23/2019,02:24:06 pm,0,804.86,5.838
9/23/2019,02:54:06 pm,0,804.94,5.735
9/23/2019,03:24:06 pm,0,805.02,5.642
9/23/2019,03:54:06 pm,0,805.24,5.543
9/23/2019,04:24:06 pm,0,805.48,5.478
9/23/2019,04:54:06 pm,0,805.60,5.454
9/23/2019,05:24:06 pm,0,805.58,5.504
9/23/2019,05:54:06 pm,0,805.67,5.491
9/23/2019,06:24:06 pm,0,805.75,5.548
9/23/2019,06:54:06 pm,0,805.85,5.677
9/23/2019,07:24:06 pm,0,806.00,6.012
9/23/2019,07:54:06 pm,0,805.99,6.447
9/23/2019,08:24:06 pm,0,806.00,6.920
9/23/2019,08:54:06 pm,0,806.12,7.436
9/23/2019,09:24:06 pm,0,806.06,7.948
9/23/2019,09:54:06 pm,0,806.30,8.471
9/23/2019,10:24:06 pm,0,806.11,8.933
9/23/2019,10:54:06 pm,0,806.31,9.194
9/23/2019,11:24:06 pm,0,806.53,9.166
9/23/2019,11:54:06 pm,0,806.47,9.050
9/24/2019,12:24:06 am,0,806.42,8.932
9/24/2019,12:54:06 am,0,806.61,8.847
9/24/2019,01:24:06 am,0,806.83,8.782
9/24/2019,01:54:06 am,0,807.04,8.702
9/24/2019,02:24:06 am,0,807.09,8.591
9/24/2019,02:54:06 am,0,807.38,8.459
9/24/2019,03:24:06 am,0,807.70,8.323
9/24/2019,03:54:06 am,0,807.81,8.184
9/24/2019,04:24:06 am,0,807.80,8.014
9/24/2019,04:54:06 am,0,808.08,7.860
9/24/2019,05:24:06 am,0,808.04,7.726
9/24/2019,05:54:06 am,0,808.69,7.588
9/24/2019,06:24:06 am,0,808.51,7.459
9/24/2019,06:54:06 am,0,808.65,7.330
9/24/2019,07:24:06 am,0,808.80,7.233
9/24/2019,07:54:06 am,0,808.80,7.119
9/24/2019,08:24:06 am,0,808.88,7.028
9/24/2019,08:54:06 am,0,808.96,6.935
9/24/2019,09:24:06 am,0,809.08,6.847
9/24/2019,09:54:06 am,0,809.18,6.764
9/24/2019,10:24:06 am,0,809.26,6.686
9/24/2019,10:54:06 am,0,809.34,6.616
9/24/2019,11:24:06 am,0,809.36,6.546
9/24/2019,11:54:06 am,0,809.45,6.440
9/24/2019,12:24:06 pm,0,809.47,6.339
9/24/2019,12:54:06 pm,0,809.43,6.234
9/24/2019,01:24:06 pm,0,809.73,6.128
9/24/2019,01:54:06 pm,0,809.89,6.014
9/24/2019,02:24:06 pm,0,809.82,5.927
9/24/2019,02:54:06 pm,0,809.77,5.864
9/24/2019,03:24:06 pm,0,809.66,5.836
9/24/2019,03:54:06 pm,0,809.93,5.794
9/24/2019,04:24:06 pm,0,809.96,5.790
9/24/2019,04:54:06 pm,0,810.03,5.788
9/24/2019,05:24:06 pm,0,810.04,5.836
9/24/2019,05:54:06 pm,0,810.04,5.840
9/24/2019,06:24:06 pm,0,810.02,5.888
9/24/2019,06:54:06 pm,0,809.85,6.020
9/24/2019,07:24:06 pm,0,809.66,6.429
9/24/2019,07:54:06 pm,0,809.52,7.001
9/24/2019,08:24:06 pm,0,809.20,7.554
9/24/2019,08:54:06 pm,0,808.91,8.129
9/24/2019,09:24:06 pm,0,808.67,8.620
9/24/2019,09:54:06 pm,0,808.37,9.197
9/24/2019,10:24:06 pm,0,808.05,9.674
9/24/2019,10:54:06 pm,0,807.79,9.919
9/24/2019,11:24:06 pm,0,807.73,9.931
9/24/2019,11:54:06 pm,0,807.80,9.837
9/25/2019,12:24:06 am,0,807.62,9.765
9/25/2019,12:54:06 am,0,807.70,9.737
9/25/2019,01:24:06 am,0,807.59,9.723
9/25/2019,01:54:06 am,0,807.79,9.702
9/25/2019,02:24:06 am,0,807.76,9.663
9/25/2019,02:54:06 am,0,807.86,9.601
9/25/2019,03:24:06 am,0,807.94,9.508
9/25/2019,03:54:06 am,0,808.03,9.382
9/25/2019,04:24:06 am,0,808.23,9.241
9/25/2019,04:54:06 am,0,808.21,9.107
9/25/2019,05:24:06 am,0,807.95,8.958
9/25/2019,05:54:06 am,0,807.80,8.813
9/25/2019,06:24:06 am,0,807.54,8.692
9/25/2019,06:54:06 am,0,807.35,8.567
9/25/2019,07:24:06 am,0,807.00,8.437
9/25/2019,07:54:06 am,0,806.99,8.316
9/25/2019,08:24:06 am,0,806.86,8.208
9/25/2019,08:54:06 am,0,806.85,8.087
9/25/2019,09:24:06 am,0,806.57,7.976
9/25/2019,09:54:06 am,0,806.30,7.893
9/25/2019,10:24:06 am,0,806.04,7.808
9/25/2019,10:54:06 am,0,805.99,7.722
9/25/2019,11:24:06 am,0,806.05,7.644
9/25/2019,11:54:06 am,0,806.02,7.580
9/25/2019,12:24:06 pm,0,805.81,7.503
9/25/2019,12:54:06 pm,0,805.59,7.435
9/25/2019,01:24:06 pm,0,805.65,7.385
9/25/2019,01:54:06 pm,0,805.68,7.323
9/25/2019,02:24:06 pm,0,805.88,7.282
9/25/2019,02:54:06 pm,0,806.14,7.225
9/25/2019,03:24:06 pm,0,806.18,7.195
9/25/2019,03:54:06 pm,0,806.18,7.173
9/25/2019,04:24:06 pm,0,806.20,7.173
9/25/2019,04:54:06 pm,0,806.20,7.201
9/25/2019,05:24:06 pm,0,806.10,7.230
9/25/2019,05:54:06 pm,0,805.99,7.244
9/25/2019,06:24:06 pm,0,805.80,7.302
9/25/2019,06:54:06 pm,0,805.68,7.392
9/25/2019,07:24:06 pm,0,805.50,7.714
9/25/2019,07:54:06 pm,0,805.05,8.204
9/25/2019,08:24:06 pm,0,804.68,8.705
9/25/2019,08:54:06 pm,0,804.48,9.246
9/25/2019,09:24:06 pm,0,804.46,9.765
9/25/2019,09:54:06 pm,0,804.29,10.370
9/25/2019,10:24:06 pm,0,804.17,10.910
9/25/2019,10:54:06 pm,0,804.19,11.224
9/25/2019,11:24:06 pm,0,804.27,11.191
9/25/2019,11:54:06 pm,0,804.16,11.056
9/26/2019,12:24:06 am,0,804.24,10.922
9/26/2019,12:54:06 am,0,804.35,10.841
9/26/2019,01:24:06 am,0,804.45,10.793
9/26/2019,01:54:06 am,0,804.65,10.760
9/26/2019,02:24:06 am,0,805.05,10.685
9/26/2019,02:54:06 am,0,805.27,10.607
9/26/2019,03:24:06 am,0,805.42,10.497
9/26/2019,03:54:06 am,0,805.64,10.373
9/26/2019,04:24:06 am,0,805.74,10.228
9/26/2019,04:54:06 am,0,805.81,10.067
9/26/2019,05:24:06 am,0,805.70,9.948
9/26/2019,05:54:06 am,0,805.72,9.812
9/26/2019,06:24:06 am,0,805.75,9.698
9/26/2019,06:54:06 am,0,805.75,9.567
9/26/2019,07:24:06 am,0,805.76,9.433
9/26/2019,07:54:06 am,0,805.62,9.305
9/26/2019,08:24:06 am,0,805.78,9.179
9/26/2019,08:54:06 am,0,805.83,9.061
9/26/2019,09:24:06 am,0,805.72,8.938
9/26/2019,09:54:06 am,0,805.70,8.820
9/26/2019,10:24:06 am,0,805.75,8.706
9/26/2019,10:54:06 am,0,805.70,8.596
9/26/2019,11:24:06 am,0,805.56,8.478
9/26/2019,11:54:06 am,0,805.50,8.364
9/26/2019,12:24:06 pm,0,805.59,8.258
9/26/2019,12:54:06 pm,0,805.42,8.143
9/26/2019,01:24:06 pm,0,805.41,8.042
9/26/2019,01:54:06 pm,0,805.51,7.939
9/26/2019,02:24:06 pm,0,805.37,7.844
9/26/2019,02:54:06 pm,0,805.46,7.746
9/26/2019,03:24:06 pm,0,805.63,7.650
9/26/2019,03:54:06 pm,0,805.60,7.587
9/26/2019,04:24:06 pm,0,805.62,7.552
9/26/2019,04:54:06 pm,0,805.69,7.569
9/26/2019,05:24:06 pm,0,805.63,7.591
9/26/2019,05:54:06 pm,0,805.58,7.575
9/26/2019,06:24:06 pm,0,805.41,7.635
9/26/2019,06:54:06 pm,0,805.38,7.715
9/26/2019,07:24:06 pm,0,805.29,8.015
9/26/2019,07:54:06 pm,0,805.04,8.484
9/26/2019,08:24:06 pm,0,804.74,8.971
9/26/2019,08:54:06 pm,0,804.45,9.490
9/26/2019,09:24:06 pm,0,804.35,9.986
9/26/2019,09:54:06 pm,0,804.12,10.553
9/26/2019,10:24:06 pm,0,803.81,11.006
9/26/2019,10:54:06 pm,0,803.67,11.280
9/26/2019,11:24:06 pm,0,803.61,11.283
9/26/2019,11:54:06 pm,0,803.57,11.130
9/27/2019,12:24:06 am,0,803.52,11.008
9/27/2019,12:54:06 am,0,803.60,10.887
9/27/2019,01:24:06 am,0,803.82,10.794
9/27/2019,01:54:06 am,0,803.80,10.708
9/27/2019,02:24:06 am,0,803.99,10.658
9/27/2019,02:54:06 am,0,803.98,10.618
9/27/2019,03:24:06 am,0,804.32,10.557
9/27/2019,03:54:06 am,0,804.62,10.476
9/27/2019,04:24:06 am,0,804.77,10.377
9/27/2019,04:54:06 am,0,804.81,10.268
9/27/2019,05:24:06 am,0,804.92,10.162
9/27/2019,05:54:06 am,0,804.90,10.041
9/27/2019,06:24:06 am,0,804.77,9.907
9/27/2019,06:54:06 am,0,804.67,9.769
9/27/2019,07:24:06 am,0,804.48,9.620
9/27/2019,07:54:06 am,0,804.30,9.481
9/27/2019,08:24:06 am,0,804.35,9.343
9/27/2019,08:54:06 am,0,804.23,9.206
9/27/2019,09:24:06 am,0,804.14,9.074
9/27/2019,09:54:06 am,0,803.82,8.921
9/27/2019,10:24:06 am,0,803.68,8.789
9/27/2019,10:54:06 am,0,803.61,8.665
9/27/2019,11:24:06 am,0,803.49,8.530
9/27/2019,11:54:06 am,0,803.32,8.403
9/27/2019,12:24:06 pm,0,803.33,8.269
9/27/2019,12:54:06 pm,0,803.32,8.153
9/27/2019,01:24:06 pm,0,803.18,8.043
9/27/2019,01:54:06 pm,0,803.25,7.907
9/27/2019,02:24:06 pm,0,803.24,7.789
9/27/2019,02:54:06 pm,0,803.13,7.681
9/27/2019,03:24:06 pm,0,802.99,7.564
9/27/2019,03:54:06 pm,0,803.02,7.520
9/27/2019,04:24:06 pm,0,803.05,7.466
9/27/2019,04:54:06 pm,0,802.99,7.447
9/27/2019,05:24:06 pm,0,802.80,7.460
9/27/2019,05:54:06 pm,0,802.61,7.437
9/27/2019,06:24:06 pm,0,802.39,7.504
9/27/2019,06:54:06 pm,0,802.23,7.604
9/27/2019,07:24:06 pm,0,801.89,7.874
9/27/2019,07:54:06 pm,0,801.61,8.300
9/27/2019,08:24:06 pm,0,801.19,8.709
9/27/2019,08:54:06 pm,0,800.89,9.172
9/27/2019,09:24:06 pm,0,800.62,9.612
9/27/2019,09:54:06 pm,0,800.43,10.203
9/27/2019,10:24:06 pm,0,800.24,10.658
9/27/2019,10:54:06 pm,0,799.97,10.974
9/27/2019,11:24:06 pm,0,799.75,10.941
9/27/2019,11:54:06 pm,0,799.71,10.785
9/28/2019,12:24:06 am,0,799.57,10.607
9/28/2019,12:54:06 am,0,799.47,10.506
9/28/2019,01:24:06 am,0,799.35,10.406
9/28/2019,01:54:06 am,0,799.15,10.317
9/28/2019,02:24:06 am,0,799.10,10.223
9/28/2019,02:54:06 am,0,798.95,10.140
9/28/2019,03:24:06 am,0,799.05,10.053
9/28/2019,03:54:06 am,0,798.91,9.955
9/28/2019,04:24:06 am,0,798.55,9.837
9/28/2019,04:54:06 am,0,798.19,9.721
9/28/2019,05:24:06 am,0,797.97,9.593
9/28/2019,05:54:06 am,0,797.83,9.462
9/28/2019,06:24:06 am,0,797.62,9.334
9/28/2019,06:54:06 am,0,797.38,9.200
9/28/2019,07:24:06 am,0,797.12,9.071
9/28/2019,07:54:06 am,0,796.96,8.946
9/28/2019,08:24:06 am,0,796.75,8.816
9/28/2019,08:54:06 am,0,796.62,8.696
9/28/2019,09:24:06 am,0,796.39,8.581
9/28/2019,09:54:06 am,0,796.09,8.470
9/28/2019,10:24:06 am,0,795.63,8.357
9/28/2019,10:54:06 am,0,795.41,8.256
9/28/2019,11:24:06 am,0,795.09,8.168
9/28/2019,11:54:06 am,0,795.12,8.093
9/28/2019,12:24:06 pm,0,794.75,8.010
9/28/2019,12:54:06 pm,0,794.68,7.936
9/28/2019,01:24:06 pm,0,794.71,7.875
9/28/2019,01:54:06 pm,0,794.82,7.825
9/28/2019,02:24:06 pm,0,794.83,7.765
9/28/2019,02:54:06 pm,0,794.92,7.711
9/28/2019,03:24:06 pm,0,794.92,7.669
9/28/2019,03:54:06 pm,0,795.01,7.628
9/28/2019,04:24:06 pm,0,794.82,7.594
9/28/2019,04:54:06 pm,0,794.79,7.588
9/28/2019,05:24:06 pm,0,794.53,7.538
9/28/2019,05:54:06 pm,0,794.29,7.501
9/28/2019,06:24:06 pm,0,794.17,7.504
9/28/2019,06:54:06 pm,0,793.81,7.551
9/28/2019,07:24:06 pm,0,793.72,7.744
9/28/2019,07:54:06 pm,0,793.38,8.134
9/28/2019,08:24:06 pm,0,793.12,8.546
9/28/2019,08:54:06 pm,0,792.63,8.943
9/28/2019,09:24:06 pm,0,792.31,9.140
9/28/2019,09:54:06 pm,0,792.00,9.491
9/28/2019,10:24:06 pm,0,791.56,9.715
9/28/2019,10:54:06 pm,0,791.46,9.698
9/28/2019,11:24:06 pm,0,791.50,9.423
9/28/2019,11:54:06 pm,0,791.30,9.180
9/29/2019,12:24:06 am,0,791.45,9.008
9/29/2019,12:54:06 am,0,791.53,8.849
9/29/2019,01:24:06 am,0,791.79,8.688
9/29/2019,01:54:06 am,0,791.75,8.508
9/29/2019,02:24:06 am,0,791.67,8.294
9/29/2019,02:54:06 am,0,791.76,8.088
9/29/2019,03:24:06 am,0,791.71,7.866
9/29/2019,03:54:06 am,0,791.82,7.660
9/29/2019,04:24:06 am,0,791.87,7.397
9/29/2019,04:54:06 am,0,792.02,6.949
9/29/2019,05:24:06 am,0,792.14,6.657
9/29/2019,05:54:06 am,0,792.80,6.271
9/29/2019,06:24:06 am,0,793.02,6.047
9/29/2019,06:54:06 am,0,793.20,5.886
9/29/2019,07:24:06 am,0,793.27,5.750
9/29/2019,07:54:06 am,0,793.13,5.612
9/29/2019,08:24:06 am,0,793.20,5.412
9/29/2019,08:54:06 am,0,793.61,5.188
9/29/2019,09:24:06 am,0,793.44,4.982
9/29/2019,09:54:06 am,0,793.70,4.816
9/29/2019,10:24:06 am,0,793.91,4.615
9/29/2019,10:54:06 am,0,794.26,4.388
9/29/2019,11:24:06 am,0,794.47,4.242
9/29/2019,11:54:06 am,0,794.41,4.128
9/29/2019,12:24:06 pm,0,794.64,4.017
9/29/2019,12:54:06 pm,0,794.97,3.899
9/29/2019,01:24:06 pm,0,795.08,3.749
9/29/2019,01:54:06 pm,0,795.48,3.602
9/29/2019,02:24:06 pm,0,795.83,3.469
9/29/2019,02:54:06 pm,0,796.16,3.361
9/29/2019,03:24:06 pm,0,796.28,3.286
9/29/2019,03:54:06 pm,0,796.48,3.219
9/29/2019,04:24:06 pm,0,796.76,3.115
9/29/2019,04:54:06 pm,0,796.88,3.060
9/29/2019,05:24:06 pm,0,797.05,2.993
9/29/2019,05:54:06 pm,0,797.13,2.954
9/29/2019,06:24:06 pm,0,797.14,2.966
9/29/2019,06:54:06 pm,0,797.22,3.096
9/29/2019,07:24:06 pm,0,797.43,3.382
9/29/2019,07:54:06 pm,0,797.54,3.752
9/29/2019,08:24:06 pm,0,797.36,3.997
9/29/2019,08:54:06 pm,0,796.92,4.433
9/29/2019,09:24:06 pm,0,796.95,4.735
9/29/2019,09:54:06 pm,0,797.15,5.057
9/29/2019,10:24:06 pm,0,797.35,5.201
9/29/2019,10:54:06 pm,0,797.30,5.209
9/29/2019,11:24:06 pm,0,797.04,5.179
9/29/2019,11:54:06 pm,0,796.99,5.122
9/30/2019,12:24:06 am,0,796.89,5.017
9/30/2019,12:54:06 am,0,797.00,4.893
9/30/2019,01:24:06 am,0,797.10,4.768
9/30/2019,01:54:06 am,0,797.18,4.654
9/30/2019,02:24:06 am,0,797.31,4.527
9/30/2019,02:54:06 am,0,797.47,4.380
9/30/2019,03:24:06 am,0,797.53,4.200
9/30/2019,03:54:06 am,0,797.79,3.994
9/30/2019,04:24:06 am,0,797.96,3.769
9/30/2019,04:54:06 am,0,797.97,3.594
9/30/2019,05:24:06 am,0,797.74,3.444
9/30/2019,05:54:06 am,0,797.76,3.314
9/30/2019,06:24:06 am,0,797.79,3.186
9/30/2019,06:54:06 am,0,797.94,3.059
9/30/2019,07:24:06 am,0,798.06,2.947
9/30/2019,07:54:06 am,0,798.20,2.821
9/30/2019,08:24:06 am,0,798.15,2.690
9/30/2019,08:54:06 am,0,798.19,2.560
9/30/2019,09:24:06 am,0,798.24,2.417
9/30/2019,09:54:06 am,0,798.32,2.296
9/30/2019,10:24:06 am,0,798.43,2.194
9/30/2019,10:54:06 am,0,798.58,2.110
9/30/2019,11:24:06 am,0,798.53,2.031
9/30/2019,11:54:06 am,0,798.62,1.944
9/30/2019,12:24:06 pm,0,798.59,1.849
9/30/2019,12:54:06 pm,0,798.57,1.748
9/30/2019,01:24:06 pm,0,798.65,1.641
9/30/2019,01:54:06 pm,0,798.81,1.538
9/30/2019,02:24:06 pm,0,799.16,1.449
9/30/2019,02:54:06 pm,0,799.06,1.392
9/30/2019,03:24:06 pm,0,799.04,1.349
9/30/2019,03:54:06 pm,0,799.06,1.325
9/30/2019,04:24:06 pm,0,799.10,1.322
9/30/2019,04:54:06 pm,0,799.19,1.334
9/30/2019,05:24:06 pm,0,799.33,1.340
9/30/2019,05:54:06 pm,0,799.62,1.360
9/30/2019,06:24:06 pm,0,799.64,1.436
9/30/2019,06:54:06 pm,0,799.65,1.623
9/30/2019,07:24:06 pm,0,799.72,1.918
9/30/2019,07:54:06 pm,0,799.64,2.363
9/30/2019,08:24:06 pm,0,799.65,2.840
9/30/2019,08:54:06 pm,0,799.37,3.335
9/30/2019,09:24:06 pm,0,799.29,3.631
9/30/2019,09:54:06 pm,0,799.11,3.873
9/30/2019,10:24:06 pm,0,799.22,4.107
9/30/2019,10:54:06 pm,0,798.94,4.253
9/30/2019,11:24:06 pm,0,798.85,4.244
9/30/2019,11:54:06 pm,0,798.68,4.193
10/1/2019,12:24:06 am,0,798.39,4.131
10/1/2019,12:54:06 am,0,798.36,4.067
10/1/2019,01:24:06 am,0,798.13,3.998
10/1/2019,01:54:06 am,0,798.42,3.908
10/1/2019,02:24:06 am,0,798.66,3.806
10/1/2019,02:54:06 am,0,798.88,3.679
10/1/2019,03:24:06 am,0,798.95,3.532
10/1/2019,03:54:06 am,0,798.91,3.366
10/1/2019,04:24:06 am,0,798.96,3.226
10/1/2019,04:54:06 am,0,799.12,3.023
10/1/2019,05:24:06 am,0,799.10,2.857
10/1/2019,05:54:06 am,0,799.23,2.721
10/1/2019,06:24:06 am,0,799.09,2.592
10/1/2019,06:54:06 am,0,799.16,2.466
10/1/2019,07:24:06 am,0,799.18,2.323
10/1/2019,07:54:06 am,0,799.05,2.204
10/1/2019,08:24:06 am,0,799.13,2.096
10/1/2019,08:54:06 am,0,799.13,1.996
10/1/2019,09:24:06 am,0,799.08,1.904
10/1/2019,09:54:06 am,0,798.86,1.795
10/1/2019,10:24:06 am,0,798.62,1.675
10/1/2019,10:54:06 am,0,798.55,1.540
10/1/2019,11:24:06 am,0,798.49,1.423
10/1/2019,11:54:06 am,0,798.53,1.316
10/1/2019,12:24:06 pm,0,798.56,1.162
10/1/2019,12:54:06 pm,0,798.53,1.014
10/1/2019,01:24:06 pm,0,798.74,0.877
10/1/2019,01:54:06 pm,0,798.90,0.747
10/1/2019,02:24:06 pm,0,798.96,0.616
10/1/2019,02:54:06 pm,0,798.94,0.520
10/1/2019,03:24:06 pm,0,798.66,0.458
10/1/2019,03:54:06 pm,0,798.95,0.404
10/1/2019,04:24:06 pm,0,799.22,0.341
10/1/2019,04:54:06 pm,0,799.53,0.286
10/1/2019,05:24:06 pm,0,799.83,0.278
10/1/2019,05:54:06 pm,0,799.94,0.318
10/1/2019,06:24:06 pm,0,799.92,0.408
10/1/2019,06:54:06 pm,0,799.98,0.619
10/1/2019,07:24:06 pm,0,799.79,0.943
10/1/2019,07:54:06 pm,0,799.89,1.412
10/1/2019,08:24:06 pm,0,799.90,1.977
10/1/2019,08:54:06 pm,0,799.80,2.550
10/1/2019,09:24:06 pm,0,799.70,2.817
10/1/2019,09:54:06 pm,0,799.75,3.372
10/1/2019,10:24:06 pm,0,799.82,3.849
10/1/2019,10:54:06 pm,0,799.77,4.109
10/1/2019,11:24:06 pm,0,799.75,4.054
10/1/2019,11:54:06 pm,0,799.68,3.956
10/2/2019,12:24:06 am,0,799.82,3.859
10/2/2019,12:54:06 am,0,799.93,3.804
10/2/2019,01:24:06 am,0,800.15,3.741
10/2/2019,01:54:06 am,0,800.22,3.667
10/2/2019,02:24:06 am,0,800.59,3.599
10/2/2019,02:54:06 am,0,800.72,3.482
10/2/2019,03:24:06 am,0,800.95,3.364
10/2/2019,03:54:06 am,0,801.48,3.224
10/2/2019,04:24:06 am,0,802.31,3.060
10/2/2019,04:54:06 am,0,802.59,2.859
10/2/2019,05:24:06 am,0,803.21,2.518
10/2/2019,05:54:06 am,0,803.63,2.337
10/2/2019,06:24:06 am,0,803.58,2.222
10/2/2019,06:54:06 am,0,803.54,2.107
10/2/2019,07:24:06 am,0,803.56,1.982
10/2/2019,07:54:06 am,0,803.65,1.879
10/2/2019,08:24:06 am,0,803.61,1.772
10/2/2019,08:54:06 am,0,803.82,1.657
10/2/2019,09:24:06 am,0,803.95,1.562
10/2/2019,09:54:06 am,0,803.66,1.489
10/2/2019,10:24:06 am,0,803.45,1.404
10/2/2019,10:54:06 am,0,803.52,1.314
10/2/2019,11:24:06 am,0,803.42,1.197
10/2/2019,11:54:06 am,0,803.74,1.087
10/2/2019,12:24:06 pm,0,803.97,0.970
10/2/2019,12:54:06 pm,0,804.15,0.836
10/2/2019,01:24:06 pm,0,804.27,0.706
10/2/2019,01:54:06 pm,0,804.46,0.591
10/2/2019,02:24:06 pm,0,804.50,0.503
10/2/2019,02:54:06 pm,0,804.93,0.426
10/2/2019,03:24:06 pm,0,805.09,0.350
10/2/2019,03:54:06 pm,0,805.26,0.275
10/2/2019,04:24:06 pm,0,805.25,0.207
10/2/2019,04:54:06 pm,0,805.68,0.153
10/2/2019,05:24:06 pm,0,805.85,0.163
10/2/2019,05:54:06 pm,0,806.07,0.228
10/2/2019,06:24:06 pm,0,806.00,0.338
10/2/2019,06:54:06 pm,0,805.68,0.566
10/2/2019,07:24:06 pm,0,805.50,0.946
10/2/2019,07:54:06 pm,0,805.44,1.475
10/2/2019,08:24:06 pm,0,804.88,2.015
10/2/2019,08:54:06 pm,0,804.58,2.650
10/2/2019,09:24:06 pm,0,804.37,2.976
10/2/2019,09:54:06 pm,0,804.41,3.583
10/2/2019,10:24:06 pm,0,804.37,4.155
10/2/2019,10:54:06 pm,0,804.31,4.461
10/2/2019,11:24:06 pm,0,804.14,4.426
10/2/2019,11:54:06 pm,0,804.06,4.368
10/3/2019,12:24:06 am,0,803.99,4.317
10/3/2019,12:54:06 am,0,804.24,4.298
10/3/2019,01:24:06 am,0,804.49,4.273
10/3/2019,01:54:06 am,0,804.59,4.235
10/3/2019,02:24:06 am,0,804.79,4.173
10/3/2019,02:54:06 am,0,805.20,4.084
10/3/2019,03:24:06 am,0,805.60,3.948
10/3/2019,03:54:06 am,0,805.65,3.663
10/3/2019,04:24:06 am,0,805.58,3.472
10/3/2019,04:54:06 am,0,805.42,3.320
10/3/2019,05:24:06 am,0,805.54,3.193
10/3/2019,05:54:06 am,0,805.38,3.094
10/3/2019,06:24:06 am,0,805.35,3.004
10/3/2019,06:54:06 am,0,805.37,2.911
10/3/2019,07:24:06 am,0,805.20,2.841
10/3/2019,07:54:06 am,0,805.03,2.767
10/3/2019,08:24:06 am,0,804.98,2.688
10/3/2019,08:54:06 am,0,804.91,2.592
10/3/2019,09:24:06 am,0,804.73,2.504
10/3/2019,09:54:06 am,0,804.66,2.407
10/3/2019,10:24:06 am,0,804.55,2.310
10/3/2019,10:54:06 am,0,804.47,2.226
10/3/2019,11:24:06 am,0,804.37,2.125
10/3/2019,11:54:06 am,0,804.31,2.029
10/3/2019,12:24:06 pm,0,804.32,1.933
10/3/2019,12:54:06 pm,0,804.42,1.825
10/3/2019,01:24:06 pm,0,804.16,1.719
10/3/2019,01:54:06 pm,0,804.13,1.621
10/3/2019,02:24:06 pm,0,804.28,1.518
10/3/2019,02:54:06 pm,0,804.52,1.411
10/3/2019,03:24:06 pm,0,804.69,1.318
10/3/2019,03:54:06 pm,0,804.63,1.219
10/3/2019,04:24:06 pm,0,804.35,1.145
10/3/2019,04:54:06 pm,0,804.36,1.121
10/3/2019,05:24:06 pm,0,804.32,1.118
10/3/2019,05:54:06 pm,0,804.35,1.154
10/3/2019,06:24:06 pm,0,804.29,1.240
10/3/2019,06:54:06 pm,0,804.02,1.440
10/3/2019,07:24:06 pm,0,804.15,1.826
10/3/2019,07:54:06 pm,0,804.05,2.437
10/3/2019,08:24:06 pm,0,803.95,2.999
10/3/2019,08:54:06 pm,0,803.86,3.579
10/3/2019,09:24:06 pm,0,803.70,3.841
10/3/2019,09:54:06 pm,0,803.50,4.339
10/3/2019,10:24:06 pm,0,803.72,4.803
10/3/2019,10:54:06 pm,0,803.69,5.058
10/3/2019,11:24:06 pm,0,803.64,5.015
10/3/2019,11:54:06 pm,0,803.55,4.924
10/4/2019,12:24:06 am,0,803.43,4.841
10/4/2019,12:54:06 am,0,803.32,4.766
10/4/2019,01:24:06 am,0,803.17,4.681
10/4/2019,01:54:06 am,0,803.15,4.589
10/4/2019,02:24:06 am,0,803.31,4.488
10/4/2019,02:54:06 am,0,803.65,4.363
10/4/2019,03:24:06 am,0,803.93,4.226
10/4/2019,03:54:06 am,0,804.12,4.057
10/4/2019,04:24:06 am,0,804.14,3.904
10/4/2019,04:54:06 am,0,804.24,3.752
10/4/2019,05:24:06 am,0,804.47,3.605
10/4/2019,05:54:06 am,0,804.59,3.460
10/4/2019,06:24:06 am,0,804.51,3.310
10/4/2019,06:54:06 am,0,804.30,3.186
10/4/2019,07:24:06 am,0,804.21,3.058
10/4/2019,07:54:06 am,0,804.05,2.930
10/4/2019,08:24:06 am,0,804.01,2.795
10/4/2019,08:54:06 am,0,804.10,2.663
10/4/2019,09:24:06 am,0,804.15,2.533
10/4/2019,09:54:06 am,0,804.21,2.406
10/4/2019,10:24:06 am,0,804.31,2.266
10/4/2019,10:54:06 am,0,804.35,2.120
10/4/2019,11:24:06 am,0,804.47,1.981
10/4/2019,11:54:06 am,0,804.64,1.827
10/4/2019,12:24:06 pm,0,804.57,1.680
10/4/2019,12:54:06 pm,0,804.93,1.534
10/4/2019,01:24:06 pm,0,805.13,1.392
10/4/2019,01:54:06 pm,0,805.30,1.253
10/4/2019,02:24:06 pm,0,805.57,1.133
10/4/2019,02:54:06 pm,0,805.82,1.013
10/4/2019,03:24:06 pm,0,805.93,0.899
10/4/2019,03:54:06 pm,0,806.01,0.805
10/4/2019,04:24:06 pm,0,805.86,0.729
10/4/2019,04:54:06 pm,0,806.23,0.667
10/4/2019,05:24:06 pm,0,806.53,0.627
10/4/2019,05:54:06 pm,0,806.69,0.628
10/4/2019,06:24:06 pm,0,806.66,0.671
10/4/2019,06:54:06 pm,0,806.60,0.819
10/4/2019,07:24:06 pm,0,806.49,1.170
10/4/2019,07:54:06 pm,0,806.53,1.754
10/4/2019,08:24:06 pm,0,806.54,2.319
10/4/2019,08:54:06 pm,0,806.44,2.852
10/4/2019,09:24:06 pm,0,806.39,3.087
10/4/2019,09:54:06 pm,0,806.31,3.610
10/4/2019,10:24:06 pm,0,806.38,4.090
10/4/2019,10:54:06 pm,0,806.38,4.407
10/4/2019,11:24:06 pm,0,806.33,4.365
10/4/2019,11:54:06 pm,0,806.37,4.276
10/5/2019,12:24:06 am,0,806.55,4.200
10/5/2019,12:54:06 am,0,806.38,4.160
10/5/2019,01:24:06 am,0,806.42,4.125
10/5/2019,01:54:06 am,0,806.37,4.078
10/5/2019,02:24:06 am,0,806.35,4.018
10/5/2019,02:54:06 am,0,806.55,3.940
10/5/2019,03:24:06 am,0,806.62,3.829
10/5/2019,03:54:06 am,0,807.03,3.709
10/5/2019,04:24:06 am,0,807.08,3.579
10/5/2019,04:54:06 am,0,807.39,3.434
10/5/2019,05:24:06 am,0,807.77,3.269
10/5/2019,05:54:06 am,0,807.93,3.114
10/5/2019,06:24:06 am,0,807.99,2.967
10/5/2019,06:54:06 am,0,807.90,2.807
10/5/2019,07:24:06 am,0,808.01,2.675
10/5/2019,07:54:06 am,0,807.84,2.548
10/5/2019,08:24:06 am,0,807.86,2.423
10/5/2019,08:54:06 am,0,808.00,2.303
10/5/2019,09:24:06 am,0,808.26,2.202
10/5/2019,09:54:06 am,0,808.32,2.114
10/5/2019,10:24:06 am,0,808.37,2.021
10/5/2019,10:54:06 am,0,808.12,1.927
10/5/2019,11:24:06 am,0,807.93,1.829
10/5/2019,11:54:06 am,0,807.87,1.731
10/5/2019,12:24:06 pm,0,808.03,1.641
10/5/2019,12:54:06 pm,0,808.02,1.544
10/5/2019,01:24:06 pm,0,808.25,1.462
10/5/2019,01:54:06 pm,0,808.26,1.375
10/5/2019,02:24:06 pm,0,808.42,1.297
10/5/2019,02:54:06 pm,0,808.48,1.227
10/5/2019,03:24:06 pm,0,808.67,1.162
10/5/2019,03:54:06 pm,0,808.76,1.099
10/5/2019,04:24:06 pm,0,808.81,1.055
10/5/2019,04:54:06 pm,0,808.96,1.044
10/5/2019,05:24:06 pm,0,809.09,1.064
10/5/2019,05:54:06 pm,0,809.15,1.128
10/5/2019,06:24:06 pm,0,809.15,1.230
10/5/2019,06:54:06 pm,0,808.99,1.433
10/5/2019,07:24:06 pm,0,808.85,1.822
10/5/2019,07:54:06 pm,0,808.63,2.519
10/5/2019,08:24:06 pm,0,808.43,3.109
10/5/2019,08:54:06 pm,0,808.16,3.705
10/5/2019,09:24:06 pm,0,807.94,3.959
10/5/2019,09:54:06 pm,0,807.73,4.514
10/5/2019,10:24:06 pm,0,807.90,5.067
10/5/2019,10:54:06 pm,0,807.86,5.385
10/5/2019,11:24:06 pm,0,807.85,5.380
10/5/2019,11:54:06 pm,0,807.85,5.322
10/6/2019,12:24:06 am,0,807.91,5.277
10/6/2019,12:54:06 am,0,807.83,5.250
10/6/2019,01:24:06 am,0,807.79,5.236
10/6/2019,01:54:06 am,0,807.86,5.211
10/6/2019,02:24:06 am,0,807.95,5.165
10/6/2019,02:54:06 am,0,807.93,5.095
10/6/2019,03:24:06 am,0,807.94,4.999
10/6/2019,03:54:06 am,0,808.02,4.892
10/6/2019,04:24:06 am,0,808.12,4.775
10/6/2019,04:54:06 am,0,808.33,4.648
10/6/2019,05:24:06 am,0,808.43,4.519
10/6/2019,05:54:06 am,0,808.58,4.364
10/6/2019,06:24:06 am,0,808.64,4.237
10/6/2019,06:54:06 am,0,808.51,4.149
10/6/2019,07:24:06 am,0,808.27,4.014
10/6/2019,07:54:06 am,0,808.30,3.882
10/6/2019,08:24:06 am,0,808.23,3.755
10/6/2019,08:54:06 am,0,808.35,3.648
10/6/2019,09:24:06 am,0,808.33,3.541
10/6/2019,09:54:06 am,0,808.24,3.452
10/6/2019,10:24:06 am,0,808.28,3.361
10/6/2019,10:54:06 am,0,808.25,3.267
10/6/2019,11:24:06 am,0,808.32,3.176
10/6/2019,11:54:06 am,0,808.34,3.075
10/6/2019,12:24:06 pm,0,808.26,2.983
10/6/2019,12:54:06 pm,0,808.45,2.886
10/6/2019,01:24:06 pm,0,808.74,2.800
10/6/2019,01:54:06 pm,0,808.87,2.709
10/6/2019,02:24:06 pm,0,808.98,2.633
10/6/2019,02:54:06 pm,0,809.01,2.556
10/6/2019,03:24:06 pm,0,809.18,2.468
10/6/2019,03:54:06 pm,0,809.38,2.403
10/6/2019,04:24:06 pm,0,809.54,2.354
10/6/2019,04:54:06 pm,0,809.74,2.348
10/6/2019,05:24:06 pm,0,809.78,2.366
10/6/2019,05:54:06 pm,0,809.90,2.421
10/6/2019,06:24:06 pm,0,809.87,2.517
10/6/2019,06:54:06 pm,0,809.70,2.685
10/6/2019,07:24:06 pm,0,809.71,3.008
10/6/2019,07:54:06 pm,0,809.58,3.607
10/6/2019,08:24:06 pm,0,809.42,4.188
10/6/2019,08:54:06 pm,0,809.13,4.765
10/6/2019,09:24:06 pm,0,808.91,5.128
10/6/2019,09:54:06 pm,0,808.74,5.711
10/6/2019,10:24:06 pm,0,808.69,6.228
10/6/2019,10:54:06 pm,0,808.57,6.531
10/6/2019,11:24:06 pm,0,808.60,6.492
10/6/2019,11:54:06 pm,0,808.58,6.412
10/7/2019,12:24:06 am,0,808.57,6.347
10/7/2019,12:54:06 am,0,808.54,6.301
10/7/2019,01:24:06 am,0,808.63,6.260
10/7/2019,01:54:06 am,0,808.66,6.211
10/7/2019,02:24:06 am,0,808.85,6.139
10/7/2019,02:54:06 am,0,809.01,6.040
10/7/2019,03:24:06 am,0,809.22,5.921
10/7/2019,03:54:06 am,0,809.49,5.781
10/7/2019,04:24:06 am,0,809.59,5.642
10/7/2019,04:54:06 am,0,809.67,5.507
10/7/2019,05:24:06 am,0,809.71,5.360
10/7/2019,05:54:06 am,0,809.62,5.220
10/7/2019,06:24:06 am,0,809.52,5.083
10/7/2019,06:54:06 am,0,809.50,4.958
10/7/2019,07:24:06 am,0,809.23,4.832
10/7/2019,07:54:06 am,0,809.26,4.715
10/7/2019,08:24:06 am,0,809.25,4.607
10/7/2019,08:54:06 am,0,809.26,4.511
10/7/2019,09:24:06 am,0,809.29,4.437
10/7/2019,09:54:06 am,0,808.98,4.360
10/7/2019,10:24:06 am,0,808.66,4.288
10/7/2019,10:54:06 am,0,808.60,4.220
10/7/2019,11:24:06 am,0,808.44,4.140
10/7/2019,11:54:06 am,0,808.43,4.080
10/7/2019,12:24:06 pm,0,808.47,4.014
10/7/2019,12:54:06 pm,0,808.61,3.938
10/7/2019,01:24:06 pm,0,808.67,3.850
10/7/2019,01:54:06 pm,0,808.80,3.768
10/7/2019,02:24:06 pm,0,808.73,3.680
10/7/2019,02:54:06 pm,0,808.77,3.595
10/7/2019,03:24:06 pm,0,808.69,3.527
10/7/2019,03:54:06 pm,0,808.69,3.472
10/7/2019,04:24:06 pm,0,808.62,3.419
10/7/2019,04:54:06 pm,0,808.40,3.393
10/7/2019,05:24:06 pm,0,808.28,3.456
10/7/2019,05:54:06 pm,0,808.25,3.556
10/7/2019,06:24:06 pm,0,808.25,3.717
10/7/2019,06:54:06 pm,0,808.19,3.904
10/7/2019,07:24:06 pm,0,807.92,4.167
10/7/2019,07:54:06 pm,0,807.62,4.610
10/7/2019,08:24:06 pm,0,807.27,4.828
10/7/2019,08:54:06 pm,0,806.87,5.042
10/7/2019,09:24:06 pm,0,806.72,5.253
10/7/2019,09:54:06 pm,0,806.58,5.477
10/7/2019,10:24:06 pm,0,806.60,5.785
10/7/2019,10:54:06 pm,0,806.33,5.922
10/7/2019,11:24:06 pm,0,806.20,6.009
10/7/2019,11:54:06 pm,0,806.15,6.042
10/8/2019,12:24:06 am,0,806.03,6.026
10/8/2019,12:54:06 am,0,805.94,5.982
10/8/2019,01:24:06 am,0,805.92,5.937
10/8/2019,01:54:06 am,0,806.01,5.904
10/8/2019,02:24:06 am,0,806.12,5.864
10/8/2019,02:54:06 am,0,806.31,5.817
10/8/2019,03:24:06 am,0,806.53,5.755
10/8/2019,03:54:06 am,0,806.38,5.660
10/8/2019,04:24:06 am,0,806.33,5.554
10/8/2019,04:54:06 am,0,806.36,5.435
10/8/2019,05:24:06 am,0,806.37,5.313
10/8/2019,05:54:06 am,0,806.32,5.179
10/8/2019,06:24:06 am,0,806.27,5.050
10/8/2019,06:54:06 am,0,806.33,4.906
10/8/2019,07:24:06 am,0,806.19,4.769
10/8/2019,07:54:06 am,0,806.09,4.659
10/8/2019,08:24:06 am,0,805.97,4.523
10/8/2019,08:54:06 am,0,805.82,4.398
10/8/2019,09:24:06 am,0,805.77,4.279
10/8/2019,09:54:06 am,0,805.63,4.161
10/8/2019,10:24:06 am,0,805.28,4.050
10/8/2019,10:54:06 am,0,805.18,3.926
10/8/2019,11:24:06 am,0,805.20,3.804
10/8/2019,11:54:06 am,0,805.15,3.678
10/8/2019,12:24:06 pm,0,805.12,3.564
10/8/2019,12:54:06 pm,0,805.13,3.453
10/8/2019,01:24:06 pm,0,805.04,3.336
10/8/2019,01:54:06 pm,0,804.89,3.221
10/8/2019,02:24:06 pm,0,804.88,3.117
10/8/2019,02:54:06 pm,0,804.88,3.025
10/8/2019,03:24:06 pm,0,805.00,2.935
10/8/2019,03:54:06 pm,0,805.05,2.835
10/8/2019,04:24:06 pm,0,805.02,2.752
10/8/2019,04:54:06 pm,0,804.94,2.708
10/8/2019,05:24:06 pm,0,804.83,2.696
10/8/2019,05:54:06 pm,0,804.66,2.733
10/8/2019,06:24:06 pm,0,804.56,2.813
10/8/2019,06:54:06 pm,0,804.57,2.930
10/8/2019,07:24:06 pm,0,804.36,3.208
10/8/2019,07:54:06 pm,0,803.98,3.782
10/8/2019,08:24:06 pm,0,803.69,4.369
10/8/2019,08:54:06 pm,0,803.51,4.856
10/8/2019,09:24:06 pm,0,803.29,5.032
10/8/2019,09:54:06 pm,0,803.21,5.404
10/8/2019,10:24:06 pm,0,803.27,5.825
10/8/2019,10:54:06 pm,0,803.24,6.049
10/8/2019,11:24:06 pm,0,803.30,6.113
10/8/2019,11:54:06 pm,0,803.28,6.118
10/9/2019,12:24:06 am,0,803.06,6.096
10/9/2019,12:54:06 am,0,802.95,6.061
10/9/2019,01:24:06 am,0,802.82,6.008
10/9/2019,01:54:06 am,0,802.92,5.940
10/9/2019,02:24:06 am,0,802.89,5.861
10/9/2019,02:54:06 am,0,802.91,5.774
10/9/2019,03:24:06 am,0,803.06,5.677
10/9/2019,03:54:06 am,0,803.05,5.566
10/9/2019,04:24:06 am,0,802.89,5.448
10/9/2019,04:54:06 am,0,802.83,5.329
10/9/2019,05:24:06 am,0,802.76,5.209
10/9/2019,05:54:06 am,0,802.76,5.073
10/9/2019,06:24:06 am,0,802.72,4.938
10/9/2019,06:54:06 am,0,802.67,4.796
10/9/2019,07:24:06 am,0,802.26,4.671
10/9/2019,07:54:06 am,0,802.08,4.541
10/9/2019,08:24:06 am,0,801.92,4.434
10/9/2019,08:54:06 am,0,801.88,4.317
10/9/2019,09:24:06 am,0,801.68,4.187
10/9/2019,09:54:06 am,0,801.47,4.093
10/9/2019,10:24:06 am,0,800.97,3.980
10/9/2019,10:54:06 am,0,800.91,3.883
10/9/2019,11:24:06 am,0,801.03,3.759
10/9/2019,11:54:06 am,0,800.81,3.623
10/9/2019,12:24:06 pm,0,800.82,3.486
10/9/2019,12:54:06 pm,0,800.74,3.386
10/9/2019,01:24:06 pm,0,800.60,3.237
10/9/2019,01:54:06 pm,0,800.59,3.117
10/9/2019,02:24:06 pm,0,800.72,2.999
10/9/2019,02:54:06 pm,0,800.60,2.880
10/9/2019,03:24:06 pm,0,800.52,2.786
10/9/2019,03:54:06 pm,0,800.79,2.692
10/9/2019,04:24:06 pm,0,800.93,2.600
10/9/2019,04:54:06 pm,0,800.73,2.560
10/9/2019,05:24:06 pm,0,800.52,2.521
10/9/2019,05:54:06 pm,0,800.43,2.520
10/9/2019,06:24:06 pm,0,800.24,2.559
10/9/2019,06:54:06 pm,0,799.94,2.624
10/9/2019,07:24:06 pm,0,799.81,2.859
10/9/2019,07:54:06 pm,0,799.72,3.477
10/9/2019,08:24:06 pm,0,799.45,3.987
10/9/2019,08:54:06 pm,0,799.33,4.393
10/9/2019,09:24:06 pm,0,799.18,4.524
10/9/2019,09:54:06 pm,0,799.18,4.843
10/9/2019,10:24:06 pm,0,799.07,5.254
10/9/2019,10:54:06 pm,0,799.12,5.508
10/9/2019,11:24:06 pm,0,799.06,5.556
10/9/2019,11:54:06 pm,0,799.21,5.505
10/10/2019,12:24:06 am,0,799.10,5.409
10/10/2019,12:54:06 am,0,799.24,5.322
10/10/2019,01:24:06 am,0,799.40,5.252
10/10/2019,01:54:06 am,0,799.56,5.188
10/10/2019,02:24:06 am,0,799.68,5.116
10/10/2019,02:54:06 am,0,799.92,5.037
10/10/2019,03:24:06 am,0,800.07,4.939
10/10/2019,03:54:06 am,0,800.30,4.828
10/10/2019,04:24:06 am,0,800.29,4.708
10/10/2019,04:54:06 am,0,800.53,4.590
10/10/2019,05:24:06 am,0,800.85,4.449
10/10/2019,05:54:06 am,0,800.82,4.300
10/10/2019,06:24:06 am,0,800.97,4.173
10/10/2019,06:54:06 am,0,800.93,4.038
10/10/2019,07:24:06 am,0,800.94,3.904
10/10/2019,07:54:06 am,0,800.88,3.789
10/10/2019,08:24:06 am,0,801.01,3.670
10/10/2019,08:54:06 am,0,801.10,3.565
10/10/2019,09:24:06 am,0,801.16,3.348
10/10/2019,09:54:06 am,0,801.11,3.148
10/10/2019,10:24:06 am,0,800.94,2.970
10/10/2019,10:54:06 am,0,800.85,2.830
10/10/2019,11:24:06 am,0,800.95,2.653
10/10/2019,11:54:06 am,0,801.08,2.485
10/10/2019,12:24:06 pm,0,801.03,2.341
10/10/2019,12:54:06 pm,0,801.28,2.193
10/10/2019,01:24:06 pm,0,801.53,2.027
10/10/2019,01:54:06 pm,0,801.56,1.858
10/10/2019,02:24:06 pm,0,801.93,1.718
10/10/2019,02:54:06 pm,0,802.21,1.573
10/10/2019,03:24:06 pm,0,802.53,1.448
10/10/2019,03:54:06 pm,0,802.79,1.337
10/10/2019,04:24:06 pm,0,803.05,1.238
10/10/2019,04:54:06 pm,0,803.04,1.184
10/10/2019,05:24:06 pm,0,803.12,1.142
10/10/2019,05:54:06 pm,0,803.05,1.133
10/10/2019,06:24:06 pm,0,803.25,1.205
10/10/2019,06:54:06 pm,0,803.40,1.296
10/10/2019,07:24:06 pm,0,803.48,1.529
10/10/2019,07:54:06 pm,0,803.52,2.204
10/10/2019,08:24:06 pm,0,803.52,2.711
10/10/2019,08:54:06 pm,0,803.25,3.193
10/10/2019,09:24:06 pm,0,803.23,3.368
10/10/2019,09:54:06 pm,0,803.24,3.725
10/10/2019,10:24:06 pm,0,803.35,4.252
10/10/2019,10:54:06 pm,0,803.21,4.614
10/10/2019,11:24:06 pm,0,803.05,4.612
10/10/2019,11:54:06 pm,0,803.13,4.512
10/11/2019,12:24:06 am,0,803.19,4.370
10/11/2019,12:54:06 am,0,803.22,4.224
10/11/2019,01:24:06 am,0,803.25,4.105
10/11/2019,01:54:06 am,0,803.14,4.029
10/11/2019,02:24:06 am,0,803.31,3.957
10/11/2019,02:54:06 am,0,803.44,3.889
10/11/2019,03:24:06 am,0,803.64,3.852
10/11/2019,03:54:06 am,0,803.81,3.756
10/11/2019,04:24:06 am,0,804.03,3.570
10/11/2019,04:54:06 am,0,804.14,3.404
10/11/2019,05:24:06 am,0,804.19,3.232
10/11/2019,05:54:06 am,0,804.25,3.069
10/11/2019,06:24:06 am,0,804.18,2.943
10/11/2019,06:54:06 am,0,804.06,2.758
10/11/2019,07:24:06 am,0,804.08,2.610
10/11/2019,07:54:06 am,0,803.88,2.459
10/11/2019,08:24:06 am,0,803.91,2.299
10/11/2019,08:54:06 am,0,803.98,2.145
10/11/2019,09:24:06 am,0,803.96,2.011
10/11/2019,09:54:06 am,0,803.90,1.896
10/11/2019,10:24:06 am,0,803.75,1.789
10/11/2019,10:54:06 am,0,803.57,1.683
10/11/2019,11:24:06 am,0,803.66,1.575
10/11/2019,11:54:06 am,0,803.75,1.486
10/11/2019,12:24:06 pm,0,804.13,1.396
10/11/2019,12:54:06 pm,0,804.65,1.299
10/11/2019,01:24:06 pm,0,805.01,1.205
10/11/2019,01:54:06 pm,0,805.11,1.108
10/11/2019,02:24:06 pm,0,805.27,1.015
10/11/2019,02:54:06 pm,0,805.30,0.931
10/11/2019,03:24:06 pm,0,805.38,0.854
10/11/2019,03:54:06 pm,0,805.33,0.784
10/11/2019,04:24:06 pm,0,805.09,0.739
10/11/2019,04:54:06 pm,0,804.92,0.704
10/11/2019,05:24:06 pm,0,804.83,0.695
10/11/2019,05:54:06 pm,0,804.76,0.721
10/11/2019,06:24:06 pm,0,804.69,0.807
10/11/2019,06:54:06 pm,0,804.53,0.931
10/11/2019,07:24:06 pm,0,804.48,1.200
10/11/2019,07:54:06 pm,0,804.14,1.848
10/11/2019,08:24:06 pm,0,803.96,2.380
10/11/2019,08:54:06 pm,0,803.52,2.875
10/11/2019,09:24:06 pm,0,803.32,3.044
10/11/2019,09:54:06 pm,0,803.16,3.462
10/11/2019,10:24:06 pm,0,802.91,3.990
10/11/2019,10:54:06 pm,0,802.65,4.281
10/11/2019,11:24:06 pm,0,802.45,4.297
10/11/2019,11:54:06 pm,0,802.36,4.288
10/12/2019,12:24:06 am,0,802.36,4.200
10/12/2019,12:54:06 am,0,802.27,4.105
10/12/2019,01:24:06 am,0,802.16,4.022
10/12/2019,01:54:06 am,0,802.25,3.963
10/12/2019,02:24:06 am,0,802.31,3.883
10/12/2019,02:54:06 am,0,802.39,3.810
10/12/2019,03:24:06 am,0,802.40,3.730
10/12/2019,03:54:06 am,0,802.52,3.666
10/12/2019,04:24:06 am,0,802.50,3.611
10/12/2019,04:54:06 am,0,802.51,3.518
10/12/2019,05:24:06 am,0,802.42,3.413
10/12/2019,05:54:06 am,0,802.37,3.278
10/12/2019,06:24:06 am,0,802.27,3.162
10/12/2019,06:54:06 am,0,802.17,2.991
10/12/2019,07:24:06 am,0,801.99,2.843
10/12/2019,07:54:06 am,0,801.86,2.708
10/12/2019,08:24:06 am,0,802.00,2.566
10/12/2019,08:54:06 am,0,801.82,2.449
10/12/2019,09:24:06 am,0,801.58,2.326
10/12/2019,09:54:06 am,0,801.44,2.218
10/12/2019,10:24:06 am,0,801.17,2.116
10/12/2019,10:54:06 am,0,800.93,2.016
10/12/2019,11:24:06 am,0,800.88,1.924
10/12/2019,11:54:06 am,0,800.72,1.829
10/12/2019,12:24:06 pm,0,800.63,1.729
10/12/2019,12:54:06 pm,0,800.64,1.646
10/12/2019,01:24:06 pm,0,800.60,1.566
10/12/2019,01:54:06 pm,0,800.61,1.477
10/12/2019,02:24:06 pm,0,800.64,1.402
10/12/2019,02:54:06 pm,0,800.63,1.340
10/12/2019,03:24:06 pm,0,800.65,1.275
10/12/2019,03:54:06 pm,0,800.63,1.204
10/12/2019,04:24:06 pm,0,800.65,1.160
10/12/2019,04:54:06 pm,0,800.48,1.140
10/12/2019,05:24:06 pm,0,800.39,1.141
10/12/2019,05:54:06 pm,0,800.29,1.174
10/12/2019,06:24:06 pm,0,800.28,1.244
10/12/2019,06:54:06 pm,0,800.45,1.352
10/12/2019,07:24:06 pm,0,800.47,1.552
10/12/2019,07:54:06 pm,0,800.34,2.077
10/12/2019,08:24:06 pm,0,800.16,2.599
10/12/2019,08:54:06 pm,0,799.99,3.115
10/12/2019,09:24:06 pm,0,799.91,3.381
10/12/2019,09:54:06 pm,0,799.79,3.719
10/12/2019,10:24:06 pm,0,799.79,4.180
10/12/2019,10:54:06 pm,0,799.71,4.483
10/12/2019,11:24:06 pm,0,799.66,4.469
10/12/2019,11:54:06 pm,0,799.67,4.343
10/13/2019,12:24:06 am,0,799.48,4.205
10/13/2019,12:54:06 am,0,799.40,4.089
10/13/2019,01:24:06 am,0,799.50,4.005
10/13/2019,01:54:06 am,0,799.62,3.938
10/13/2019,02:24:06 am,0,799.78,3.868
10/13/2019,02:54:06 am,0,799.70,3.805
10/13/2019,03:24:06 am,0,799.65,3.733
10/13/2019,03:54:06 am,0,799.70,3.653
10/13/2019,04:24:06 am,0,799.68,3.567
10/13/2019,04:54:06 am,0,799.78,3.468
10/13/2019,05:24:06 am,0,799.79,3.380
10/13/2019,05:54:06 am,0,799.87,3.287
10/13/2019,06:24:06 am,0,799.85,3.189
10/13/2019,06:54:06 am,0,799.82,3.082
10/13/2019,07:24:06 am,0,799.94,2.969
10/13/2019,07:54:06 am,0,799.97,2.849
10/13/2019,08:24:06 am,0,800.06,2.731
10/13/2019,08:54:06 am,0,799.91,2.619
10/13/2019,09:24:06 am,0,799.75,2.505
10/13/2019,09:54:06 am,0,799.49,2.391
10/13/2019,10:24:06 am,0,799.29,2.275
10/13/2019,10:54:06 am,0,799.09,2.171
10/13/2019,11:24:06 am,0,798.94,2.071
10/13/2019,11:54:06 am,0,799.00,1.975
10/13/2019,12:24:06 pm,0,799.17,1.876
10/13/2019,12:54:06 pm,0,799.26,1.781
10/13/2019,01:24:06 pm,0,799.34,1.683
10/13/2019,01:54:06 pm,0,799.49,1.577
10/13/2019,02:24:06 pm,0,799.47,1.493
10/13/2019,02:54:06 pm,0,799.36,1.397
10/13/2019,03:24:06 pm,0,799.40,1.310
10/13/2019,03:54:06 pm,0,799.43,1.239
10/13/2019,04:24:06 pm,0,799.28,1.174
10/13/2019,04:54:06 pm,0,799.25,1.131
10/13/2019,05:24:06 pm,0,799.07,1.088
10/13/2019,05:54:06 pm,0,799.14,1.104
10/13/2019,06:24:06 pm,0,799.25,1.143
10/13/2019,06:54:06 pm,0,799.24,1.233
10/13/2019,07:24:06 pm,0,799.18,1.424
10/13/2019,07:54:06 pm,0,799.10,1.963
10/13/2019,08:24:06 pm,0,798.95,2.397
10/13/2019,08:54:06 pm,0,798.83,2.825
10/13/2019,09:24:06 pm,0,798.61,2.999
10/13/2019,09:54:06 pm,0,798.62,3.210
10/13/2019,10:24:06 pm,0,798.67,3.618
10/13/2019,10:54:06 pm,0,798.66,3.807
10/13/2019,11:24:06 pm,0,798.62,3.820
10/13/2019,11:54:06 pm,0,798.73,3.818
10/14/2019,12:24:06 am,0,798.68,3.805
10/14/2019,12:54:06 am,0,798.73,3.758
10/14/2019,01:24:06 am,0,798.92,3.696
10/14/2019,01:54:06 am,0,798.98,3.627
10/14/2019,02:24:06 am,0,799.16,3.566
10/14/2019,02:54:06 am,0,799.30,3.523
10/14/2019,03:24:06 am,0,799.43,3.481
10/14/2019,03:54:06 am,0,799.53,3.415
10/14/2019,04:24:06 am,0,799.58,3.366
10/14/2019,04:54:06 am,0,799.69,3.295
10/14/2019,05:24:06 am,0,799.73,3.199
10/14/2019,05:54:06 am,0,799.97,3.103
10/14/2019,06:24:06 am,0,800.04,2.968
10/14/2019,06:54:06 am,0,799.98,2.854
10/14/2019,07:24:06 am,0,799.89,2.755
10/14/2019,07:54:06 am,0,799.87,2.639
10/14/2019,08:24:06 am,0,799.89,2.528
10/14/2019,08:54:06 am,0,799.87,2.415
10/14/2019,09:24:06 am,0,799.78,2.303
10/14/2019,09:54:06 am,0,799.96,2.198
10/14/2019,10:24:06 am,0,799.91,2.084
10/14/2019,10:54:06 am,0,799.95,1.955
10/14/2019,11:24:06 am,0,800.02,1.849
10/14/2019,11:54:06 am,0,800.19,1.735
10/14/2019,12:24:06 pm,0,800.25,1.627
10/14/2019,12:54:06 pm,0,800.38,1.537
10/14/2019,01:24:06 pm,0,800.49,1.447
10/14/2019,01:54:06 pm,0,800.65,1.336
10/14/2019,02:24:06 pm,0,800.82,1.246
10/14/2019,02:54:06 pm,0,801.08,1.169
10/14/2019,03:24:06 pm,0,801.28,1.091
10/14/2019,03:54:06 pm,0,801.48,1.014
10/14/2019,04:24:06 pm,0,801.44,0.933
10/14/2019,04:54:06 pm,0,801.32,0.883
10/14/2019,05:24:06 pm,0,801.43,0.865
10/14/2019,05:54:06 pm,0,801.67,0.871
10/14/2019,06:24:06 pm,0,801.81,0.908
10/14/2019,06:54:06 pm,0,802.08,1.004
10/14/2019,07:24:06 pm,0,802.00,1.217
10/14/2019,07:54:06 pm,0,801.81,1.831
10/14/2019,08:24:06 pm,0,801.72,2.327
10/14/2019,08:54:06 pm,0,801.72,2.744
10/14/2019,09:24:06 pm,0,801.78,2.923
10/14/2019,09:54:06 pm,0,801.86,3.298
10/14/2019,10:24:06 pm,0,802.13,3.835
10/14/2019,10:54:06 pm,0,802.29,4.182
10/14/2019,11:24:06 pm,0,802.39,4.204
10/14/2019,11:54:06 pm,0,802.38,4.131
10/15/2019,12:24:06 am,0,802.57,4.006
10/15/2019,12:54:06 am,0,802.87,3.890
10/15/2019,01:24:06 am,0,803.21,3.799
10/15/2019,01:54:06 am,0,803.53,3.732
10/15/2019,02:24:06 am,0,803.80,3.673
10/15/2019,02:54:06 am,0,803.94,3.620
10/15/2019,03:24:06 am,0,804.09,3.551
10/15/2019,03:54:06 am,0,804.32,3.483
10/15/2019,04:24:06 am,0,804.37,3.405
10/15/2019,04:54:06 am,0,804.66,3.287
10/15/2019,05:24:06 am,0,804.66,3.146
10/15/2019,05:54:06 am,0,804.80,2.997
10/15/2019,06:24:06 am,0,804.92,2.862
10/15/2019,06:54:06 am,0,805.10,2.750
10/15/2019,07:24:06 am,0,805.09,2.641
10/15/2019,07:54:06 am,0,805.18,2.527
10/15/2019,08:24:06 am,0,805.52,2.412
10/15/2019,08:54:06 am,0,805.74,2.254
10/15/2019,09:24:06 am,0,806.04,2.147
10/15/2019,09:54:06 am,0,806.03,2.049
10/15/2019,10:24:06 am,0,806.06,1.937
10/15/2019,10:54:06 am,0,806.06,1.825
10/15/2019,11:24:06 am,0,805.85,1.730
10/15/2019,11:54:06 am,0,806.01,1.630
10/15/2019,12:24:06 pm,0,806.05,1.527
10/15/2019,12:54:06 pm,0,806.26,1.425
10/15/2019,01:24:06 pm,0,806.55,1.344
10/15/2019,01:54:06 pm,0,806.76,1.267
10/15/2019,02:24:06 pm,0,806.96,1.186
10/15/2019,02:54:06 pm,0,807.11,1.108
10/15/2019,03:24:06 pm,0,807.23,1.047
10/15/2019,03:54:06 pm,0,807.23,0.981
10/15/2019,04:24:06 pm,0,807.18,0.913
10/15/2019,04:54:06 pm,0,807.11,0.857
10/15/2019,05:24:06 pm,0,807.16,0.847
10/15/2019,05:54:06 pm,0,807.33,0.867
10/15/2019,06:24:06 pm,0,807.62,0.924
10/15/2019,06:54:06 pm,0,807.76,1.037
10/15/2019,07:24:06 pm,0,807.58,1.276
10/15/2019,07:54:06 pm,0,807.46,1.905
10/15/2019,08:24:06 pm,0,807.21,2.423
10/15/2019,08:54:06 pm,0,806.95,2.860
10/15/2019,09:24:06 pm,0,806.97,3.056
10/15/2019,09:54:06 pm,0,806.84,3.414
10/15/2019,10:24:06 pm,0,806.41,3.980
10/15/2019,10:54:06 pm,0,806.54,4.356
10/15/2019,11:24:06 pm,0,806.52,4.349
10/15/2019,11:54:06 pm,0,806.42,4.285
10/16/2019,12:24:06 am,0,806.34,4.191
10/16/2019,12:54:06 am,0,806.28,4.107
10/16/2019,01:24:06 am,0,806.26,4.030
10/16/2019,01:54:06 am,0,806.33,3.987
10/16/2019,02:24:06 am,0,806.62,3.937
10/16/2019,02:54:06 am,0,806.88,3.888
10/16/2019,03:24:06 am,0,806.91,3.824
10/16/2019,03:54:06 am,0,806.91,3.747
10/16/2019,04:24:06 am,0,806.93,3.669
10/16/2019,04:54:06 am,0,807.11,3.581
10/16/2019,05:24:06 am,0,807.16,3.477
10/16/2019,05:54:06 am,0,807.09,3.366
10/16/2019,06:24:06 am,0,807.13,3.267
10/16/2019,06:54:06 am,0,807.02,3.173
10/16/2019,07:24:06 am,0,807.01,3.064
10/16/2019,07:54:06 am,0,806.84,2.984
10/16/2019,08:24:06 am,0,806.88,2.865
10/16/2019,08:54:06 am,0,806.82,2.753
10/16/2019,09:24:06 am,0,806.58,2.631
10/16/2019,09:54:06 am,0,806.68,2.524
10/16/2019,10:24:06 am,0,806.45,2.398
10/16/2019,10:54:06 am,0,806.51,2.271
10/16/2019,11:24:06 am,0,806.54,2.145
10/16/2019,11:54:06 am,0,806.60,2.028
10/16/2019,12:24:06 pm,0,806.54,1.916
10/16/2019,12:54:06 pm,0,806.30,1.797
10/16/2019,01:24:06 pm,0,806.27,1.690
10/16/2019,01:54:06 pm,0,806.07,1.586
10/16/2019,02:24:06 pm,0,805.98,1.481
10/16/2019,02:54:06 pm,0,806.14,1.397
10/16/2019,03:24:06 pm,0,806.13,1.330
10/16/2019,03:54:06 pm,0,806.13,1.289
10/16/2019,04:24:06 pm,0,806.04,1.263
10/16/2019,04:54:06 pm,0,805.75,1.265
10/16/2019,05:24:06 pm,0,805.79,1.299
10/16/2019,05:54:06 pm,0,805.51,1.366
10/16/2019,06:24:06 pm,0,805.23,1.453
10/16/2019,06:54:06 pm,0,805.33,1.598
10/16/2019,07:24:06 pm,0,804.88,1.804
10/16/2019,07:54:06 pm,0,804.52,2.331
10/16/2019,08:24:06 pm,0,803.98,2.705
10/16/2019,08:54:06 pm,0,803.61,3.094
10/16/2019,09:24:06 pm,0,803.69,3.283
10/16/2019,09:54:06 pm,0,803.16,3.511
10/16/2019,10:24:06 pm,0,802.94,3.693
10/16/2019,10:54:06 pm,0,802.66,3.786
10/16/2019,11:24:06 pm,0,802.35,3.853
10/16/2019,11:54:06 pm,0,801.95,3.868
10/17/2019,12:24:06 am,0,802.14,3.869
10/17/2019,12:54:06 am,0,802.13,3.843
10/17/2019,01:24:06 am,0,801.84,3.821
10/17/2019,01:54:06 am,0,801.59,3.780
10/17/2019,02:24:06 am,0,801.45,3.739
10/17/2019,02:54:06 am,0,801.47,3.689
10/17/2019,03:24:06 am,0,801.23,3.628
10/17/2019,03:54:06 am,0,801.11,3.574
10/17/2019,04:24:06 am,0,800.98,3.528
10/17/2019,04:54:06 am,0,801.09,3.468
10/17/2019,05:24:06 am,0,800.96,3.419
10/17/2019,05:54:06 am,0,800.67,3.363
10/17/2019,06:24:06 am,0,800.46,3.301
10/17/2019,06:54:06 am,0,800.00,3.249
10/17/2019,07:24:06 am,0,799.71,3.183
10/17/2019,07:54:06 am,0,799.31,3.104
10/17/2019,08:24:06 am,0,799.09,3.024
10/17/2019,08:54:06 am,0,799.00,2.977
10/17/2019,09:24:06 am,0,798.78,2.932
10/17/2019,09:54:06 am,0,799.07,2.884
10/17/2019,10:24:06 am,0,798.94,2.825
10/17/2019,10:54:06 am,0,798.73,2.777
10/17/2019,11:24:06 am,0,798.45,2.713
10/17/2019,11:54:06 am,0,798.53,2.659
10/17/2019,12:24:06 pm,0,798.68,2.590
10/17/2019,12:54:06 pm,0,798.29,2.518
10/17/2019,01:24:06 pm,0,797.42,2.441
10/17/2019,01:54:06 pm,0,797.22,2.376
10/17/2019,02:24:06 pm,0,797.36,2.309
10/17/2019,02:54:06 pm,0,797.26,2.265
10/17/2019,03:24:06 pm,0,797.60,2.224
10/17/2019,03:54:06 pm,0,797.27,2.202
10/17/2019,04:24:06 pm,0,797.16,2.195
10/17/2019,04:54:06 pm,0,797.65,2.179
10/17/2019,05:24:06 pm,0,798.04,2.166
10/17/2019,05:54:06 pm,0,798.48,2.192
10/17/2019,06:24:06 pm,0,798.29,2.236
10/17/2019,06:54:06 pm,0,798.09,2.315
10/17/2019,07:24:06 pm,0,797.36,2.490
10/17/2019,07:54:06 pm,0,797.24,3.029
10/17/2019,08:24:06 pm,0,796.90,3.413
10/17/2019,08:54:06 pm,0,797.03,3.479
10/17/2019,09:24:06 pm,0,797.02,3.437
10/17/2019,09:54:06 pm,0,797.18,3.439
10/17/2019,10:24:06 pm,0,797.31,3.481
10/17/2019,10:54:06 pm,0,797.41,3.623
10/17/2019,11:24:06 pm,0,797.55,3.640
10/17/2019,11:54:06 pm,0,797.49,3.620
10/18/2019,12:24:06 am,0,797.51,3.582
10/18/2019,12:54:06 am,0,797.46,3.542
10/18/2019,01:24:06 am,0,797.67,3.468
10/18/2019,01:54:06 am,0,797.78,3.388
10/18/2019,02:24:06 am,0,798.08,3.311
10/18/2019,02:54:06 am,0,798.02,3.219
10/18/2019,03:24:06 am,0,798.26,3.125
10/18/2019,03:54:06 am,0,798.28,3.025
10/18/2019,04:24:06 am,0,798.55,2.925
10/18/2019,04:54:06 am,0,798.82,2.827
10/18/2019,05:24:06 am,0,799.11,2.711
10/18/2019,05:54:06 am,0,799.17,2.592
10/18/2019,06:24:06 am,0,799.17,2.470
10/18/2019,06:54:06 am,0,799.31,2.353
10/18/2019,07:24:06 am,0,799.32,2.228
10/18/2019,07:54:06 am,0,799.54,2.111
10/18/2019,08:24:06 am,0,800.14,1.992
10/18/2019,08:54:06 am,0,799.86,1.871
10/18/2019,09:24:06 am,0,799.97,1.734
10/18/2019,09:54:06 am,0,800.08,1.594
10/18/2019,10:24:06 am,0,799.94,1.466
10/18/2019,10:54:06 am,0,800.23,1.341
10/18/2019,11:24:06 am,0,800.05,1.221
10/18/2019,11:54:06 am,0,800.07,1.088
10/18/2019,12:24:06 pm,0,799.94,0.962
10/18/2019,12:54:06 pm,0,800.06,0.854
10/18/2019,01:24:06 pm,0,800.41,0.755
10/18/2019,01:54:06 pm,0,800.58,0.666
10/18/2019,02:24:06 pm,0,800.66,0.575
10/18/2019,02:54:06 pm,0,800.35,0.498
10/18/2019,03:24:06 pm,0,800.67,0.430
10/18/2019,03:54:06 pm,0,800.70,0.371
10/18/2019,04:24:06 pm,0,801.00,0.322
10/18/2019,04:54:06 pm,0,800.84,0.279
10/18/2019,05:24:06 pm,0,801.06,0.277
10/18/2019,05:54:06 pm,0,801.10,0.309
10/18/2019,06:24:06 pm,0,801.17,0.357
10/18/2019,06:54:06 pm,0,801.69,0.415
10/18/2019,07:24:06 pm,0,801.80,0.600
10/18/2019,07:54:06 pm,0,801.84,1.007
10/18/2019,08:24:06 pm,0,801.67,1.260
10/18/2019,08:54:06 pm,0,801.81,1.580
10/18/2019,09:24:06 pm,0,801.82,1.667
10/18/2019,09:54:06 pm,0,801.83,1.975
10/18/2019,10:24:06 pm,0,801.92,2.460
10/18/2019,10:54:06 pm,0,801.91,2.787
10/18/2019,11:24:06 pm,0,801.86,2.782
10/18/2019,11:54:06 pm,0,801.82,2.727
10/19/2019,12:24:06 am,0,801.65,2.625
10/19/2019,12:54:06 am,0,801.80,2.523
10/19/2019,01:24:06 am,0,801.58,2.440
10/19/2019,01:54:06 am,0,801.75,2.364
10/19/2019,02:24:06 am,0,801.75,2.287
10/19/2019,02:54:06 am,0,801.72,2.219
10/19/2019,03:24:06 am,0,801.65,2.149
10/19/2019,03:54:06 am,0,801.69,2.066
10/19/2019,04:24:06 am,0,801.76,1.968
10/19/2019,04:54:06 am,0,801.54,1.845
10/19/2019,05:24:06 am,0,801.75,1.723
10/19/2019,05:54:06 am,0,801.94,1.601
10/19/2019,06:24:06 am,0,802.09,1.495
10/19/2019,06:54:06 am,0,802.24,1.415
10/19/2019,07:24:06 am,0,802.11,1.335
10/19/2019,07:54:06 am,0,802.07,1.259
10/19/2019,08:24:06 am,0,801.89,1.176
10/19/2019,08:54:06 am,0,802.06,1.087
10/19/2019,09:24:06 am,0,802.25,1.000
10/19/2019,09:54:06 am,0,801.87,0.892
10/19/2019,10:24:06 am,0,801.29,0.780
10/19/2019,10:54:06 am,0,801.57,0.689
10/19/2019,11:24:06 am,0,801.23,0.614
10/19/2019,11:54:06 am,0,801.39,0.545
10/19/2019,12:24:06 pm,0,801.40,0.483
10/19/2019,12:54:06 pm,0,801.29,0.426
10/19/2019,01:24:06 pm,0,801.42,0.372
10/19/2019,01:54:06 pm,0,801.58,0.323
10/19/2019,02:24:06 pm,0,801.52,0.282
10/19/2019,02:54:06 pm,0,802.34,0.255
10/19/2019,03:24:06 pm,0,803.02,0.258
10/19/2019,03:54:06 pm,0,802.94,0.249
10/19/2019,04:24:06 pm,0,803.01,0.240
10/19/2019,04:54:06 pm,0,802.95,0.246
10/19/2019,05:24:06 pm,0,803.03,0.276
10/19/2019,05:54:06 pm,0,802.91,0.365
10/19/2019,06:24:06 pm,0,803.46,0.443
10/19/2019,06:54:06 pm,0,803.79,0.512
10/19/2019,07:24:06 pm,0,804.08,0.686
10/19/2019,07:54:06 pm,0,803.85,1.011
10/19/2019,08:24:06 pm,0,803.35,1.427
10/19/2019,08:54:06 pm,0,802.89,1.863
10/19/2019,09:24:06 pm,0,802.96,2.035
10/19/2019,09:54:06 pm,0,802.78,2.324
10/19/2019,10:24:06 pm,0,802.41,2.849
10/19/2019,10:54:06 pm,0,802.66,3.142
10/19/2019,11:24:06 pm,0,802.65,3.141
10/19/2019,11:54:06 pm,0,802.37,3.087
10/20/2019,12:24:06 am,0,802.31,3.020
10/20/2019,12:54:06 am,0,802.30,2.954
10/20/2019,01:24:06 am,0,802.10,2.890
10/20/2019,01:54:06 am,0,802.21,2.821
10/20/2019,02:24:06 am,0,802.07,2.737
10/20/2019,02:54:06 am,0,802.20,2.660
10/20/2019,03:24:06 am,0,802.20,2.580
10/20/2019,03:54:06 am,0,801.76,2.503
10/20/2019,04:24:06 am,0,801.68,2.421
10/20/2019,04:54:06 am,0,801.86,2.324
10/20/2019,05:24:06 am,0,801.64,2.223
10/20/2019,05:54:06 am,0,801.69,2.112
10/20/2019,06:24:06 am,0,801.46,1.981
10/20/2019,06:54:06 am,0,802.13,1.891
10/20/2019,07:24:06 am,0,802.01,1.810
10/20/2019,07:54:06 am,0,801.89,1.722
10/20/2019,08:24:06 am,0,802.05,1.627
10/20/2019,08:54:06 am,0,801.92,1.532
10/20/2019,09:24:06 am,0,802.20,1.445
10/20/2019,09:54:06 am,0,802.26,1.337
10/20/2019,10:24:06 am,0,802.30,1.254
10/20/2019,10:54:06 am,0,802.55,1.173
10/20/2019,11:24:06 am,0,802.61,1.075
10/20/2019,11:54:06 am,0,802.56,0.971
10/20/2019,12:24:06 pm,0,802.74,0.883
10/20/2019,12:54:06 pm,0,802.80,0.785
10/20/2019,01:24:06 pm,0,802.88,0.695
10/20/2019,01:54:06 pm,0,802.86,0.612
10/20/2019,02:24:06 pm,0,803.07,0.543
10/20/2019,02:54:06 pm,0,803.36,0.479
10/20/2019,03:24:06 pm,0,803.61,0.430
10/20/2019,03:54:06 pm,0,803.86,0.383
10/20/2019,04:24:06 pm,0,803.87,0.343
10/20/2019,04:54:06 pm,0,804.13,0.319
10/20/2019,05:24:06 pm,0,804.38,0.314
10/20/2019,05:54:06 pm,0,804.47,0.339
10/20/2019,06:24:06 pm,0,804.63,0.394
10/20/2019,06:54:06 pm,0,805.04,0.461
10/20/2019,07:24:06 pm,0,805.18,0.691
10/20/2019,07:54:06 pm,0,805.41,1.214
10/20/2019,08:24:06 pm,0,805.31,1.612
10/20/2019,08:54:06 pm,0,805.30,2.048
10/20/2019,09:24:06 pm,0,805.15,2.257
10/20/2019,09:54:06 pm,0,805.18,2.586
10/20/2019,10:24:06 pm,0,805.12,3.083
10/20/2019,10:54:06 pm,0,805.17,3.380
10/20/2019,11:24:06 pm,0,805.30,3.404
10/20/2019,11:54:06 pm,0,805.35,3.375
10/21/2019,12:24:06 am,0,805.30,3.320
10/21/2019,12:54:06 am,0,805.31,3.245
10/21/2019,01:24:06 am,0,805.33,3.189
10/21/2019,01:54:06 am,0,805.46,3.144
10/21/2019,02:24:06 am,0,805.46,3.112
10/21/2019,02:54:06 am,0,805.60,3.057
10/21/2019,03:24:06 am,0,805.77,3.001
10/21/2019,03:54:06 am,0,805.75,2.919
10/21/2019,04:24:06 am,0,805.86,2.813
10/21/2019,04:54:06 am,0,806.23,2.706
10/21/2019,05:24:06 am,0,806.36,2.601
10/21/2019,05:54:06 am,0,806.40,2.517
10/21/2019,06:24:06 am,0,806.39,2.428
10/21/2019,06:54:06 am,0,806.43,2.334
10/21/2019,07:24:06 am,0,806.30,2.246
10/21/2019,07:54:06 am,0,806.47,2.147
10/21/2019,08:24:06 am,0,806.60,2.040
10/21/2019,08:54:06 am,0,806.59,1.933
10/21/2019,09:24:06 am,0,806.89,1.863
10/21/2019,09:54:06 am,0,806.94,1.786
10/21/2019,10:24:06 am,0,806.89,1.695
10/21/2019,10:54:06 am,0,806.94,1.620
10/21/2019,11:24:06 am,0,806.96,1.538
10/21/2019,11:54:06 am,0,807.13,1.462
10/21/2019,12:24:06 pm,0,807.46,1.377
10/21/2019,12:54:06 pm,0,807.68,1.297
10/21/2019,01:24:06 pm,0,808.05,1.221
10/21/2019,01:54:06 pm,0,808.08,1.132
10/21/2019,02:24:06 pm,0,808.29,1.050
10/21/2019,02:54:06 pm,0,808.40,1.002
10/21/2019,03:24:06 pm,0,808.92,0.945
10/21/2019,03:54:06 pm,0,809.10,0.890
10/21/2019,04:24:06 pm,0,809.31,0.858
10/21/2019,04:54:06 pm,0,809.42,0.843
10/21/2019,05:24:06 pm,0,809.44,0.839
10/21/2019,05:54:06 pm,0,809.50,0.864
10/21/2019,06:24:06 pm,0,809.92,0.938
10/21/2019,06:54:06 pm,0,809.79,1.024
10/21/2019,07:24:06 pm,0,809.83,1.268
10/21/2019,07:54:06 pm,0,809.49,1.902
10/21/2019,08:24:06 pm,0,809.51,2.377
10/21/2019,08:54:06 pm,0,809.31,2.845
10/21/2019,09:24:06 pm,0,809.21,2.971
10/21/2019,09:54:06 pm,0,809.17,3.227
10/21/2019,10:24:06 pm,0,809.13,3.746
10/21/2019,10:54:06 pm,0,809.28,4.135
10/21/2019,11:24:06 pm,0,809.36,4.155
10/21/2019,11:54:06 pm,0,809.52,4.094
10/22/2019,12:24:06 am,0,809.71,3.984
10/22/2019,12:54:06 am,0,809.75,3.901
10/22/2019,01:24:06 am,0,809.95,3.839
10/22/2019,01:54:06 am,0,810.34,3.784
10/22/2019,02:24:06 am,0,810.58,3.748
10/22/2019,02:54:06 am,0,810.86,3.673
10/22/2019,03:24:06 am,0,811.19,3.602
10/22/2019,03:54:06 am,0,811.15,3.522
10/22/2019,04:24:06 am,0,811.38,3.432
10/22/2019,04:54:06 am,0,811.62,3.317
10/22/2019,05:24:06 am,0,811.79,3.197
10/22/2019,05:54:06 am,0,811.93,3.054
10/22/2019,06:24:06 am,0,812.09,2.911
10/22/2019,06:54:06 am,0,812.15,2.792
10/22/2019,07:24:06 am,0,812.09,2.675
10/22/2019,07:54:06 am,0,812.16,2.530
10/22/2019,08:24:06 am,0,812.19,2.416
10/22/2019,08:54:06 am,0,812.36,2.301
10/22/2019,09:24:06 am,0,812.39,2.170
10/22/2019,09:54:06 am,0,812.31,2.043
10/22/2019,10:24:06 am,0,812.01,1.923
10/22/2019,10:54:06 am,0,811.78,1.800
10/22/2019,11:24:06 am,0,811.71,1.687
10/22/2019,11:54:06 am,0,811.62,1.574
10/22/2019,12:24:06 pm,0,811.84,1.474
10/22/2019,12:54:06 pm,0,812.02,1.372
10/22/2019,01:24:06 pm,0,812.04,1.277
10/22/2019,01:54:06 pm,0,812.11,1.188
10/22/2019,02:24:06 pm,0,812.14,1.097
10/22/2019,02:54:06 pm,0,812.06,1.029
10/22/2019,03:24:06 pm,0,812.17,0.963
10/22/2019,03:54:06 pm,0,812.32,0.896
10/22/2019,04:24:06 pm,0,812.25,0.847
10/22/2019,04:54:06 pm,0,812.12,0.803
10/22/2019,05:24:06 pm,0,811.95,0.795
10/22/2019,05:54:06 pm,0,811.84,0.794
10/22/2019,06:24:06 pm,0,811.92,0.826
10/22/2019,06:54:06 pm,0,811.77,0.888
10/22/2019,07:24:06 pm,0,811.60,1.129
10/22/2019,07:54:06 pm,0,811.17,1.726
10/22/2019,08:24:06 pm,0,810.93,2.178
10/22/2019,08:54:06 pm,0,810.35,2.583
10/22/2019,09:24:06 pm,0,810.17,2.724
10/22/2019,09:54:06 pm,0,809.71,2.997
10/22/2019,10:24:06 pm,0,809.55,3.537
10/22/2019,10:54:06 pm,0,809.34,3.909
10/22/2019,11:24:06 pm,0,809.34,3.943
10/22/2019,11:54:06 pm,0,809.15,3.909
10/23/2019,12:24:06 am,0,808.77,3.843
10/23/2019,12:54:06 am,0,808.81,3.763
10/23/2019,01:24:06 am,0,808.97,3.711
10/23/2019,01:54:06 am,0,808.93,3.674
10/23/2019,02:24:06 am,0,808.94,3.632
10/23/2019,02:54:06 am,0,809.12,3.595
10/23/2019,03:24:06 am,0,809.03,3.542
10/23/2019,03:54:06 am,0,809.04,3.469
10/23/2019,04:24:06 am,0,809.09,3.398
10/23/2019,04:54:06 am,0,809.05,3.333
10/23/2019,05:24:06 am,0,809.01,3.243
10/23/2019,05:54:06 am,0,808.86,3.142
10/23/2019,06:24:06 am,0,808.52,3.034
10/23/2019,06:54:06 am,0,808.41,2.932
10/23/2019,07:24:06 am,0,808.13,2.844
10/23/2019,07:54:06 am,0,807.85,2.725
10/23/2019,08:24:06 am,0,807.92,2.624
10/23/2019,08:54:06 am,0,807.90,2.526
10/23/2019,09:24:06 am,0,807.85,2.439
10/23/2019,09:54:06 am,0,807.55,2.355
10/23/2019,10:24:06 am,0,807.04,2.276
10/23/2019,10:54:06 am,0,806.77,2.195
10/23/2019,11:24:06 am,0,806.92,2.109
10/23/2019,11:54:06 am,0,806.74,2.013
10/23/2019,12:24:06 pm,0,806.69,1.917
10/23/2019,12:54:06 pm,0,806.59,1.831
10/23/2019,01:24:06 pm,0,806.44,1.753
10/23/2019,01:54:06 pm,0,806.20,1.672
10/23/2019,02:24:06 pm,0,806.07,1.597
10/23/2019,02:54:06 pm,0,805.82,1.537
10/23/2019,03:24:06 pm,0,806.03,1.469
10/23/2019,03:54:06 pm,0,806.17,1.406
10/23/2019,04:24:06 pm,0,806.06,1.344
10/23/2019,04:54:06 pm,0,806.14,1.291
10/23/2019,05:24:06 pm,0,805.76,1.289
10/23/2019,05:54:06 pm,0,805.97,1.314
10/23/2019,06:24:06 pm,0,805.86,1.375
10/23/2019,06:54:06 pm,0,806.04,1.454
10/23/2019,07:24:06 pm,0,805.85,1.670
10/23/2019,07:54:06 pm,0,805.61,2.226
10/23/2019,08:24:06 pm,0,805.71,2.690
10/23/2019,08:54:06 pm,0,805.46,3.097
10/23/2019,09:24:06 pm,0,805.35,3.227
10/23/2019,09:54:06 pm,0,805.37,3.372
10/23/2019,10:24:06 pm,0,805.38,3.818
10/23/2019,10:54:06 pm,0,805.24,4.171
10/23/2019,11:24:06 pm,0,805.27,4.211
10/23/2019,11:54:06 pm,0,805.21,4.183
10/24/2019,12:24:06 am,0,805.33,4.117
10/24/2019,12:54:06 am,0,805.48,4.049
10/24/2019,01:24:06 am,0,805.50,3.984
10/24/2019,01:54:06 am,0,805.53,3.936
10/24/2019,02:24:06 am,0,805.80,3.879
10/24/2019,02:54:06 am,0,805.88,3.812
10/24/2019,03:24:06 am,0,805.74,3.742
10/24/2019,03:54:06 am,0,806.05,3.683
10/24/2019,04:24:06 am,0,806.38,3.627
10/24/2019,04:54:06 am,0,806.48,3.565
10/24/2019,05:24:06 am,0,806.66,3.451
10/24/2019,05:54:06 am,0,806.85,3.372
10/24/2019,06:24:06 am,0,806.90,3.274
10/24/2019,06:54:06 am,0,807.16,3.207
10/24/2019,07:24:06 am,0,807.04,3.139
10/24/2019,07:54:06 am,0,807.31,3.063
10/24/2019,08:24:06 am,0,807.40,2.982
10/24/2019,08:54:06 am,0,807.31,2.883
10/24/2019,09:24:06 am,0,807.16,2.801
10/24/2019,09:54:06 am,0,807.17,2.720
10/24/2019,10:24:06 am,0,807.17,2.652
10/24/2019,10:54:06 am,0,807.15,2.574
10/24/2019,11:24:06 am,0,807.17,2.501
10/24/2019,11:54:06 am,0,807.35,2.433
10/24/2019,12:24:06 pm,0,807.30,2.364
10/24/2019,12:54:06 pm,0,807.40,2.300
10/24/2019,01:24:06 pm,0,807.68,2.241
10/24/2019,01:54:06 pm,0,807.78,2.183
10/24/2019,02:24:06 pm,0,807.98,2.117
10/24/2019,02:54:06 pm,0,808.20,2.047
10/24/2019,03:24:06 pm,0,808.52,1.963
10/24/2019,03:54:06 pm,0,808.66,1.912
10/24/2019,04:24:06 pm,0,809.04,1.874
10/24/2019,04:54:06 pm,0,809.26,1.844
10/24/2019,05:24:06 pm,0,809.65,1.839
10/24/2019,05:54:06 pm,0,809.38,1.866
10/24/2019,06:24:06 pm,0,809.41,1.933
10/24/2019,06:54:06 pm,0,809.45,1.978
10/24/2019,07:24:06 pm,0,809.24,2.154
10/24/2019,07:54:06 pm,0,808.94,2.693
10/24/2019,08:24:06 pm,0,808.79,3.183
10/24/2019,08:54:06 pm,0,808.57,3.614
10/24/2019,09:24:06 pm,0,808.73,3.734
10/24/2019,09:54:06 pm,0,809.23,3.882
10/24/2019,10:24:06 pm,0,809.96,4.318
10/24/2019,10:54:06 pm,0,810.28,4.589
10/24/2019,11:24:06 pm,0,810.48,4.585
10/24/2019,11:54:06 pm,0,810.66,4.555
10/25/2019,12:24:06 am,0,810.62,4.522
10/25/2019,12:54:06 am,0,810.56,4.502
10/25/2019,01:24:06 am,0,810.51,4.482
10/25/2019,01:54:06 am,0,810.61,4.448
10/25/2019,02:24:06 am,0,810.89,4.394
10/25/2019,02:54:06 am,0,810.91,4.336
10/25/2019,03:24:06 am,0,810.78,4.260
10/25/2019,03:54:06 am,0,810.92,4.180
10/25/2019,04:24:06 am,0,810.96,4.118
10/25/2019,04:54:06 am,0,811.20,4.028
10/25/2019,05:24:06 am,0,811.27,3.935
10/25/2019,05:54:06 am,0,811.33,3.858
10/25/2019,06:24:06 am,0,811.35,3.770
10/25/2019,06:54:06 am,0,811.36,3.651
10/25/2019,07:24:06 am,0,811.20,3.537
10/25/2019,07:54:06 am,0,811.14,3.415
10/25/2019,08:24:06 am,0,811.10,3.299
10/25/2019,08:54:06 am,0,811.01,3.194
10/25/2019,09:24:06 am,0,811.00,3.103
10/25/2019,09:54:06 am,0,810.76,2.988
10/25/2019,10:24:06 am,0,810.48,2.903
10/25/2019,10:54:06 am,0,810.55,2.818
10/25/2019,11:24:06 am,0,810.52,2.748
10/25/2019,11:54:06 am,0,810.45,2.680
10/25/2019,12:24:06 pm,0,810.48,2.610
10/25/2019,12:54:06 pm,0,810.39,2.525
10/25/2019,01:24:06 pm,0,810.33,2.438
10/25/2019,01:54:06 pm,0,810.29,2.349
10/25/2019,02:24:06 pm,0,810.39,2.259
10/25/2019,02:54:06 pm,0,810.27,2.182
10/25/2019,03:24:06 pm,0,810.35,2.127
10/25/2019,03:54:06 pm,0,810.35,2.066
10/25/2019,04:24:06 pm,0,810.25,1.983
10/25/2019,04:54:06 pm,0,810.13,1.918
10/25/2019,05:24:06 pm,0,809.97,1.890
10/25/2019,05:54:06 pm,0,809.89,1.912
10/25/2019,06:24:06 pm,0,809.87,1.999
10/25/2019,06:54:06 pm,0,809.79,2.056
10/25/2019,07:24:06 pm,0,809.56,2.227
10/25/2019,07:54:06 pm,0,809.19,2.779
10/25/2019,08:24:06 pm,0,808.88,3.225
10/25/2019,08:54:06 pm,0,808.53,3.663
10/25/2019,09:24:06 pm,0,808.31,3.752
10/25/2019,09:54:06 pm,0,808.12,3.881
10/25/2019,10:24:06 pm,0,807.95,4.317
10/25/2019,10:54:06 pm,0,807.83,4.587
10/25/2019,11:24:06 pm,0,807.69,4.697
10/25/2019,11:54:06 pm,0,807.58,4.694
10/26/2019,12:24:06 am,0,807.31,4.629
10/26/2019,12:54:06 am,0,807.20,4.558
10/26/2019,01:24:06 am,0,807.14,4.488
10/26/2019,01:54:06 am,0,807.13,4.418
10/26/2019,02:24:06 am,0,807.10,4.355
10/26/2019,02:54:06 am,0,806.97,4.296
10/26/2019,03:24:06 am,0,806.74,4.237
10/26/2019,03:54:06 am,0,806.59,4.163
10/26/2019,04:24:06 am,0,806.55,4.083
10/26/2019,04:54:06 am,0,806.36,3.992
10/26/2019,05:24:06 am,0,806.42,3.902
10/26/2019,05:54:06 am,0,806.33,3.815
10/26/2019,06:24:06 am,0,806.19,3.733
10/26/2019,06:54:06 am,0,805.83,3.652
10/26/2019,07:24:06 am,0,805.59,3.558
10/26/2019,07:54:06 am,0,805.43,3.466
10/26/2019,08:24:06 am,0,805.25,3.376
10/26/2019,08:54:06 am,0,805.09,3.284
10/26/2019,09:24:06 am,0,804.85,3.192
10/26/2019,09:54:06 am,0,804.59,3.085
10/26/2019,10:24:06 am,0,804.05,3.001
10/26/2019,10:54:06 am,0,803.95,2.906
10/26/2019,11:24:06 am,0,803.69,2.793
10/26/2019,11:54:06 am,0,803.54,2.678
10/26/2019,12:24:06 pm,0,803.34,2.585
10/26/2019,12:54:06 pm,0,802.92,2.494
10/26/2019,01:24:06 pm,0,802.77,2.415
10/26/2019,01:54:06 pm,0,802.61,2.326
10/26/2019,02:24:06 pm,0,802.38,2.235
10/26/2019,02:54:06 pm,0,802.35,2.153
10/26/2019,03:24:06 pm,0,802.41,2.082
10/26/2019,03:54:06 pm,0,802.29,2.014
10/26/2019,04:24:06 pm,0,802.13,1.956
10/26/2019,04:54:06 pm,0,801.88,1.914
10/26/2019,05:24:06 pm,0,801.58,1.885
10/26/2019,05:54:06 pm,0,801.16,1.891
10/26/2019,06:24:06 pm,0,800.97,1.942
10/26/2019,06:54:06 pm,0,800.64,1.980
10/26/2019,07:24:06 pm,0,800.21,2.117
10/26/2019,07:54:06 pm,0,799.76,2.594
10/26/2019,08:24:06 pm,0,799.72,3.027
10/26/2019,08:54:06 pm,0,799.42,3.451
10/26/2019,09:24:06 pm,0,799.09,3.658
10/26/2019,09:54:06 pm,0,798.52,3.796
10/26/2019,10:24:06 pm,0,798.52,4.121
10/26/2019,10:54:06 pm,0,798.48,4.343
10/26/2019,11:24:06 pm,0,798.16,4.375
10/26/2019,11:54:06 pm,0,798.08,4.319
10/27/2019,12:24:06 am,0,797.73,4.227
10/27/2019,12:54:06 am,0,797.38,4.138
10/27/2019,01:24:06 am,0,797.30,4.058
10/27/2019,01:54:06 am,0,797.25,3.981
10/27/2019,02:24:06 am,0,797.10,3.893
10/27/2019,02:54:06 am,0,796.88,3.824
10/27/2019,03:24:06 am,0,796.84,3.752
10/27/2019,03:54:06 am,0,796.66,3.667
10/27/2019,04:24:06 am,0,796.46,3.587
10/27/2019,04:54:06 am,0,796.15,3.485
10/27/2019,05:24:06 am,0,796.02,3.385
10/27/2019,05:54:06 am,0,795.99,3.270
10/27/2019,06:24:06 am,0,795.77,3.146
10/27/2019,06:54:06 am,0,795.42,3.030
10/27/2019,07:24:06 am,0,795.13,2.933
10/27/2019,07:54:06 am,0,794.53,2.839
10/27/2019,08:24:06 am,0,794.11,2.724
10/27/2019,08:54:06 am,0,793.83,2.628
10/27/2019,09:24:06 am,0,793.78,2.528
10/27/2019,09:54:06 am,0,793.31,2.439
10/27/2019,10:24:06 am,0,792.76,2.343
10/27/2019,10:54:06 am,0,792.26,2.263
10/27/2019,11:24:06 am,0,791.91,2.190
10/27/2019,11:54:06 am,0,791.54,2.093
10/27/2019,12:24:06 pm,0,791.64,2.000
10/27/2019,12:54:06 pm,0,791.61,1.932
10/27/2019,01:24:06 pm,0,791.02,1.864
10/27/2019,01:54:06 pm,0,791.31,1.809
10/27/2019,02:24:06 pm,0,791.21,1.759
10/27/2019,02:54:06 pm,0,791.52,1.703
10/27/2019,03:24:06 pm,0,791.93,1.658
10/27/2019,03:54:06 pm,0,792.22,1.622
10/27/2019,04:24:06 pm,0,792.65,1.615
10/27/2019,04:54:06 pm,0,793.12,1.629
10/27/2019,05:24:06 pm,0,793.21,1.649
10/27/2019,05:54:06 pm,0,793.32,1.670
10/27/2019,06:24:06 pm,0,793.85,1.700
10/27/2019,06:54:06 pm,0,794.08,1.706
10/27/2019,07:24:06 pm,0,794.08,1.720
10/27/2019,07:54:06 pm,0,793.69,1.698
10/27/2019,08:24:06 pm,0,793.71,1.659
10/27/2019,08:54:06 pm,0,793.90,1.636
10/27/2019,09:24:06 pm,0,794.24,1.637
10/27/2019,09:54:06 pm,0,794.47,1.650
10/27/2019,10:24:06 pm,0,794.90,1.849
10/27/2019,10:54:06 pm,0,794.96,2.011
10/27/2019,11:24:06 pm,0,795.33,1.976
10/27/2019,11:54:06 pm,0,795.53,1.846
10/28/2019,12:24:06 am,0,795.47,1.676
10/28/2019,12:54:06 am,0,795.32,1.505
10/28/2019,01:24:06 am,0,796.24,1.339
10/28/2019,01:54:06 am,0,796.71,1.185
10/28/2019,02:24:06 am,0,796.80,1.051
10/28/2019,02:54:06 am,0,796.53,0.935
10/28/2019,03:24:06 am,0,796.23,0.828
10/28/2019,03:54:06 am,0,796.15,0.746
10/28/2019,04:24:06 am,0,796.38,0.674
10/28/2019,04:54:06 am,0,796.49,0.618
10/28/2019,05:24:06 am,0,797.11,0.572
10/28/2019,05:54:06 am,0,797.40,0.533
10/28/2019,06:24:06 am,0,797.74,0.495
10/28/2019,06:54:06 am,0,796.94,0.457
10/28/2019,07:24:06 am,0,796.58,0.423
10/28/2019,07:54:06 am,0,797.21,0.382
10/28/2019,08:24:06 am,0,797.22,0.346
10/28/2019,08:54:06 am,0,797.40,0.315
10/28/2019,09:24:06 am,0,797.31,0.284
10/28/2019,09:54:06 am,0,797.52,0.248
10/28/2019,10:24:06 am,0,797.63,0.229
10/28/2019,10:54:06 am,0,797.64,0.206
10/28/2019,11:24:06 am,0,797.78,0.195
10/28/2019,11:54:06 am,0,797.91,0.201
10/28/2019,12:24:06 pm,0,798.04,0.202
10/28/2019,12:54:06 pm,0,798.33,0.207
10/28/2019,01:24:06 pm,0,798.52,0.211
10/28/2019,01:54:06 pm,0,798.48,0.214
10/28/2019,02:24:06 pm,0,798.38,0.242
10/28/2019,02:54:06 pm,0,798.43,0.279
10/28/2019,03:24:06 pm,0,798.55,0.328
10/28/2019,03:54:06 pm,0,798.68,0.364
10/28/2019,04:24:06 pm,0,798.74,0.449
10/28/2019,04:54:06 pm,0,798.82,0.507
10/28/2019,05:24:06 pm,0,798.64,0.569
10/28/2019,05:54:06 pm,0,798.57,0.632
10/28/2019,06:24:06 pm,0,798.45,0.691
10/28/2019,06:54:06 pm,0,798.36,0.715
10/28/2019,07:24:06 pm,0,798.07,0.783
10/28/2019,07:54:06 pm,0,797.94,1.005
10/28/2019,08:24:06 pm,0,797.85,1.310
10/28/2019,08:54:06 pm,0,797.83,1.538
10/28/2019,09:24:06 pm,0,797.92,1.484
10/28/2019,09:54:06 pm,0,798.11,1.452
10/28/2019,10:24:06 pm,0,798.12,1.710
10/28/2019,10:54:06 pm,0,798.34,1.805
10/28/2019,11:24:06 pm,0,798.72,1.680
10/28/2019,11:54:06 pm,0,798.93,1.532
10/29/2019,12:24:06 am,0,798.98,1.367
10/29/2019,12:54:06 am,0,799.02,1.208
10/29/2019,01:24:06 am,0,799.15,1.082
10/29/2019,01:54:06 am,0,799.22,0.982
10/29/2019,02:24:06 am,0,799.11,0.891
10/29/2019,02:54:06 am,0,799.10,0.796
10/29/2019,03:24:06 am,0,799.02,0.716
10/29/2019,03:54:06 am,0,799.01,0.639
10/29/2019,04:24:06 am,0,798.85,0.576
10/29/2019,04:54:06 am,0,798.83,0.513
10/29/2019,05:24:06 am,0,798.99,0.462
10/29/2019,05:54:06 am,0,798.99,0.415
10/29/2019,06:24:06 am,0,798.68,0.367
10/29/2019,06:54:06 am,0,798.56,0.324
10/29/2019,07:24:06 am,0,798.21,0.278
10/29/2019,07:54:06 am,0,797.79,0.241
10/29/2019,08:24:06 am,0,797.77,0.213
10/29/2019,08:54:06 am,0,797.36,0.197
10/29/2019,09:24:06 am,0,797.15,0.189
10/29/2019,09:54:06 am,0,796.81,0.187
10/29/2019,10:24:06 am,0,796.64,0.188
10/29/2019,10:54:06 am,0,796.23,0.192
10/29/2019,11:24:06 am,0,795.99,0.197
10/29/2019,11:54:06 am,0,795.89,0.211
10/29/2019,12:24:06 pm,0,795.76,0.234
10/29/2019,12:54:06 pm,0,795.66,0.273
10/29/2019,01:24:06 pm,0,795.34,0.316
10/29/2019,01:54:06 pm,0,795.21,0.370
10/29/2019,02:24:06 pm,0,795.34,0.435
10/29/2019,02:54:06 pm,0,795.32,0.495
10/29/2019,03:24:06 pm,0,795.32,0.541
10/29/2019,03:54:06 pm,0,795.41,0.579
10/29/2019,04:24:06 pm,0,795.29,0.614
10/29/2019,04:54:06 pm,0,795.25,0.643
10/29/2019,05:24:06 pm,0,795.09,0.659
10/29/2019,05:54:06 pm,0,795.19,0.694
10/29/2019,06:24:06 pm,0,795.37,0.668
10/29/2019,06:54:06 pm,0,795.36,0.624
10/29/2019,07:24:06 pm,0,795.36,0.600
10/29/2019,07:54:06 pm,0,795.27,0.828
10/29/2019,08:24:06 pm,0,795.22,1.121
10/29/2019,08:54:06 pm,0,795.36,1.372
10/29/2019,09:24:06 pm,0,795.52,1.328
10/29/2019,09:54:06 pm,0,795.72,1.301
10/29/2019,10:24:06 pm,0,795.76,1.565
10/29/2019,10:54:06 pm,0,796.01,1.700
10/29/2019,11:24:06 pm,0,796.30,1.649
10/29/2019,11:54:06 pm,0,796.63,1.542
10/30/2019,12:24:06 am,0,796.94,1.420
10/30/2019,12:54:06 am,0,796.92,1.300
10/30/2019,01:24:06 am,0,797.11,1.174
10/30/2019,01:54:06 am,0,797.47,1.061
10/30/2019,02:24:06 am,0,797.42,0.959
10/30/2019,02:54:06 am,0,797.55,0.862
10/30/2019,03:24:06 am,0,797.69,0.762
10/30/2019,03:54:06 am,0,797.82,0.667
10/30/2019,04:24:06 am,0,797.80,0.582
10/30/2019,04:54:06 am,0,797.95,0.508
10/30/2019,05:24:06 am,0,798.22,0.443
10/30/2019,05:54:06 am,0,798.43,0.386
10/30/2019,06:24:06 am,0,798.49,0.351
10/30/2019,06:54:06 am,0,798.55,0.304
10/30/2019,07:24:06 am,0,798.61,0.268
10/30/2019,07:54:06 am,0,798.48,0.244
10/30/2019,08:24:06 am,0,798.58,0.225
10/30/2019,08:54:06 am,0,798.52,0.211
10/30/2019,09:24:06 am,0,798.52,0.218
10/30/2019,09:54:06 am,0,798.42,0.246
10/30/2019,10:24:06 am,0,798.38,0.309
10/30/2019,10:54:06 am,0,798.28,0.380
10/30/2019,11:24:06 am,0,798.20,0.447
10/30/2019,11:54:06 am,0,798.15,0.513
10/30/2019,12:24:06 pm,0,798.31,0.567
10/30/2019,12:54:06 pm,0,798.43,0.597
10/30/2019,01:24:06 pm,0,798.66,0.623
10/30/2019,01:54:06 pm,0,798.88,0.644
10/30/2019,02:24:06 pm,0,799.06,0.679
10/30/2019,02:54:06 pm,0,799.30,0.722
10/30/2019,03:24:06 pm,0,799.56,0.745
10/30/2019,03:54:06 pm,0,799.95,0.765
10/30/2019,04:24:06 pm,0,799.95,0.788
10/30/2019,04:54:06 pm,0,800.22,0.791
10/30/2019,05:24:06 pm,0,800.38,0.777
10/30/2019,05:54:06 pm,0,800.58,0.744
10/30/2019,06:24:06 pm,0,800.84,0.724
10/30/2019,06:54:06 pm,0,800.83,0.698
10/30/2019,07:24:06 pm,0,800.87,0.739
10/30/2019,07:54:06 pm,0,800.97,0.897
10/30/2019,08:24:06 pm,0,800.91,1.088
10/30/2019,08:54:06 pm,0,800.90,1.272
10/30/2019,09:24:06 pm,0,801.04,1.271
10/30/2019,09:54:06 pm,0,801.35,1.220
10/30/2019,10:24:06 pm,0,801.80,1.339
10/30/2019,10:54:06 pm,0,802.32,1.402
10/30/2019,11:24:06 pm,0,803.38,1.341
10/30/2019,11:54:06 pm,0,804.36,1.177
10/31/2019,12:24:06 am,0,804.56,0.954
10/31/2019,12:54:06 am,0,804.89,0.774
10/31/2019,01:24:06 am,0,805.12,0.654
10/31/2019,01:54:06 am,0,805.28,0.560
10/31/2019,02:24:06 am,0,805.27,0.478
10/31/2019,02:54:06 am,0,805.18,0.408
10/31/2019,03:24:06 am,0,805.00,0.334
10/31/2019,03:54:06 am,0,804.82,0.276
10/31/2019,04:24:06 am,0,804.86,0.228
10/31/2019,04:54:06 am,0,804.89,0.179
10/31/2019,05:24:06 am,0,804.81,0.129
10/31/2019,05:54:06 am,0,804.72,0.087
10/31/2019,06:24:06 am,0,804.54,0.055
10/31/2019,06:54:06 am,0,804.40,0.033
10/31/2019,07:24:06 am,0,804.23,0.023
10/31/2019,07:54:06 am,0,803.91,0.026
10/31/2019,08:24:06 am,0,803.59,0.034
10/31/2019,08:54:06 am,0,803.51,0.051
10/31/2019,09:24:06 am,0,803.39,0.093
10/31/2019,09:54:06 am,0,803.37,0.131
10/31/2019,10:24:06 am,0,803.20,0.189
10/31/2019,10:54:06 am,0,802.99,0.239
10/31/2019,11:24:06 am,0,802.77,0.282
10/31/2019,11:54:06 am,0,802.91,0.314
10/31/2019,12:24:06 pm,0,803.16,0.337
10/31/2019,12:54:06 pm,0,803.40,0.349
10/31/2019,01:24:06 pm,0,803.62,0.349
10/31/2019,01:54:06 pm,0,803.72,0.343
10/31/2019,02:24:06 pm,0,803.73,0.358
10/31/2019,02:54:06 pm,0,803.97,0.355
10/31/2019,03:24:06 pm,0,804.22,0.350
10/31/2019,03:54:06 pm,0,804.49,0.365
10/31/2019,04:24:06 pm,0,804.54,0.368
10/31/2019,04:54:06 pm,0,804.62,0.357
10/31/2019,05:24:06 pm,0,804.67,0.335
10/31/2019,05:54:06 pm,0,804.67,0.288
10/31/2019,06:24:06 pm,0,804.68,0.240
10/31/2019,06:54:06 pm,0,804.83,0.189
10/31/2019,07:24:06 pm,0,804.66,0.203
10/31/2019,07:54:06 pm,0,804.69,0.454
10/31/2019,08:24:06 pm,0,804.74,0.751
10/31/2019,08:54:06 pm,0,804.73,0.905
10/31/2019,09:24:06 pm,0,804.85,0.842
10/31/2019,09:54:06 pm,0,805.04,0.789
10/31/2019,10:24:06 pm,0,805.30,0.981
10/31/2019,10:54:06 pm,0,805.66,1.073
10/31/2019,11:24:06 pm,0,805.81,1.080
10/31/2019,11:54:06 pm,0,805.90,1.011
11/1/2019,12:24:06 am,0,805.62,0.901
11/1/2019,12:54:06 am,0,805.65,0.798
11/1/2019,01:24:06 am,0,805.76,0.718
11/1/2019,01:54:06 am,0,805.91,0.646
11/1/2019,02:24:06 am,0,805.90,0.583
11/1/2019,02:54:06 am,0,806.01,0.524
11/1/2019,03:24:06 am,0,805.83,0.461
11/1/2019,03:54:06 am,0,805.84,0.397
11/1/2019,04:24:06 am,0,805.91,0.339
11/1/2019,04:54:06 am,0,805.96,0.284
11/1/2019,05:24:06 am,0,805.97,0.232
11/1/2019,05:54:06 am,0,805.95,0.185
11/1/2019,06:24:06 am,0,805.81,0.139
11/1/2019,06:54:06 am,0,805.81,0.095
11/1/2019,07:24:06 am,0,805.79,0.064
11/1/2019,07:54:06 am,0,805.82,0.039
11/1/2019,08:24:06 am,0,806.03,0.019
11/1/2019,08:54:06 am,0,806.12,0.002
11/1/2019,09:24:06 am,0,806.20,-0.015
11/1/2019,09:54:06 am,0,806.32,-0.025
11/1/2019,10:24:06 am,0,806.19,-0.036
11/1/2019,10:54:06 am,0,806.04,-0.045
11/1/2019,11:24:06 am,0,805.92,-0.050
11/1/2019,11:54:06 am,0,805.96,-0.056
11/1/2019,12:24:06 pm,0,805.99,-0.062
11/1/2019,12:54:06 pm,0,805.97,-0.067
11/1/2019,01:24:06 pm,0,805.87,-0.070
11/1/2019,01:54:06 pm,0,805.91,-0.073
11/1/2019,02:24:06 pm,0,806.03,-0.073
11/1/2019,02:54:06 pm,0,806.23,-0.074
11/1/2019,03:24:06 pm,0,806.31,-0.067
11/1/2019,03:54:06 pm,0,806.20,-0.060
11/1/2019,04:24:06 pm,0,806.20,-0.048
11/1/2019,04:54:06 pm,0,806.08,-0.037
11/1/2019,05:24:06 pm,0,805.94,-0.028
11/1/2019,05:54:06 pm,0,805.87,-0.010
11/1/2019,06:24:06 pm,0,805.59,0.016
11/1/2019,06:54:06 pm,0,805.32,0.044
11/1/2019,07:24:06 pm,0,804.88,0.140
11/1/2019,07:54:06 pm,0,804.60,0.539
11/1/2019,08:24:06 pm,0,804.50,0.887
11/1/2019,08:54:06 pm,0,805.30,1.161
11/1/2019,09:24:06 pm,0,806.26,1.191
11/1/2019,09:54:06 pm,0,807.38,1.106
11/1/2019,10:24:06 pm,0,808.14,1.223
11/1/2019,10:54:06 pm,0,808.24,1.229
11/1/2019,11:24:06 pm,0,808.17,1.140
11/1/2019,11:54:06 pm,0,807.87,1.024
11/2/2019,12:24:06 am,0,807.66,0.925
11/2/2019,12:54:06 am,0,807.59,0.850
11/2/2019,01:24:06 am,0,807.56,0.802
11/2/2019,01:54:06 am,0,807.50,0.757
11/2/2019,02:24:06 am,0,807.44,0.706
11/2/2019,02:54:06 am,0,807.36,0.653
11/2/2019,03:24:06 am,0,807.49,0.599
11/2/2019,03:54:06 am,0,807.72,0.541
11/2/2019,04:24:06 am,0,807.98,0.478
11/2/2019,04:54:06 am,0,808.12,0.417
11/2/2019,05:24:06 am,0,808.15,0.357
11/2/2019,05:54:06 am,0,808.16,0.297
11/2/2019,06:24:06 am,0,808.12,0.244
11/2/2019,06:54:06 am,0,808.15,0.197
11/2/2019,07:24:06 am,0,808.27,0.148
11/2/2019,07:54:06 am,0,808.19,0.107
11/2/2019,08:24:06 am,0,808.20,0.070
11/2/2019,08:54:06 am,0,808.24,0.041
11/2/2019,09:24:06 am,0,808.23,0.013
11/2/2019,09:54:06 am,0,808.19,-0.002
11/2/2019,10:24:06 am,0,808.23,-0.017
11/2/2019,10:54:06 am,0,808.11,-0.032
11/2/2019,11:24:06 am,0,807.87,-0.040
11/2/2019,11:54:06 am,0,807.68,-0.042
11/2/2019,12:24:06 pm,0,807.59,-0.051
11/2/2019,12:54:06 pm,0,807.48,-0.055
11/2/2019,01:24:06 pm,0,807.24,-0.057
11/2/2019,01:54:06 pm,0,807.01,-0.062
11/2/2019,02:24:06 pm,0,806.95,-0.065
11/2/2019,02:54:06 pm,0,806.91,-0.068
11/2/2019,03:24:06 pm,0,807.07,-0.069
11/2/2019,03:54:06 pm,0,807.32,-0.064
11/2/2019,04:24:06 pm,0,807.27,-0.057
11/2/2019,04:54:06 pm,0,807.22,-0.043
11/2/2019,05:24:06 pm,0,807.21,-0.033
11/2/2019,05:54:06 pm,0,807.09,-0.015
11/2/2019,06:24:06 pm,0,806.88,0.016
11/2/2019,06:54:06 pm,0,806.38,0.046
11/2/2019,07:24:06 pm,0,805.90,0.134
11/2/2019,07:54:06 pm,0,806.10,0.527
11/2/2019,08:24:06 pm,0,806.73,0.903
11/2/2019,08:54:06 pm,0,807.27,1.114
11/2/2019,09:24:06 pm,0,807.81,1.128
11/2/2019,09:54:06 pm,0,807.85,1.085
11/2/2019,10:24:06 pm,0,807.74,1.268
11/2/2019,10:54:06 pm,0,807.45,1.331
11/2/2019,11:24:06 pm,0,807.24,1.280
11/2/2019,11:54:06 pm,0,806.96,1.198
11/3/2019,12:24:06 am,0,806.62,1.121
11/3/2019,12:54:06 am,0,806.32,1.047
11/3/2019,01:24:06 am,0,806.16,0.985
11/3/2019,01:54:06 am,0,806.27,0.935
11/3/2019,02:24:06 am,0,806.19,0.887
11/3/2019,02:54:06 am,0,806.07,0.843
11/3/2019,03:24:06 am,0,805.94,0.787
11/3/2019,03:54:06 am,0,806.47,0.724
11/3/2019,04:24:06 am,0,806.94,0.651
11/3/2019,04:54:06 am,0,807.08,0.559
11/3/2019,05:24:06 am,0,807.01,0.467
11/3/2019,05:54:06 am,0,806.92,0.376
11/3/2019,06:24:06 am,0,806.71,0.305
11/3/2019,06:54:06 am,0,806.44,0.247
11/3/2019,07:24:06 am,0,805.97,0.195
11/3/2019,07:54:06 am,0,805.95,0.148
11/3/2019,08:24:06 am,0,805.78,0.108
11/3/2019,08:54:06 am,0,805.75,0.080
11/3/2019,09:24:06 am,0,805.76,0.056
11/3/2019,09:54:06 am,0,805.74,0.041
11/3/2019,10:24:06 am,0,805.55,0.025
11/3/2019,10:54:06 am,0,805.41,0.011
11/3/2019,11:24:06 am,0,805.03,0.006
11/3/2019,11:54:06 am,0,804.84,0.000
11/3/2019,12:24:06 pm,0,804.65,-0.007
11/3/2019,12:54:06 pm,0,804.45,-0.013
11/3/2019,01:24:06 pm,0,804.23,-0.027
11/3/2019,01:54:06 pm,0,803.99,-0.044
11/3/2019,02:24:06 pm,0,803.75,-0.063
11/3/2019,02:54:06 pm,0,803.76,-0.071
11/3/2019,03:24:06 pm,0,803.89,-0.070
11/3/2019,03:54:06 pm,0,804.06,-0.063
11/3/2019,04:24:06 pm,0,804.21,-0.055
11/3/2019,04:54:06 pm,0,804.27,-0.047
11/3/2019,05:24:06 pm,0,804.70,-0.036
11/3/2019,05:54:06 pm,0,804.94,-0.015
11/3/2019,06:24:06 pm,0,805.09,0.021
11/3/2019,06:54:06 pm,0,805.06,0.031
11/3/2019,07:24:06 pm,0,804.63,0.112
11/3/2019,07:54:06 pm,0,804.16,0.442
11/3/2019,08:24:06 pm,0,804.10,0.737
11/3/2019,08:54:06 pm,0,804.18,1.107
11/3/2019,09:24:06 pm,0,804.38,1.158
11/3/2019,09:54:06 pm,0,804.78,1.120
11/3/2019,10:24:06 pm,0,805.46,1.318
11/3/2019,10:54:06 pm,0,805.64,1.375
11/3/2019,11:24:06 pm,0,805.24,1.275
11/3/2019,11:54:06 pm,0,804.91,1.213
11/4/2019,12:24:06 am,0,804.52,1.166
11/4/2019,12:54:06 am,0,804.38,1.117
11/4/2019,01:24:06 am,0,804.34,1.076
11/4/2019,01:54:06 am,0,804.17,1.028
11/4/2019,02:24:06 am,0,804.12,0.982
11/4/2019,02:54:06 am,0,803.96,0.933
11/4/2019,03:24:06 am,0,803.75,0.881
11/4/2019,03:54:06 am,0,803.81,0.813
11/4/2019,04:24:06 am,0,804.42,0.741
11/4/2019,04:54:06 am,0,805.03,0.665
11/4/2019,05:24:06 am,0,805.13,0.583
11/4/2019,05:54:06 am,0,805.12,0.508
11/4/2019,06:24:06 am,0,804.94,0.431
11/4/2019,06:54:06 am,0,804.87,0.358
11/4/2019,07:24:06 am,0,804.81,0.289
11/4/2019,07:54:06 am,0,804.63,0.236
11/4/2019,08:24:06 am,0,804.40,0.191
11/4/2019,08:54:06 am,0,804.30,0.146
11/4/2019,09:24:06 am,0,804.20,0.106
11/4/2019,09:54:06 am,0,804.30,0.071
11/4/2019,10:24:06 am,0,804.35,0.041
11/4/2019,10:54:06 am,0,804.39,0.021
11/4/2019,11:24:06 am,0,804.16,0.007
11/4/2019,11:54:06 am,0,803.89,-0.002
11/4/2019,12:24:06 pm,0,803.83,-0.006
11/4/2019,12:54:06 pm,0,803.66,-0.010
11/4/2019,01:24:06 pm,0,803.52,-0.019
11/4/2019,01:54:06 pm,0,803.31,-0.021
11/4/2019,02:24:06 pm,0,803.25,-0.034
11/4/2019,02:54:06 pm,0,803.24,-0.054
11/4/2019,03:24:06 pm,0,803.36,-0.058
11/4/2019,03:54:06 pm,0,803.30,-0.055
11/4/2019,04:24:06 pm,0,803.40,-0.045
11/4/2019,04:54:06 pm,0,803.59,-0.032
11/4/2019,05:24:06 pm,0,804.45,-0.012
11/4/2019,05:54:06 pm,0,804.75,0.027
11/4/2019,06:24:06 pm,0,805.16,0.047
11/4/2019,06:54:06 pm,0,805.29,0.067
11/4/2019,07:24:06 pm,0,805.21,0.154
11/4/2019,07:54:06 pm,0,804.90,0.493
11/4/2019,08:24:06 pm,0,804.96,0.832
11/4/2019,08:54:06 pm,0,804.90,1.103
11/4/2019,09:24:06 pm,0,804.95,1.148
11/4/2019,09:54:06 pm,0,805.32,1.150
11/4/2019,10:24:06 pm,0,805.87,1.385
11/4/2019,10:54:06 pm,0,806.01,1.519
11/4/2019,11:24:06 pm,0,805.75,1.502
11/4/2019,11:54:06 pm,0,805.45,1.471
11/5/2019,12:24:06 am,0,805.20,1.430
11/5/2019,12:54:06 am,0,805.21,1.381
11/5/2019,01:24:06 am,0,805.18,1.336
11/5/2019,01:54:06 am,0,805.21,1.280
11/5/2019,02:24:06 am,0,805.12,1.228
11/5/2019,02:54:06 am,0,805.09,1.171
11/5/2019,03:24:06 am,0,805.12,1.113
11/5/2019,03:54:06 am,0,805.25,1.043
11/5/2019,04:24:06 am,0,805.64,0.953
11/5/2019,04:54:06 am,0,806.60,0.886
11/5/2019,05:24:06 am,0,807.09,0.799
11/5/2019,05:54:06 am,0,807.09,0.727
11/5/2019,06:24:06 am,0,806.99,0.646
11/5/2019,06:54:06 am,0,806.81,0.559
11/5/2019,07:24:06 am,0,806.70,0.465
11/5/2019,07:54:06 am,0,806.54,0.384
11/5/2019,08:24:06 am,0,806.47,0.312
11/5/2019,08:54:06 am,0,806.05,0.246
11/5/2019,09:24:06 am,0,805.85,0.183
11/5/2019,09:54:06 am,0,805.49,0.130
11/5/2019,10:24:06 am,0,805.30,0.079
11/5/2019,10:54:06 am,0,805.34,0.039
11/5/2019,11:24:06 am,0,805.20,0.011
11/5/2019,11:54:06 am,0,805.21,-0.009
11/5/2019,12:24:06 pm,0,805.14,-0.019
11/5/2019,12:54:06 pm,0,805.10,-0.028
11/5/2019,01:24:06 pm,0,804.86,-0.041
11/5/2019,01:54:06 pm,0,804.75,-0.052
11/5/2019,02:24:06 pm,0,804.54,-0.058
11/5/2019,02:54:06 pm,0,804.56,-0.062
11/5/2019,03:24:06 pm,0,805.10,-0.065
11/5/2019,03:54:06 pm,0,805.85,-0.064
11/5/2019,04:24:06 pm,0,805.99,-0.051
11/5/2019,04:54:06 pm,0,806.05,-0.034
11/5/2019,05:24:06 pm,0,806.11,-0.021
11/5/2019,05:54:06 pm,0,806.17,0.010
11/5/2019,06:24:06 pm,0,806.43,0.039
11/5/2019,06:54:06 pm,0,806.32,0.057
11/5/2019,07:24:06 pm,0,806.35,0.137
11/5/2019,07:54:06 pm,0,806.53,0.463
11/5/2019,08:24:06 pm,0,806.86,0.785
11/5/2019,08:54:06 pm,0,806.93,1.030
11/5/2019,09:24:06 pm,0,806.85,1.066
11/5/2019,09:54:06 pm,0,806.95,1.079
11/5/2019,10:24:06 pm,0,807.58,1.305
11/5/2019,10:54:06 pm,0,807.46,1.434
11/5/2019,11:24:06 pm,0,807.01,1.414
11/5/2019,11:54:06 pm,0,806.58,1.377
11/6/2019,12:24:06 am,0,806.32,1.354
11/6/2019,12:54:06 am,0,806.01,1.319
11/6/2019,01:24:06 am,0,805.99,1.282
11/6/2019,01:54:06 am,0,806.00,1.238
11/6/2019,02:24:06 am,0,806.01,1.186
11/6/2019,02:54:06 am,0,805.87,1.129
11/6/2019,03:24:06 am,0,805.86,1.077
11/6/2019,03:54:06 am,0,805.65,1.016
11/6/2019,04:24:06 am,0,805.59,0.944
11/6/2019,04:54:06 am,0,805.83,0.851
11/6/2019,05:24:06 am,0,805.95,0.764
11/6/2019,05:54:06 am,0,806.55,0.701
11/6/2019,06:24:06 am,0,806.58,0.622
11/6/2019,06:54:06 am,0,806.42,0.540
11/6/2019,07:24:06 am,0,806.19,0.460
11/6/2019,07:54:06 am,0,806.03,0.381
11/6/2019,08:24:06 am,0,805.81,0.315
11/6/2019,08:54:06 am,0,805.56,0.250
11/6/2019,09:24:06 am,0,805.36,0.205
11/6/2019,09:54:06 am,0,805.08,0.162
11/6/2019,10:24:06 am,0,804.77,0.111
11/6/2019,10:54:06 am,0,804.66,0.093
11/6/2019,11:24:06 am,0,804.54,0.086
11/6/2019,11:54:06 am,0,804.52,0.072
11/6/2019,12:24:06 pm,0,804.38,0.059
11/6/2019,12:54:06 pm,0,804.07,0.043
11/6/2019,01:24:06 pm,0,803.93,0.037
11/6/2019,01:54:06 pm,0,803.52,0.025
11/6/2019,02:24:06 pm,0,803.36,-0.001
11/6/2019,02:54:06 pm,0,803.36,-0.012
11/6/2019,03:24:06 pm,0,804.25,-0.010
11/6/2019,03:54:06 pm,0,805.05,0.027
11/6/2019,04:24:06 pm,0,805.51,0.065
11/6/2019,04:54:06 pm,0,805.55,0.070
11/6/2019,05:24:06 pm,0,805.63,0.071
11/6/2019,05:54:06 pm,0,805.62,0.081
11/6/2019,06:24:06 pm,0,805.72,0.100
11/6/2019,06:54:06 pm,0,805.40,0.129
11/6/2019,07:24:06 pm,0,804.98,0.226
11/6/2019,07:54:06 pm,0,804.60,0.575
11/6/2019,08:24:06 pm,0,804.28,0.833
11/6/2019,08:54:06 pm,0,804.02,0.957
11/6/2019,09:24:06 pm,0,804.11,0.976
11/6/2019,09:54:06 pm,0,804.15,0.958
11/6/2019,10:24:06 pm,0,803.99,1.134
11/6/2019,10:54:06 pm,0,803.94,1.273
11/6/2019,11:24:06 pm,0,803.82,1.329
11/6/2019,11:54:06 pm,0,803.87,1.336
11/7/2019,12:24:06 am,0,803.93,1.315
11/7/2019,12:54:06 am,0,804.07,1.288
11/7/2019,01:24:06 am,0,804.18,1.264
11/7/2019,01:54:06 am,0,804.39,1.235
11/7/2019,02:24:06 am,0,804.47,1.209
11/7/2019,02:54:06 am,0,804.55,1.178
11/7/2019,03:24:06 am,0,804.55,1.140
11/7/2019,03:54:06 am,0,804.57,1.079
11/7/2019,04:24:06 am,0,804.76,1.015
11/7/2019,04:54:06 am,0,805.16,0.946
11/7/2019,05:24:06 am,0,805.70,0.889
11/7/2019,05:54:06 am,0,806.00,0.813
11/7/2019,06:24:06 am,0,806.08,0.724
11/7/2019,06:54:06 am,0,805.94,0.633
11/7/2019,07:24:06 am,0,805.92,0.548
11/7/2019,07:54:06 am,0,805.83,0.479
11/7/2019,08:24:06 am,0,805.78,0.413
11/7/2019,08:54:06 am,0,805.63,0.347
11/7/2019,09:24:06 am,0,805.32,0.275
11/7/2019,09:54:06 am,0,805.18,0.209
11/7/2019,10:24:06 am,0,804.99,0.164
11/7/2019,10:54:06 am,0,804.95,0.119
11/7/2019,11:24:06 am,0,805.11,0.079
11/7/2019,11:54:06 am,0,805.10,0.054
11/7/2019,12:24:06 pm,0,805.21,0.029
11/7/2019,12:54:06 pm,0,805.18,0.002
11/7/2019,01:24:06 pm,0,805.11,-0.026
11/7/2019,01:54:06 pm,0,805.11,-0.046
11/7/2019,02:24:06 pm,0,805.11,-0.057
11/7/2019,02:54:06 pm,0,804.82,-0.062
11/7/2019,03:24:06 pm,0,804.72,-0.056
11/7/2019,03:54:06 pm,0,804.61,-0.033
11/7/2019,04:24:06 pm,0,804.67,0.002
11/7/2019,04:54:06 pm,0,804.99,0.047
11/7/2019,05:24:06 pm,0,805.06,0.084
11/7/2019,05:54:06 pm,0,805.41,0.107
11/7/2019,06:24:06 pm,0,807.13,0.118
11/7/2019,06:54:06 pm,0,808.03,0.139
11/7/2019,07:24:06 pm,0,807.72,0.194
11/7/2019,07:54:06 pm,0,807.72,0.458
11/7/2019,08:24:06 pm,0,808.01,0.725
11/7/2019,08:54:06 pm,0,808.37,0.999
11/7/2019,09:24:06 pm,0,808.70,1.107
11/7/2019,09:54:06 pm,0,808.85,1.105
11/7/2019,10:24:06 pm,0,809.13,1.306
11/7/2019,10:54:06 pm,0,809.53,1.451
11/7/2019,11:24:06 pm,0,809.30,1.451
11/7/2019,11:54:06 pm,0,808.97,1.437
11/8/2019,12:24:06 am,0,808.66,1.399
11/8/2019,12:54:06 am,0,808.63,1.360
11/8/2019,01:24:06 am,0,808.66,1.317
11/8/2019,01:54:06 am,0,808.68,1.269
11/8/2019,02:24:06 am,0,808.80,1.222
11/8/2019,02:54:06 am,0,808.74,1.171
11/8/2019,03:24:06 am,0,808.73,1.110
11/8/2019,03:54:06 am,0,808.97,1.028
11/8/2019,04:24:06 am,0,808.89,0.941
11/8/2019,04:54:06 am,0,809.01,0.864
11/8/2019,05:24:06 am,0,809.05,0.776
11/8/2019,05:54:06 am,0,809.42,0.692
11/8/2019,06:24:06 am,0,809.92,0.623
11/8/2019,06:54:06 am,0,809.90,0.552
11/8/2019,07:24:06 am,0,809.77,0.476
11/8/2019,07:54:06 am,0,809.68,0.406
11/8/2019,08:24:06 am,0,809.54,0.347
11/8/2019,08:54:06 am,0,809.42,0.278
11/8/2019,09:24:06 am,0,809.15,0.207
11/8/2019,09:54:06 am,0,809.01,0.154
11/8/2019,10:24:06 am,0,808.90,0.114
11/8/2019,10:54:06 am,0,808.63,0.076
11/8/2019,11:24:06 am,0,808.46,0.024
11/8/2019,11:54:06 am,0,808.42,-0.009
11/8/2019,12:24:06 pm,0,808.30,-0.034
11/8/2019,12:54:06 pm,0,808.19,-0.049
11/8/2019,01:24:06 pm,0,808.04,-0.059
11/8/2019,01:54:06 pm,0,808.00,-0.060
11/8/2019,02:24:06 pm,0,807.85,-0.059
11/8/2019,02:54:06 pm,0,807.84,-0.050
11/8/2019,03:24:06 pm,0,807.61,-0.026
11/8/2019,03:54:06 pm,0,807.49,0.016
11/8/2019,04:24:06 pm,0,807.51,0.062
11/8/2019,04:54:06 pm,0,807.65,0.109
11/8/2019,05:24:06 pm,0,807.83,0.146
11/8/2019,05:54:06 pm,0,808.80,0.150
11/8/2019,06:24:06 pm,0,809.89,0.124
11/8/2019,06:54:06 pm,0,810.07,0.116
11/8/2019,07:24:06 pm,0,810.15,0.149
11/8/2019,07:54:06 pm,0,810.11,0.442
11/8/2019,08:24:06 pm,0,810.02,0.705
11/8/2019,08:54:06 pm,0,809.81,0.963
11/8/2019,09:24:06 pm,0,809.85,1.054
11/8/2019,09:54:06 pm,0,810.20,1.051
11/8/2019,10:24:06 pm,0,810.59,1.220
11/8/2019,10:54:06 pm,0,810.73,1.371
11/8/2019,11:24:06 pm,0,810.35,1.379
11/8/2019,11:54:06 pm,0,810.12,1.359
11/9/2019,12:24:06 am,0,809.87,1.325
11/9/2019,12:54:06 am,0,809.62,1.297
11/9/2019,01:24:06 am,0,809.52,1.261
11/9/2019,01:54:06 am,0,809.42,1.208
11/9/2019,02:24:06 am,0,809.49,1.160
11/9/2019,02:54:06 am,0,809.34,1.101
11/9/2019,03:24:06 am,0,809.24,1.033
11/9/2019,03:54:06 am,0,809.24,0.945
11/9/2019,04:24:06 am,0,809.08,0.859
11/9/2019,04:54:06 am,0,809.20,0.774
11/9/2019,05:24:06 am,0,809.19,0.691
11/9/2019,05:54:06 am,0,809.24,0.623
11/9/2019,06:24:06 am,0,809.18,0.550
11/9/2019,06:54:06 am,0,809.37,0.475
11/9/2019,07:24:06 am,0,809.36,0.396
11/9/2019,07:54:06 am,0,809.15,0.328
11/9/2019,08:24:06 am,0,808.79,0.252
11/9/2019,08:54:06 am,0,808.34,0.200
11/9/2019,09:24:06 am,0,807.92,0.145
11/9/2019,09:54:06 am,0,807.51,0.073
11/9/2019,10:24:06 am,0,807.17,0.027
11/9/2019,10:54:06 am,0,806.85,0.000
11/9/2019,11:24:06 am,0,806.53,-0.022
11/9/2019,11:54:06 am,0,806.09,-0.031
11/9/2019,12:24:06 pm,0,805.82,-0.041
11/9/2019,12:54:06 pm,0,805.50,-0.041
11/9/2019,01:24:06 pm,0,805.30,-0.039
11/9/2019,01:54:06 pm,0,805.16,-0.027
11/9/2019,02:24:06 pm,0,805.03,0.002
11/9/2019,02:54:06 pm,0,804.79,0.052
11/9/2019,03:24:06 pm,0,804.61,0.081
11/9/2019,03:54:06 pm,0,804.70,0.104
11/9/2019,04:24:06 pm,0,804.82,0.121
11/9/2019,04:54:06 pm,0,804.85,0.135
11/9/2019,05:24:06 pm,0,804.96,0.141
11/9/2019,05:54:06 pm,0,804.96,0.135
11/9/2019,06:24:06 pm,0,804.78,0.117
11/9/2019,06:54:06 pm,0,805.21,0.126
11/9/2019,07:24:06 pm,0,806.61,0.164
11/9/2019,07:54:06 pm,0,806.62,0.448
11/9/2019,08:24:06 pm,0,806.72,0.735
11/9/2019,08:54:06 pm,0,806.87,0.926
11/9/2019,09:24:06 pm,0,806.97,0.890
11/9/2019,09:54:06 pm,0,807.39,0.868
11/9/2019,10:24:06 pm,0,807.67,1.014
11/9/2019,10:54:06 pm,0,807.72,1.090
11/9/2019,11:24:06 pm,0,807.94,1.087
11/9/2019,11:54:06 pm,0,807.56,1.045
11/10/2019,12:24:06 am,0,807.28,0.992
11/10/2019,12:54:06 am,0,807.07,0.962
11/10/2019,01:24:06 am,0,806.85,0.937
11/10/2019,01:54:06 am,0,806.67,0.900
11/10/2019,02:24:06 am,0,806.48,0.859
11/10/2019,02:54:06 am,0,806.25,0.811
11/10/2019,03:24:06 am,0,806.18,0.760
11/10/2019,03:54:06 am,0,806.11,0.686
11/10/2019,04:24:06 am,0,805.98,0.605
11/10/2019,04:54:06 am,0,805.96,0.539
11/10/2019,05:24:06 am,0,805.84,0.468
11/10/2019,05:54:06 am,0,805.82,0.398
11/10/2019,06:24:06 am,0,805.64,0.320
11/10/2019,06:54:06 am,0,805.30,0.251
11/10/2019,07:24:06 am,0,805.04,0.182
11/10/2019,07:54:06 am,0,805.07,0.122
11/10/2019,08:24:06 am,0,805.36,0.081
11/10/2019,08:54:06 am,0,805.08,0.051
11/10/2019,09:24:06 am,0,804.90,0.028
11/10/2019,09:54:06 am,0,804.55,-0.007
11/10/2019,10:24:06 am,0,804.36,-0.034
11/10/2019,10:54:06 am,0,804.03,-0.044
11/10/2019,11:24:06 am,0,803.64,-0.047
11/10/2019,11:54:06 am,0,803.16,-0.049
11/10/2019,12:24:06 pm,0,802.84,-0.043
11/10/2019,12:54:06 pm,0,802.37,-0.020
11/10/2019,01:24:06 pm,0,802.50,0.005
11/10/2019,01:54:06 pm,0,802.60,0.015
11/10/2019,02:24:06 pm,0,802.47,0.028
11/10/2019,02:54:06 pm,0,802.20,0.046
11/10/2019,03:24:06 pm,0,802.34,0.065
11/10/2019,03:54:06 pm,0,802.45,0.083
11/10/2019,04:24:06 pm,0,802.84,0.097
11/10/2019,04:54:06 pm,0,803.29,0.138
11/10/2019,05:24:06 pm,0,803.51,0.146
11/10/2019,05:54:06 pm,0,803.47,0.124
11/10/2019,06:24:06 pm,0,803.50,0.087
11/10/2019,06:54:06 pm,0,803.99,0.064
11/10/2019,07:24:06 pm,0,804.24,0.090
11/10/2019,07:54:06 pm,0,804.48,0.400
11/10/2019,08:24:06 pm,0,804.89,0.712
11/10/2019,08:54:06 pm,0,804.79,0.931
11/10/2019,09:24:06 pm,0,804.63,0.919
11/10/2019,09:54:06 pm,0,804.49,0.880
11/10/2019,10:24:06 pm,0,804.54,1.038
11/10/2019,10:54:06 pm,0,805.06,1.131
11/10/2019,11:24:06 pm,0,805.78,1.128
11/10/2019,11:54:06 pm,0,805.71,1.101
11/11/2019,12:24:06 am,0,805.40,1.068
11/11/2019,12:54:06 am,0,805.34,1.039
11/11/2019,01:24:06 am,0,805.06,1.017
11/11/2019,01:54:06 am,0,805.13,0.980
11/11/2019,02:24:06 am,0,805.02,0.939
11/11/2019,02:54:06 am,0,804.96,0.908
11/11/2019,03:24:06 am,0,804.97,0.873
11/11/2019,03:54:06 am,0,804.88,0.813
11/11/2019,04:24:06 am,0,804.76,0.766
11/11/2019,04:54:06 am,0,804.96,0.711
11/11/2019,05:24:06 am,0,805.03,0.654
11/11/2019,05:54:06 am,0,805.16,0.600
11/11/2019,06:24:06 am,0,805.47,0.546
11/11/2019,06:54:06 am,0,805.64,0.496
11/11/2019,07:24:06 am,0,805.76,0.447
11/11/2019,07:54:06 am,0,805.62,0.395
11/11/2019,08:24:06 am,0,805.56,0.346
11/11/2019,08:54:06 am,0,805.39,0.300
11/11/2019,09:24:06 am,0,805.38,0.265
11/11/2019,09:54:06 am,0,805.58,0.233
11/11/2019,10:24:06 am,0,805.52,0.201
11/11/2019,10:54:06 am,0,805.41,0.176
11/11/2019,11:24:06 am,0,805.37,0.151
11/11/2019,11:54:06 am,0,805.63,0.122
11/11/2019,12:24:06 pm,0,805.65,0.093
11/11/2019,12:54:06 pm,0,805.62,0.060
11/11/2019,01:24:06 pm,0,805.33,0.040
11/11/2019,01:54:06 pm,0,804.99,0.018
11/11/2019,02:24:06 pm,0,804.65,-0.018
11/11/2019,02:54:06 pm,0,804.88,-0.043
11/11/2019,03:24:06 pm,0,805.14,-0.049
11/11/2019,03:54:06 pm,0,805.50,-0.045
11/11/2019,04:24:06 pm,0,805.72,-0.038
11/11/2019,04:54:06 pm,0,806.05,-0.015
11/11/2019,05:24:06 pm,0,806.57,0.021
11/11/2019,05:54:06 pm,0,806.62,0.056
11/11/2019,06:24:06 pm,0,806.62,0.099
11/11/2019,06:54:06 pm,0,806.60,0.148
11/11/2019,07:24:06 pm,0,806.39,0.224
11/11/2019,07:54:06 pm,0,806.37,0.491
11/11/2019,08:24:06 pm,0,806.57,0.818
11/11/2019,08:54:06 pm,0,806.88,1.073
11/11/2019,09:24:06 pm,0,807.23,1.176
11/11/2019,09:54:06 pm,0,807.19,1.229
11/11/2019,10:24:06 pm,0,807.49,1.397
11/11/2019,10:54:06 pm,0,807.57,1.558
11/11/2019,11:24:06 pm,0,807.45,1.614
11/11/2019,11:54:06 pm,0,807.25,1.636
11/12/2019,12:24:06 am,0,807.18,1.637
11/12/2019,12:54:06 am,0,807.10,1.624
11/12/2019,01:24:06 am,0,807.03,1.599
11/12/2019,01:54:06 am,0,807.17,1.571
11/12/2019,02:24:06 am,0,807.20,1.536
11/12/2019,02:54:06 am,0,807.15,1.482
11/12/2019,03:24:06 am,0,807.00,1.439
11/12/2019,03:54:06 am,0,806.87,1.396
11/12/2019,04:24:06 am,0,806.98,1.344
11/12/2019,04:54:06 am,0,807.01,1.282
11/12/2019,05:24:06 am,0,807.14,1.210
11/12/2019,05:54:06 am,0,807.20,1.147
11/12/2019,06:24:06 am,0,807.23,1.074
11/12/2019,06:54:06 am,0,807.38,0.996
11/12/2019,07:24:06 am,0,807.43,0.946
11/12/2019,07:54:06 am,0,807.62,0.888
11/12/2019,08:24:06 am,0,807.68,0.807
11/12/2019,08:54:06 am,0,807.76,0.745
11/12/2019,09:24:06 am,0,807.73,0.679
11/12/2019,09:54:06 am,0,807.93,0.619
11/12/2019,10:24:06 am,0,807.98,0.559
11/12/2019,10:54:06 am,0,807.96,0.513
11/12/2019,11:24:06 am,0,807.84,0.464
11/12/2019,11:54:06 am,0,807.65,0.418
11/12/2019,12:24:06 pm,0,807.36,0.361
11/12/2019,12:54:06 pm,0,807.21,0.307
11/12/2019,01:24:06 pm,0,807.12,0.253
11/12/2019,01:54:06 pm,0,807.06,0.195
11/12/2019,02:24:06 pm,0,806.89,0.170
11/12/2019,02:54:06 pm,0,806.85,0.132
11/12/2019,03:24:06 pm,0,806.67,0.089
11/12/2019,03:54:06 pm,0,806.60,0.055
11/12/2019,04:24:06 pm,0,806.36,0.040
11/12/2019,04:54:06 pm,0,806.18,0.030
11/12/2019,05:24:06 pm,0,806.11,0.038
11/12/2019,05:54:06 pm,0,806.01,0.060
11/12/2019,06:24:06 pm,0,805.84,0.100
11/12/2019,06:54:06 pm,0,805.87,0.157
11/12/2019,07:24:06 pm,0,806.67,0.241
11/12/2019,07:54:06 pm,0,807.50,0.584
11/12/2019,08:24:06 pm,0,807.44,0.908
11/12/2019,08:54:06 pm,0,807.46,1.142
11/12/2019,09:24:06 pm,0,807.69,1.241
11/12/2019,09:54:06 pm,0,807.56,1.321
11/12/2019,10:24:06 pm,0,807.29,1.459
11/12/2019,10:54:06 pm,0,807.34,1.598
11/12/2019,11:24:06 pm,0,807.27,1.650
11/12/2019,11:54:06 pm,0,806.87,1.687
11/13/2019,12:24:06 am,0,806.53,1.690
11/13/2019,12:54:06 am,0,806.28,1.673
11/13/2019,01:24:06 am,0,806.17,1.642
11/13/2019,01:54:06 am,0,806.17,1.603
11/13/2019,02:24:06 am,0,806.11,1.561
11/13/2019,02:54:06 am,0,805.97,1.509
11/13/2019,03:24:06 am,0,805.81,1.456
11/13/2019,03:54:06 am,0,805.65,1.396
11/13/2019,04:24:06 am,0,805.58,1.325
11/13/2019,04:54:06 am,0,805.66,1.237
11/13/2019,05:24:06 am,0,805.69,1.161
11/13/2019,05:54:06 am,0,805.66,1.089
11/13/2019,06:24:06 am,0,805.66,1.010
11/13/2019,06:54:06 am,0,805.65,0.940
11/13/2019,07:24:06 am,0,805.54,0.867
11/13/2019,07:54:06 am,0,805.43,0.784
11/13/2019,08:24:06 am,0,805.22,0.700
11/13/2019,08:54:06 am,0,805.20,0.638
11/13/2019,09:24:06 am,0,805.32,0.587
11/13/2019,09:54:06 am,0,805.18,0.548
11/13/2019,10:24:06 am,0,805.17,0.502
11/13/2019,10:54:06 am,0,804.93,0.449
11/13/2019,11:24:06 am,0,804.93,0.395
11/13/2019,11:54:06 am,0,804.86,0.343
11/13/2019,12:24:06 pm,0,804.78,0.293
11/13/2019,12:54:06 pm,0,804.72,0.234
11/13/2019,01:24:06 pm,0,804.48,0.171
11/13/2019,01:54:06 pm,0,804.17,0.125
11/13/2019,02:24:06 pm,0,804.04,0.078
11/13/2019,02:54:06 pm,0,803.87,0.044
11/13/2019,03:24:06 pm,0,803.64,0.036
11/13/2019,03:54:06 pm,0,803.58,0.043
11/13/2019,04:24:06 pm,0,803.44,0.070
11/13/2019,04:54:06 pm,0,803.51,0.119
11/13/2019,05:24:06 pm,0,803.46,0.197
11/13/2019,05:54:06 pm,0,803.30,0.288
11/13/2019,06:24:06 pm,0,803.22,0.394
11/13/2019,06:54:06 pm,0,803.03,0.516
11/13/2019,07:24:06 pm,0,805.66,0.667
11/13/2019,07:54:06 pm,0,805.67,0.872
11/13/2019,08:24:06 pm,0,805.46,1.001
11/13/2019,08:54:06 pm,0,805.30,1.181
11/13/2019,09:24:06 pm,0,805.19,1.306
11/13/2019,09:54:06 pm,0,805.13,1.422
11/13/2019,10:24:06 pm,0,804.81,1.586
11/13/2019,10:54:06 pm,0,804.54,1.695
11/13/2019,11:24:06 pm,0,804.23,1.761
11/13/2019,11:54:06 pm,0,803.96,1.808
11/14/2019,12:24:06 am,0,803.86,1.817
11/14/2019,12:54:06 am,0,803.82,1.805
11/14/2019,01:24:06 am,0,803.81,1.782
11/14/2019,01:54:06 am,0,803.76,1.742
11/14/2019,02:24:06 am,0,803.88,1.687
11/14/2019,02:54:06 am,0,803.87,1.626
11/14/2019,03:24:06 am,0,803.82,1.570
11/14/2019,03:54:06 am,0,803.84,1.513
11/14/2019,04:24:06 am,0,803.84,1.459
11/14/2019,04:54:06 am,0,803.90,1.405
11/14/2019,05:24:06 am,0,803.88,1.352
11/14/2019,05:54:06 am,0,803.88,1.295
11/14/2019,06:24:06 am,0,804.17,1.239
11/14/2019,06:54:06 am,0,804.34,1.188
11/14/2019,07:24:06 am,0,804.66,1.114
11/14/2019,07:54:06 am,0,804.70,1.069
11/14/2019,08:24:06 am,0,804.54,1.011
11/14/2019,08:54:06 am,0,804.71,0.965
11/14/2019,09:24:06 am,0,804.63,0.917
11/14/2019,09:54:06 am,0,804.70,0.864
11/14/2019,10:24:06 am,0,804.68,0.809
11/14/2019,10:54:06 am,0,804.52,0.765
11/14/2019,11:24:06 am,0,804.30,0.721
11/14/2019,11:54:06 am,0,804.35,0.683
11/14/2019,12:24:06 pm,0,804.21,0.653
11/14/2019,12:54:06 pm,0,804.40,0.609
11/14/2019,01:24:06 pm,0,804.09,0.564
11/14/2019,01:54:06 pm,0,804.18,0.520
11/14/2019,02:24:06 pm,0,804.49,0.469
11/14/2019,02:54:06 pm,0,804.61,0.435
11/14/2019,03:24:06 pm,0,804.66,0.384
11/14/2019,03:54:06 pm,0,804.72,0.353
11/14/2019,04:24:06 pm,0,804.77,0.347
11/14/2019,04:54:06 pm,0,804.73,0.365
11/14/2019,05:24:06 pm,0,804.26,0.424
11/14/2019,05:54:06 pm,0,804.48,0.505
11/14/2019,06:24:06 pm,0,804.59,0.577
11/14/2019,06:54:06 pm,0,804.74,0.650
11/14/2019,07:24:06 pm,0,804.46,0.774
11/14/2019,07:54:06 pm,0,804.10,1.156
11/14/2019,08:24:06 pm,0,803.91,1.562
11/14/2019,08:54:06 pm,0,803.84,1.810
11/14/2019,09:24:06 pm,0,804.28,1.923
11/14/2019,09:54:06 pm,0,804.43,1.971
11/14/2019,10:24:06 pm,0,804.47,2.022
11/14/2019,10:54:06 pm,0,804.42,2.072
11/14/2019,11:24:06 pm,0,804.33,2.079
11/14/2019,11:54:06 pm,0,804.12,2.069
11/15/2019,12:24:06 am,0,804.02,2.053
11/15/2019,12:54:06 am,0,803.91,2.016
11/15/2019,01:24:06 am,0,804.02,1.969
11/15/2019,01:54:06 am,0,804.25,1.916
11/15/2019,02:24:06 am,0,804.43,1.851
11/15/2019,02:54:06 am,0,804.28,1.789
11/15/2019,03:24:06 am,0,804.43,1.732
11/15/2019,03:54:06 am,0,804.54,1.675
11/15/2019,04:24:06 am,0,804.61,1.607
11/15/2019,04:54:06 am,0,804.60,1.533
11/15/2019,05:24:06 am,0,804.60,1.460
11/15/2019,05:54:06 am,0,804.66,1.374
11/15/2019,06:24:06 am,0,804.76,1.287
11/15/2019,06:54:06 am,0,804.43,1.197
11/15/2019,07:24:06 am,0,804.35,1.108
11/15/2019,07:54:06 am,0,804.26,1.026
11/15/2019,08:24:06 am,0,804.17,0.946
11/15/2019,08:54:06 am,0,804.03,0.878
11/15/2019,09:24:06 am,0,803.92,0.808
11/15/2019,09:54:06 am,0,804.37,0.740
11/15/2019,10:24:06 am,0,804.49,0.662
11/15/2019,10:54:06 am,0,804.56,0.584
11/15/2019,11:24:06 am,0,804.41,0.518
11/15/2019,11:54:06 am,0,804.27,0.471
11/15/2019,12:24:06 pm,0,804.22,0.435
11/15/2019,12:54:06 pm,0,804.23,0.407
11/15/2019,01:24:06 pm,0,804.35,0.380
11/15/2019,01:54:06 pm,0,804.37,0.353
11/15/2019,02:24:06 pm,0,804.30,0.329
11/15/2019,02:54:06 pm,0,804.50,0.301
11/15/2019,03:24:06 pm,0,804.63,0.279
11/15/2019,03:54:06 pm,0,804.92,0.265
11/15/2019,04:24:06 pm,0,805.31,0.252
11/15/2019,04:54:06 pm,0,805.63,0.257
11/15/2019,05:24:06 pm,0,805.54,0.260
11/15/2019,05:54:06 pm,0,805.82,0.267
11/15/2019,06:24:06 pm,0,805.67,0.300
11/15/2019,06:54:06 pm,0,805.71,0.346
11/15/2019,07:24:06 pm,0,805.41,0.399
11/15/2019,07:54:06 pm,0,805.05,0.698
11/15/2019,08:24:06 pm,0,804.66,1.043
11/15/2019,08:54:06 pm,0,804.43,1.365
11/15/2019,09:24:06 pm,0,804.15,1.449
11/15/2019,09:54:06 pm,0,803.96,1.453
11/15/2019,10:24:06 pm,0,804.04,1.595
11/15/2019,10:54:06 pm,0,804.05,1.763
11/15/2019,11:24:06 pm,0,804.20,1.768
11/15/2019,11:54:06 pm,0,804.36,1.760
11/16/2019,12:24:06 am,0,804.26,1.732
11/16/2019,12:54:06 am,0,804.37,1.695
11/16/2019,01:24:06 am,0,804.37,1.649
11/16/2019,01:54:06 am,0,804.32,1.591
11/16/2019,02:24:06 am,0,804.43,1.522
11/16/2019,02:54:06 am,0,804.60,1.460
11/16/2019,03:24:06 am,0,804.91,1.401
11/16/2019,03:54:06 am,0,805.09,1.342
11/16/2019,04:24:06 am,0,805.02,1.274
11/16/2019,04:54:06 am,0,805.10,1.211
11/16/2019,05:24:06 am,0,805.34,1.164
11/16/2019,05:54:06 am,0,805.16,1.105
11/16/2019,06:24:06 am,0,805.35,1.042
11/16/2019,06:54:06 am,0,805.51,0.972
11/16/2019,07:24:06 am,0,805.62,0.898
11/16/2019,07:54:06 am,0,805.47,0.813
11/16/2019,08:24:06 am,0,805.46,0.728
11/16/2019,08:54:06 am,0,805.19,0.644
11/16/2019,09:24:06 am,0,805.39,0.563
11/16/2019,09:54:06 am,0,805.43,0.492
11/16/2019,10:24:06 am,0,805.35,0.427
11/16/2019,10:54:06 am,0,805.19,0.367
11/16/2019,11:24:06 am,0,805.10,0.294
11/16/2019,11:54:06 am,0,804.77,0.227
11/16/2019,12:24:06 pm,0,804.83,0.164
11/16/2019,12:54:06 pm,0,804.67,0.109
11/16/2019,01:24:06 pm,0,804.80,0.060
11/16/2019,01:54:06 pm,0,804.86,0.021
11/16/2019,02:24:06 pm,0,805.06,0.000
11/16/2019,02:54:06 pm,0,805.25,-0.002
11/16/2019,03:24:06 pm,0,805.24,-0.004
11/16/2019,03:54:06 pm,0,805.31,-0.018
11/16/2019,04:24:06 pm,0,805.04,-0.024
11/16/2019,04:54:06 pm,0,805.02,-0.026
11/16/2019,05:24:06 pm,0,804.90,-0.019
11/16/2019,05:54:06 pm,0,804.70,-0.005
11/16/2019,06:24:06 pm,0,804.39,0.011
11/16/2019,06:54:06 pm,0,804.21,0.039
11/16/2019,07:24:06 pm,0,804.67,0.090
11/16/2019,07:54:06 pm,0,805.84,0.407
11/16/2019,08:24:06 pm,0,805.97,0.756
11/16/2019,08:54:06 pm,0,806.24,0.983
11/16/2019,09:24:06 pm,0,806.41,1.011
11/16/2019,09:54:06 pm,0,806.58,0.990
11/16/2019,10:24:06 pm,0,807.33,1.110
11/16/2019,10:54:06 pm,0,807.70,1.274
11/16/2019,11:24:06 pm,0,807.92,1.264
11/16/2019,11:54:06 pm,0,807.93,1.252
11/17/2019,12:24:06 am,0,807.71,1.245
11/17/2019,12:54:06 am,0,807.72,1.231
11/17/2019,01:24:06 am,0,807.62,1.208
11/17/2019,01:54:06 am,0,807.41,1.172
11/17/2019,02:24:06 am,0,807.22,1.124
11/17/2019,02:54:06 am,0,807.44,1.054
11/17/2019,03:24:06 am,0,807.35,0.990
11/17/2019,03:54:06 am,0,807.37,0.914
11/17/2019,04:24:06 am,0,807.22,0.860
11/17/2019,04:54:06 am,0,807.15,0.793
11/17/2019,05:24:06 am,0,807.30,0.719
11/17/2019,05:54:06 am,0,807.35,0.663
11/17/2019,06:24:06 am,0,807.46,0.613
11/17/2019,06:54:06 am,0,807.20,0.575
11/17/2019,07:24:06 am,0,807.01,0.528
11/17/2019,07:54:06 am,0,807.20,0.470
11/17/2019,08:24:06 am,0,807.56,0.425
11/17/2019,08:54:06 am,0,807.87,0.391
11/17/2019,09:24:06 am,0,807.96,0.343
11/17/2019,09:54:06 am,0,808.00,0.298
11/17/2019,10:24:06 am,0,807.84,0.244
11/17/2019,10:54:06 am,0,807.24,0.208
11/17/2019,11:24:06 am,0,807.30,0.179
11/17/2019,11:54:06 am,0,807.16,0.143
11/17/2019,12:24:06 pm,0,807.05,0.102
11/17/2019,12:54:06 pm,0,806.86,0.065
11/17/2019,01:24:06 pm,0,806.69,0.028
11/17/2019,01:54:06 pm,0,806.47,-0.004
11/17/2019,02:24:06 pm,0,806.08,-0.031
11/17/2019,02:54:06 pm,0,806.04,-0.045
11/17/2019,03:24:06 pm,0,805.94,-0.051
11/17/2019,03:54:06 pm,0,805.88,-0.046
11/17/2019,04:24:06 pm,0,806.05,-0.032
11/17/2019,04:54:06 pm,0,805.97,-0.012
11/17/2019,05:24:06 pm,0,805.87,0.005
11/17/2019,05:54:06 pm,0,805.84,0.033
11/17/2019,06:24:06 pm,0,806.07,0.076
11/17/2019,06:54:06 pm,0,806.96,0.123
11/17/2019,07:24:06 pm,0,807.00,0.188
11/17/2019,07:54:06 pm,0,806.94,0.434
11/17/2019,08:24:06 pm,0,806.81,0.794
11/17/2019,08:54:06 pm,0,806.98,1.124
11/17/2019,09:24:06 pm,0,807.78,1.247
11/17/2019,09:54:06 pm,0,808.43,1.275
11/17/2019,10:24:06 pm,0,808.39,1.420
11/17/2019,10:54:06 pm,0,808.21,1.636
11/17/2019,11:24:06 pm,0,808.05,1.670
11/17/2019,11:54:06 pm,0,807.83,1.679
11/18/2019,12:24:06 am,0,807.58,1.678
11/18/2019,12:54:06 am,0,807.43,1.667
11/18/2019,01:24:06 am,0,807.58,1.644
11/18/2019,01:54:06 am,0,807.54,1.607
11/18/2019,02:24:06 am,0,807.46,1.564
11/18/2019,02:54:06 am,0,807.38,1.519
11/18/2019,03:24:06 am,0,807.28,1.463
11/18/2019,03:54:06 am,0,807.25,1.415
11/18/2019,04:24:06 am,0,807.30,1.355
11/18/2019,04:54:06 am,0,807.13,1.305
11/18/2019,05:24:06 am,0,806.93,1.268
11/18/2019,05:54:06 am,0,806.66,1.210
11/18/2019,06:24:06 am,0,806.70,1.143
11/18/2019,06:54:06 am,0,807.42,1.075
11/18/2019,07:24:06 am,0,808.08,0.980
11/18/2019,07:54:06 am,0,808.10,0.890
11/18/2019,08:24:06 am,0,807.95,0.815
11/18/2019,08:54:06 am,0,807.88,0.735
11/18/2019,09:24:06 am,0,807.63,0.646
11/18/2019,09:54:06 am,0,807.53,0.568
11/18/2019,10:24:06 am,0,807.37,0.497
11/18/2019,10:54:06 am,0,806.95,0.437
11/18/2019,11:24:06 am,0,806.74,0.375
11/18/2019,11:54:06 am,0,806.42,0.300
11/18/2019,12:24:06 pm,0,806.07,0.258
11/18/2019,12:54:06 pm,0,805.74,0.198
11/18/2019,01:24:06 pm,0,805.76,0.131
11/18/2019,01:54:06 pm,0,805.82,0.084
11/18/2019,02:24:06 pm,0,805.77,0.070
11/18/2019,02:54:06 pm,0,805.47,0.025
11/18/2019,03:24:06 pm,0,805.17,-0.006
11/18/2019,03:54:06 pm,0,805.07,-0.018
11/18/2019,04:24:06 pm,0,804.58,-0.020
11/18/2019,04:54:06 pm,0,804.14,-0.019
11/18/2019,05:24:06 pm,0,803.82,-0.009
11/18/2019,05:54:06 pm,0,803.44,0.009
11/18/2019,06:24:06 pm,0,803.06,0.040
11/18/2019,06:54:06 pm,0,802.82,0.083
11/18/2019,07:24:06 pm,0,803.65,0.137
11/18/2019,07:54:06 pm,0,804.47,0.406
11/18/2019,08:24:06 pm,0,804.69,0.768
11/18/2019,08:54:06 pm,0,804.44,1.046
11/18/2019,09:24:06 pm,0,804.08,1.154
11/18/2019,09:54:06 pm,0,804.25,1.184
11/18/2019,10:24:06 pm,0,804.84,1.342
11/18/2019,10:54:06 pm,0,804.66,1.578
11/18/2019,11:24:06 pm,0,804.34,1.610
11/18/2019,11:54:06 pm,0,803.88,1.645
11/19/2019,12:24:06 am,0,803.41,1.661
11/19/2019,12:54:06 am,0,803.22,1.649
11/19/2019,01:24:06 am,0,803.07,1.624
11/19/2019,01:54:06 am,0,802.93,1.591
11/19/2019,02:24:06 am,0,802.76,1.555
11/19/2019,02:54:06 am,0,802.45,1.513
11/19/2019,03:24:06 am,0,802.46,1.471
11/19/2019,03:54:06 am,0,802.21,1.410
11/19/2019,04:24:06 am,0,801.95,1.336
11/19/2019,04:54:06 am,0,801.69,1.255
11/19/2019,05:24:06 am,0,801.42,1.190
11/19/2019,05:54:06 am,0,801.01,1.126
11/19/2019,06:24:06 am,0,800.70,1.074
11/19/2019,06:54:06 am,0,800.30,1.006
11/19/2019,07:24:06 am,0,800.19,0.927
11/19/2019,07:54:06 am,0,800.48,0.844
11/19/2019,08:24:06 am,0,800.42,0.763
11/19/2019,08:54:06 am,0,799.89,0.688
11/19/2019,09:24:06 am,0,799.67,0.618
11/19/2019,09:54:06 am,0,799.23,0.553
11/19/2019,10:24:06 am,0,798.74,0.498
11/19/2019,10:54:06 am,0,798.26,0.446
11/19/2019,11:24:06 am,0,797.72,0.394
11/19/2019,11:54:06 am,0,797.34,0.346
11/19/2019,12:24:06 pm,0,796.78,0.297
11/19/2019,12:54:06 pm,0,796.31,0.244
11/19/2019,01:24:06 pm,0,795.94,0.215
11/19/2019,01:54:06 pm,0,795.47,0.175
11/19/2019,02:24:06 pm,0,795.17,0.127
11/19/2019,02:54:06 pm,0,794.75,0.081
11/19/2019,03:24:06 pm,0,794.40,0.046
11/19/2019,03:54:06 pm,0,794.22,0.010
11/19/2019,04:24:06 pm,0,793.90,-0.013
11/19/2019,04:54:06 pm,0,793.68,-0.016
11/19/2019,05:24:06 pm,0,793.10,0.002
11/19/2019,05:54:06 pm,0,792.70,0.033
11/19/2019,06:24:06 pm,0,792.35,0.072
11/19/2019,06:54:06 pm,0,791.73,0.114
11/19/2019,07:24:06 pm,0,791.71,0.191
11/19/2019,07:54:06 pm,0,792.81,0.359
11/19/2019,08:24:06 pm,0,792.74,0.472
11/19/2019,08:54:06 pm,0,792.64,0.569
11/19/2019,09:24:06 pm,0,792.35,0.637
11/19/2019,09:54:06 pm,0,792.08,0.688
11/19/2019,10:24:06 pm,0,791.92,0.739
11/19/2019,10:54:06 pm,0,791.61,0.862
11/19/2019,11:24:06 pm,0,791.48,0.877
11/19/2019,11:54:06 pm,0,791.36,0.846
11/20/2019,12:24:06 am,0,790.66,0.744
11/20/2019,12:54:06 am,0,790.25,0.630
11/20/2019,01:24:06 am,0,789.78,0.555
11/20/2019,01:54:06 am,0,789.40,0.531
11/20/2019,02:24:06 am,0,788.82,0.525
11/20/2019,02:54:06 am,0,788.07,0.512
11/20/2019,03:24:06 am,0,787.74,0.488
11/20/2019,03:54:06 am,0,787.49,0.451
11/20/2019,04:24:06 am,0,787.34,0.411
11/20/2019,04:54:06 am,0,787.16,0.372
11/20/2019,05:24:06 am,0,786.98,0.324
11/20/2019,05:54:06 am,0,786.78,0.284
11/20/2019,06:24:06 am,0,786.70,0.235
11/20/2019,06:54:06 am,0,786.02,0.187
11/20/2019,07:24:06 am,0,785.43,0.141
11/20/2019,07:54:06 am,0,784.86,0.087
11/20/2019,08:24:06 am,0,784.54,0.037
11/20/2019,08:54:06 am,0,784.47,-0.007
11/20/2019,09:24:06 am,0,784.31,-0.039
11/20/2019,09:54:06 am,0,784.22,-0.057
11/20/2019,10:24:06 am,0,783.95,-0.067
11/20/2019,10:54:06 am,0,783.53,-0.070
11/20/2019,11:24:06 am,0,783.42,-0.069
11/20/2019,11:54:06 am,0,782.95,-0.071
11/20/2019,12:24:06 pm,0,782.91,-0.073
11/20/2019,12:54:06 pm,0,782.77,-0.073
11/20/2019,01:24:06 pm,0,782.62,-0.066
11/20/2019,01:54:06 pm,0,782.60,-0.060
11/20/2019,02:24:06 pm,0,782.46,-0.054
11/20/2019,02:54:06 pm,0,782.41,-0.046
11/20/2019,03:24:06 pm,0,782.44,-0.026
11/20/2019,03:54:06 pm,0,782.30,0.007
11/20/2019,04:24:06 pm,0,782.41,0.046
11/20/2019,04:54:06 pm,0,782.61,0.078
11/20/2019,05:24:06 pm,0,782.88,0.115
11/20/2019,05:54:06 pm,0,782.89,0.152
11/20/2019,06:24:06 pm,0,783.51,0.193
11/20/2019,06:54:06 pm,0,784.51,0.198
11/20/2019,07:24:06 pm,0,784.87,0.187
11/20/2019,07:54:06 pm,0,784.97,0.194
11/20/2019,08:24:06 pm,0,784.84,0.241
11/20/2019,08:54:06 pm,0,785.20,0.362
11/20/2019,09:24:06 pm,0,786.05,0.335
11/20/2019,09:54:06 pm,0,786.50,0.268
11/20/2019,10:24:06 pm,0,786.29,0.230
11/20/2019,10:54:06 pm,0,786.46,0.261
11/20/2019,11:24:06 pm,0,786.46,0.235
11/20/2019,11:54:06 pm,0,786.21,0.207
11/21/2019,12:24:06 am,0,786.36,0.175
11/21/2019,12:54:06 am,0,786.11,0.147
11/21/2019,01:24:06 am,0,785.99,0.112
11/21/2019,01:54:06 am,0,786.13,0.080
11/21/2019,02:24:06 am,0,786.05,0.048
11/21/2019,02:54:06 am,0,785.97,0.028
11/21/2019,03:24:06 am,0,786.07,0.008
11/21/2019,03:54:06 am,0,786.24,-0.006
11/21/2019,04:24:06 am,0,786.41,-0.017
11/21/2019,04:54:06 am,0,787.04,-0.028
11/21/2019,05:24:06 am,0,787.43,-0.033
11/21/2019,05:54:06 am,0,787.51,-0.035
11/21/2019,06:24:06 am,0,787.37,-0.036
11/21/2019,06:54:06 am,0,787.82,-0.041
11/21/2019,07:24:06 am,0,788.14,-0.047
11/21/2019,07:54:06 am,0,788.43,-0.054
11/21/2019,08:24:06 am,0,788.55,-0.056
11/21/2019,08:54:06 am,0,788.42,-0.057
11/21/2019,09:24:06 am,0,788.39,-0.058
11/21/2019,09:54:06 am,0,788.79,-0.060
11/21/2019,10:24:06 am,0,788.84,-0.065
11/21/2019,10:54:06 am,0,788.69,-0.074
11/21/2019,11:24:06 am,0,788.75,-0.080
11/21/2019,11:54:06 am,0,789.06,-0.093
11/21/2019,12:24:06 pm,0,789.20,-0.105
11/21/2019,12:54:06 pm,0,789.32,-0.112
11/21/2019,01:24:06 pm,0,789.49,-0.117
11/21/2019,01:54:06 pm,0,789.59,-0.120
11/21/2019,02:24:06 pm,0,789.86,-0.122
11/21/2019,02:54:06 pm,0,790.13,-0.122
11/21/2019,03:24:06 pm,0,790.43,-0.117
11/21/2019,03:54:06 pm,0,790.59,-0.108
11/21/2019,04:24:06 pm,0,791.02,-0.098
11/21/2019,04:54:06 pm,0,791.37,-0.088
11/21/2019,05:24:06 pm,0,791.71,-0.077
11/21/2019,05:54:06 pm,0,792.11,-0.070
11/21/2019,06:24:06 pm,0,792.46,-0.063
11/21/2019,06:54:06 pm,0,792.49,-0.056
11/21/2019,07:24:06 pm,0,792.44,-0.045
11/21/2019,07:54:06 pm,0,792.38,0.072
11/21/2019,08:24:06 pm,0,792.48,0.322
11/21/2019,08:54:06 pm,0,793.06,0.511
11/21/2019,09:24:06 pm,0,793.54,0.492
11/21/2019,09:54:06 pm,0,793.93,0.372
11/21/2019,10:24:06 pm,0,794.45,0.310
11/21/2019,10:54:06 pm,0,794.74,0.316
11/21/2019,11:24:06 pm,0,795.35,0.260
11/21/2019,11:54:06 pm,0,795.99,0.227
11/22/2019,12:24:06 am,0,796.47,0.172
11/22/2019,12:54:06 am,0,796.46,0.123
11/22/2019,01:24:06 am,0,796.69,0.084
11/22/2019,01:54:06 am,0,796.93,0.058
11/22/2019,02:24:06 am,0,797.02,0.040
11/22/2019,02:54:06 am,0,797.15,0.029
11/22/2019,03:24:06 am,0,797.37,0.022
11/22/2019,03:54:06 am,0,797.79,0.016
11/22/2019,04:24:06 am,0,798.00,0.012
11/22/2019,04:54:06 am,0,798.26,0.010
11/22/2019,05:24:06 am,0,798.51,0.008
11/22/2019,05:54:06 am,0,798.88,0.005
11/22/2019,06:24:06 am,0,798.86,0.005
11/22/2019,06:54:06 am,0,799.10,0.008
11/22/2019,07:24:06 am,0,799.39,0.007
11/22/2019,07:54:06 am,0,799.71,0.007
11/22/2019,08:24:06 am,0,799.82,0.011
11/22/2019,08:54:06 am,0,800.05,0.010
11/22/2019,09:24:06 am,0,800.17,0.010
11/22/2019,09:54:06 am,0,800.29,0.013
11/22/2019,10:24:06 am,0,800.48,0.009
11/22/2019,10:54:06 am,0,800.55,0.006
11/22/2019,11:24:06 am,0,800.66,0.001
11/22/2019,11:54:06 am,0,800.87,-0.003
11/22/2019,12:24:06 pm,0,801.07,-0.009
11/22/2019,12:54:06 pm,0,801.27,-0.012
11/22/2019,01:24:06 pm,0,801.56,-0.017
11/22/2019,01:54:06 pm,0,801.88,-0.018
11/22/2019,02:24:06 pm,0,802.07,-0.023
11/22/2019,02:54:06 pm,0,802.31,-0.029
11/22/2019,03:24:06 pm,0,802.51,-0.035
11/22/2019,03:54:06 pm,0,802.59,-0.033
11/22/2019,04:24:06 pm,0,802.83,-0.032
11/22/2019,04:54:06 pm,0,802.93,-0.032
11/22/2019,05:24:06 pm,0,802.99,-0.028
11/22/2019,05:54:06 pm,0,802.97,-0.024
11/22/2019,06:24:06 pm,0,802.96,-0.014
11/22/2019,06:54:06 pm,0,802.97,0.015
11/22/2019,07:24:06 pm,0,802.70,0.042
11/22/2019,07:54:06 pm,0,802.75,0.165
11/22/2019,08:24:06 pm,0,802.61,0.377
11/22/2019,08:54:06 pm,0,802.86,0.570
11/22/2019,09:24:06 pm,0,802.83,0.609
11/22/2019,09:54:06 pm,0,802.84,0.567
11/22/2019,10:24:06 pm,0,803.10,0.531
11/22/2019,10:54:06 pm,0,803.33,0.505
11/22/2019,11:24:06 pm,0,803.32,0.476
11/22/2019,11:54:06 pm,0,803.42,0.443
11/23/2019,12:24:06 am,0,803.58,0.397
11/23/2019,12:54:06 am,0,803.75,0.340
11/23/2019,01:24:06 am,0,803.81,0.296
11/23/2019,01:54:06 am,0,804.19,0.258
11/23/2019,02:24:06 am,0,804.09,0.214
11/23/2019,02:54:06 am,0,804.12,0.170
11/23/2019,03:24:06 am,0,804.17,0.129
11/23/2019,03:54:06 am,0,804.18,0.085
11/23/2019,04:24:06 am,0,804.04,0.048
11/23/2019,04:54:06 am,0,804.12,0.013
11/23/2019,05:24:06 am,0,804.36,-0.015
11/23/2019,05:54:06 am,0,804.24,-0.039
11/23/2019,06:24:06 am,0,803.84,-0.056
11/23/2019,06:54:06 am,0,803.75,-0.070
11/23/2019,07:24:06 am,0,803.92,-0.083
11/23/2019,07:54:06 am,0,803.73,-0.092
11/23/2019,08:24:06 am,0,803.41,-0.097
11/23/2019,08:54:06 am,0,803.43,-0.100
11/23/2019,09:24:06 am,0,803.27,-0.102
11/23/2019,09:54:06 am,0,803.29,-0.104
11/23/2019,10:24:06 am,0,803.32,-0.109
11/23/2019,10:54:06 am,0,803.42,-0.110
11/23/2019,11:24:06 am,0,803.32,-0.109
11/23/2019,11:54:06 am,0,803.08,-0.109
11/23/2019,12:24:06 pm,0,802.86,-0.112
11/23/2019,12:54:06 pm,0,802.71,-0.108
11/23/2019,01:24:06 pm,0,802.83,-0.095
11/23/2019,01:54:06 pm,0,802.90,-0.089
11/23/2019,02:24:06 pm,0,802.72,-0.090
11/23/2019,02:54:06 pm,0,802.69,-0.095
11/23/2019,03:24:06 pm,0,802.68,-0.092
11/23/2019,03:54:06 pm,0,802.91,-0.087
11/23/2019,04:24:06 pm,0,803.12,-0.081
11/23/2019,04:54:06 pm,0,803.27,-0.076
11/23/2019,05:24:06 pm,0,803.18,-0.052
11/23/2019,05:54:06 pm,0,803.37,-0.037
11/23/2019,06:24:06 pm,0,803.82,-0.030
11/23/2019,06:54:06 pm,0,804.73,-0.021
11/23/2019,07:24:06 pm,0,804.93,-0.007
11/23/2019,07:54:06 pm,0,804.75,0.064
11/23/2019,08:24:06 pm,0,803.94,0.266
11/23/2019,08:54:06 pm,0,803.26,0.473
11/23/2019,09:24:06 pm,0,802.68,0.503
11/23/2019,09:54:06 pm,0,802.15,0.395
11/23/2019,10:24:06 pm,0,802.87,0.364
11/23/2019,10:54:06 pm,0,803.39,0.422
11/23/2019,11:24:06 pm,0,803.85,0.354
11/23/2019,11:54:06 pm,0,804.62,0.274
11/24/2019,12:24:06 am,0,805.34,0.205
11/24/2019,12:54:06 am,0,805.63,0.140
11/24/2019,01:24:06 am,0,805.73,0.085
11/24/2019,01:54:06 am,0,805.60,0.041
11/24/2019,02:24:06 am,0,805.52,-0.006
11/24/2019,02:54:06 am,0,805.51,-0.038
11/24/2019,03:24:06 am,0,805.64,-0.063
11/24/2019,03:54:06 am,0,805.75,-0.079
11/24/2019,04:24:06 am,0,805.78,-0.093
11/24/2019,04:54:06 am,0,805.72,-0.102
11/24/2019,05:24:06 am,0,805.51,-0.110
11/24/2019,05:54:06 am,0,805.24,-0.110
11/24/2019,06:24:06 am,0,804.87,-0.112
11/24/2019,06:54:06 am,0,804.68,-0.109
11/24/2019,07:24:06 am,0,804.37,-0.107
11/24/2019,07:54:06 am,0,804.09,-0.107
11/24/2019,08:24:06 am,0,803.86,-0.103
11/24/2019,08:54:06 am,0,803.69,-0.089
11/24/2019,09:24:06 am,0,803.36,-0.092
11/24/2019,09:54:06 am,0,803.15,-0.081
11/24/2019,10:24:06 am,0,803.10,-0.065
11/24/2019,10:54:06 am,0,803.05,-0.044
11/24/2019,11:24:06 am,0,802.86,-0.030
11/24/2019,11:54:06 am,0,802.81,-0.018
11/24/2019,12:24:06 pm,0,802.92,-0.007
11/24/2019,12:54:06 pm,0,802.93,-0.002
11/24/2019,01:24:06 pm,0,802.79,-0.022
11/24/2019,01:54:06 pm,0,802.67,-0.002
11/24/2019,02:24:06 pm,0,802.64,0.014
11/24/2019,02:54:06 pm,0,802.56,0.024
11/24/2019,03:24:06 pm,0,802.41,0.035
11/24/2019,03:54:06 pm,0,802.42,0.029
11/24/2019,04:24:06 pm,0,802.29,0.072
11/24/2019,04:54:06 pm,0,801.85,0.074
11/24/2019,05:24:06 pm,0,801.38,0.078
11/24/2019,05:54:06 pm,0,801.34,0.083
11/24/2019,06:24:06 pm,0,802.25,0.090
11/24/2019,06:54:06 pm,0,803.62,0.099
11/24/2019,07:24:06 pm,0,803.71,0.091
11/24/2019,07:54:06 pm,0,802.98,0.147
11/24/2019,08:24:06 pm,0,802.12,0.336
11/24/2019,08:54:06 pm,0,801.38,0.532
11/24/2019,09:24:06 pm,0,800.96,0.574
11/24/2019,09:54:06 pm,0,800.52,0.495
11/24/2019,10:24:06 pm,0,801.06,0.462
11/24/2019,10:54:06 pm,0,800.98,0.463
11/24/2019,11:24:06 pm,0,801.78,0.425
11/24/2019,11:54:06 pm,0,804.10,0.382
11/25/2019,12:24:06 am,0,805.34,0.263
11/25/2019,12:54:06 am,0,805.12,0.134
11/25/2019,01:24:06 am,0,804.67,0.045
11/25/2019,01:54:06 am,0,804.31,-0.013
11/25/2019,02:24:06 am,0,803.91,-0.047
11/25/2019,02:54:06 am,0,803.49,-0.066
11/25/2019,03:24:06 am,0,803.25,-0.071
11/25/2019,03:54:06 am,0,803.36,-0.074
11/25/2019,04:24:06 am,0,803.41,-0.082
11/25/2019,04:54:06 am,0,803.45,-0.085
11/25/2019,05:24:06 am,0,803.45,-0.088
11/25/2019,05:54:06 am,0,803.02,-0.089
11/25/2019,06:24:06 am,0,802.65,-0.089
11/25/2019,06:54:06 am,0,802.37,-0.089
11/25/2019,07:24:06 am,0,801.76,-0.086
11/25/2019,07:54:06 am,0,801.59,-0.084
11/25/2019,08:24:06 am,0,801.42,-0.084
11/25/2019,08:54:06 am,0,801.13,-0.084
11/25/2019,09:24:06 am,0,800.88,-0.089
11/25/2019,09:54:06 am,0,800.45,-0.090
11/25/2019,10:24:06 am,0,800.19,-0.091
11/25/2019,10:54:06 am,0,799.95,-0.093
11/25/2019,11:24:06 am,0,799.53,-0.094
11/25/2019,11:54:06 am,0,799.12,-0.096
11/25/2019,12:24:06 pm,0,798.52,-0.097
11/25/2019,12:54:06 pm,0,798.24,-0.096
11/25/2019,01:24:06 pm,0,797.67,-0.098
11/25/2019,01:54:06 pm,0,797.40,-0.096
11/25/2019,02:24:06 pm,0,796.71,-0.091
11/25/2019,02:54:06 pm,0,795.29,-0.093
11/25/2019,03:24:06 pm,0,795.72,-0.090
11/25/2019,03:54:06 pm,0,795.54,-0.084
11/25/2019,04:24:06 pm,0,795.06,-0.064
11/25/2019,04:54:06 pm,0,794.91,-0.039
11/25/2019,05:24:06 pm,0,794.90,-0.026
11/25/2019,05:54:06 pm,0,794.46,-0.027
11/25/2019,06:24:06 pm,0,794.34,-0.032
11/25/2019,06:54:06 pm,0,794.02,-0.034
11/25/2019,07:24:06 pm,0,793.88,-0.030
11/25/2019,07:54:06 pm,0,793.89,0.036
11/25/2019,08:24:06 pm,0,793.54,0.231
11/25/2019,08:54:06 pm,0,793.09,0.401
11/25/2019,09:24:06 pm,0,793.38,0.398
11/25/2019,09:54:06 pm,0,792.87,0.280
11/25/2019,10:24:06 pm,0,792.27,0.215
11/25/2019,10:54:06 pm,0,792.85,0.215
11/25/2019,11:24:06 pm,0,793.01,0.152
11/25/2019,11:54:06 pm,0,793.18,0.094
11/26/2019,12:24:06 am,0,793.35,0.051
11/26/2019,12:54:06 am,0,793.51,0.015
11/26/2019,01:24:06 am,0,793.57,-0.010
11/26/2019,01:54:06 am,0,793.60,-0.033
11/26/2019,02:24:06 am,0,793.78,-0.048
11/26/2019,02:54:06 am,0,794.14,-0.055
11/26/2019,03:24:06 am,0,794.11,-0.061
11/26/2019,03:54:06 am,0,794.00,-0.071
11/26/2019,04:24:06 am,0,793.98,-0.075
11/26/2019,04:54:06 am,0,794.01,-0.073
11/26/2019,05:24:06 am,0,793.89,-0.081
11/26/2019,05:54:06 am,0,793.57,-0.092
11/26/2019,06:24:06 am,0,793.24,-0.098
11/26/2019,06:54:06 am,0,793.07,-0.105
11/26/2019,07:24:06 am,0,792.85,-0.105
11/26/2019,07:54:06 am,0,792.36,-0.101
11/26/2019,08:24:06 am,0,791.80,-0.097
11/26/2019,08:54:06 am,0,791.03,-0.089
11/26/2019,09:24:06 am,0,790.25,-0.078
11/26/2019,09:54:06 am,0,789.11,-0.072
11/26/2019,10:24:06 am,0,788.68,-0.043
11/26/2019,10:54:06 am,0,788.41,-0.008
11/26/2019,11:24:06 am,0,789.29,0.010
11/26/2019,11:54:06 am,0,788.84,0.032
11/26/2019,12:24:06 pm,0,789.35,0.049
11/26/2019,12:54:06 pm,0,788.70,0.067
11/26/2019,01:24:06 pm,0,788.88,0.085
11/26/2019,01:54:06 pm,0,790.33,0.099
11/26/2019,02:24:06 pm,0,790.53,0.113
11/26/2019,02:54:06 pm,0,790.22,0.126
11/26/2019,03:24:06 pm,0,789.99,0.140
11/26/2019,03:54:06 pm,0,789.77,0.161
11/26/2019,04:24:06 pm,0,789.23,0.180
11/26/2019,04:54:06 pm,0,788.87,0.200
11/26/2019,05:24:06 pm,0,789.29,0.219
11/26/2019,05:54:06 pm,0,789.73,0.257
11/26/2019,06:24:06 pm,0,789.95,0.295
11/26/2019,06:54:06 pm,0,790.18,0.329
11/26/2019,07:24:06 pm,0,789.31,0.305
11/26/2019,07:54:06 pm,0,788.22,0.293
11/26/2019,08:24:06 pm,0,786.72,0.359
11/26/2019,08:54:06 pm,0,786.00,0.421
11/26/2019,09:24:06 pm,0,785.65,0.467
11/26/2019,09:54:06 pm,0,786.08,0.496
11/26/2019,10:24:06 pm,0,785.70,0.482
11/26/2019,10:54:06 pm,0,784.76,0.483
11/26/2019,11:24:06 pm,0,783.75,0.492
11/26/2019,11:54:06 pm,0,782.95,0.499
11/27/2019,12:24:06 am,0,782.11,0.495
11/27/2019,12:54:06 am,0,781.32,0.485
11/27/2019,01:24:06 am,0,781.03,0.479
11/27/2019,01:54:06 am,0,780.44,0.477
11/27/2019,02:24:06 am,0,780.18,0.479
11/27/2019,02:54:06 am,0,779.83,0.490
11/27/2019,03:24:06 am,0,779.12,0.496
11/27/2019,03:54:06 am,0,778.24,0.494
11/27/2019,04:24:06 am,0,778.01,0.493
11/27/2019,04:54:06 am,0,777.07,0.494
11/27/2019,05:24:06 am,0,776.11,0.496
11/27/2019,05:54:06 am,0,776.26,0.499
11/27/2019,06:24:06 am,0,775.08,0.500
11/27/2019,06:54:06 am,0,775.38,0.502
11/27/2019,07:24:06 am,0,775.64,0.500
11/27/2019,07:54:06 am,0,776.11,0.490
11/27/2019,08:24:06 am,0,776.51,0.477
11/27/2019,08:54:06 am,0,775.68,0.469
11/27/2019,09:24:06 am,0,776.22,0.463
11/27/2019,09:54:06 am,0,775.71,0.455
11/27/2019,10:24:06 am,0,775.28,0.446
11/27/2019,10:54:06 am,0,775.34,0.446
11/27/2019,11:24:06 am,0,774.92,0.439
11/27/2019,11:54:06 am,0,774.91,0.435
11/27/2019,12:24:06 pm,0,774.80,0.430
11/27/2019,12:54:06 pm,0,775.14,0.425
11/27/2019,01:24:06 pm,0,775.33,0.420
11/27/2019,01:54:06 pm,0,775.46,0.416
11/27/2019,02:24:06 pm,0,775.71,0.405
11/27/2019,02:54:06 pm,0,775.78,0.398
11/27/2019,03:24:06 pm,0,775.73,0.390
11/27/2019,03:54:06 pm,0,775.99,0.382
11/27/2019,04:24:06 pm,0,776.26,0.372
11/27/2019,04:54:06 pm,0,776.25,0.352
11/27/2019,05:24:06 pm,0,776.30,0.327
11/27/2019,05:54:06 pm,0,776.27,0.307
11/27/2019,06:24:06 pm,0,776.16,0.286
11/27/2019,06:54:06 pm,0,776.06,0.270
11/27/2019,07:24:06 pm,0,775.90,0.234
11/27/2019,07:54:06 pm,0,775.84,0.216
11/27/2019,08:24:06 pm,0,775.61,0.197
11/27/2019,08:54:06 pm,0,775.58,0.156
11/27/2019,09:24:06 pm,0,775.62,0.115
11/27/2019,09:54:06 pm,0,775.71,0.078
11/27/2019,10:24:06 pm,0,775.73,0.057
11/27/2019,10:54:06 pm,0,775.73,0.035
11/27/2019,11:24:06 pm,0,775.91,0.021
11/27/2019,11:54:06 pm,0,776.06,0.010
11/28/2019,12:24:06 am,0,776.44,-0.009
11/28/2019,12:54:06 am,0,776.53,-0.022
11/28/2019,01:24:06 am,0,776.56,-0.021
11/28/2019,01:54:06 am,0,776.69,-0.038
11/28/2019,02:24:06 am,0,776.81,-0.055
11/28/2019,02:54:06 am,0,777.09,-0.066
11/28/2019,03:24:06 am,0,777.20,-0.071
11/28/2019,03:54:06 am,0,777.42,-0.064
11/28/2019,04:24:06 am,0,777.58,-0.058
11/28/2019,04:54:06 am,0,777.74,-0.063
11/28/2019,05:24:06 am,0,777.85,-0.064
11/28/2019,05:54:06 am,0,777.99,-0.070
11/28/2019,06:24:06 am,0,778.20,-0.074
11/28/2019,06:54:06 am,0,778.25,-0.081
11/28/2019,07:24:06 am,0,778.47,-0.085
11/28/2019,07:54:06 am,0,778.67,-0.088
11/28/2019,08:24:06 am,0,778.75,-0.089
11/28/2019,08:54:06 am,0,778.97,-0.087
11/28/2019,09:24:06 am,0,779.18,-0.085
11/28/2019,09:54:06 am,0,779.38,-0.084
11/28/2019,10:24:06 am,0,779.67,-0.083
11/28/2019,10:54:06 am,0,779.80,-0.082
11/28/2019,11:24:06 am,0,779.88,-0.079
11/28/2019,11:54:06 am,0,779.97,-0.085
11/28/2019,12:24:06 pm,0,779.99,-0.089
11/28/2019,12:54:06 pm,0,780.19,-0.088
11/28/2019,01:24:06 pm,0,780.19,-0.085
11/28/2019,01:54:06 pm,0,780.12,-0.084
11/28/2019,02:24:06 pm,0,780.32,-0.078
11/28/2019,02:54:06 pm,0,780.42,-0.072
11/28/2019,03:24:06 pm,0,780.51,-0.071
11/28/2019,03:54:06 pm,0,780.26,-0.070
11/28/2019,04:24:06 pm,0,780.42,-0.074
11/28/2019,04:54:06 pm,0,780.39,-0.081
11/28/2019,05:24:06 pm,0,780.23,-0.078
11/28/2019,05:54:06 pm,0,780.38,-0.077
11/28/2019,06:24:06 pm,0,780.23,-0.081
11/28/2019,06:54:06 pm,0,779.88,-0.083
11/28/2019,07:24:06 pm,0,779.74,-0.080
11/28/2019,07:54:06 pm,0,779.32,-0.080
11/28/2019,08:24:06 pm,0,779.07,-0.085
11/28/2019,08:54:06 pm,0,778.69,-0.088
11/28/2019,09:24:06 pm,0,778.23,-0.088
11/28/2019,09:54:06 pm,0,778.09,-0.088
11/28/2019,10:24:06 pm,0,778.35,-0.080
11/28/2019,10:54:06 pm,0,778.29,-0.076
11/28/2019,11:24:06 pm,0,778.36,-0.078
11/28/2019,11:54:06 pm,0,778.50,-0.081
11/29/2019,12:24:06 am,0,778.35,-0.079
11/29/2019,12:54:06 am,0,778.25,-0.073
11/29/2019,01:24:06 am,0,778.60,-0.073
11/29/2019,01:54:06 am,0,778.71,-0.072
11/29/2019,02:24:06 am,0,778.80,-0.066
11/29/2019,02:54:06 am,0,778.76,-0.062
11/29/2019,03:24:06 am,0,778.88,-0.057
11/29/2019,03:54:06 am,0,778.90,-0.058
11/29/2019,04:24:06 am,0,778.88,-0.058
11/29/2019,04:54:06 am,0,778.92,-0.059
11/29/2019,05:24:06 am,0,779.03,-0.052
11/29/2019,05:54:06 am,0,779.19,-0.046
11/29/2019,06:24:06 am,0,779.34,-0.043
11/29/2019,06:54:06 am,0,779.43,-0.038
11/29/2019,07:24:06 am,0,779.52,-0.034
11/29/2019,07:54:06 am,0,779.41,-0.029
11/29/2019,08:24:06 am,0,779.38,-0.025
11/29/2019,08:54:06 am,0,779.58,-0.026
11/29/2019,09:24:06 am,0,779.68,-0.035
11/29/2019,09:54:06 am,0,779.88,-0.043
11/29/2019,10:24:06 am,0,779.94,-0.046
11/29/2019,10:54:06 am,0,780.01,-0.049
11/29/2019,11:24:06 am,0,779.96,-0.051
11/29/2019,11:54:06 am,0,779.94,-0.052
11/29/2019,12:24:06 pm,0,780.11,-0.056
11/29/2019,12:54:06 pm,0,780.13,-0.065
11/29/2019,01:24:06 pm,0,780.31,-0.069
11/29/2019,01:54:06 pm,0,780.57,-0.070
11/29/2019,02:24:06 pm,0,780.91,-0.070
11/29/2019,02:54:06 pm,0,781.46,-0.074
11/29/2019,03:24:06 pm,0,781.86,-0.074
11/29/2019,03:54:06 pm,0,782.35,-0.078
11/29/2019,04:24:06 pm,0,782.60,-0.080
11/29/2019,04:54:06 pm,0,782.96,-0.077
11/29/2019,05:24:06 pm,0,783.49,-0.075
11/29/2019,05:54:06 pm,0,783.79,-0.076
11/29/2019,06:24:06 pm,0,784.17,-0.075
11/29/2019,06:54:06 pm,0,784.38,-0.076
11/29/2019,07:24:06 pm,0,784.46,-0.077
11/29/2019,07:54:06 pm,0,784.66,-0.078
11/29/2019,08:24:06 pm,0,784.81,-0.076
11/29/2019,08:54:06 pm,0,785.07,-0.076
11/29/2019,09:24:06 pm,0,785.31,-0.078
11/29/2019,09:54:06 pm,0,785.56,-0.081
11/29/2019,10:24:06 pm,0,785.96,-0.080
11/29/2019,10:54:06 pm,0,786.33,-0.078
11/29/2019,11:24:06 pm,0,786.82,-0.077
11/29/2019,11:54:06 pm,0,787.11,-0.079
11/30/2019,12:24:06 am,0,787.52,-0.078
11/30/2019,12:54:06 am,0,787.96,-0.082
11/30/2019,01:24:06 am,0,788.37,-0.085
11/30/2019,01:54:06 am,0,788.74,-0.085
11/30/2019,02:24:06 am,0,789.27,-0.087
11/30/2019,02:54:06 am,0,789.59,-0.087
11/30/2019,03:24:06 am,0,790.10,-0.090
11/30/2019,03:54:06 am,0,790.33,-0.091
11/30/2019,04:24:06 am,0,790.62,-0.090
11/30/2019,04:54:06 am,0,790.96,-0.091
11/30/2019,05:24:06 am,0,791.20,-0.091
11/30/2019,05:54:06 am,0,791.72,-0.092
11/30/2019,06:24:06 am,0,792.09,-0.094
11/30/2019,06:54:06 am,0,792.53,-0.095
11/30/2019,07:24:06 am,0,792.60,-0.095
11/30/2019,07:54:06 am,0,792.74,-0.097
11/30/2019,08:24:06 am,0,792.82,-0.098
11/30/2019,08:54:06 am,0,792.70,-0.098
11/30/2019,09:24:06 am,0,792.80,-0.100
11/30/2019,09:54:06 am,0,793.34,-0.104
11/30/2019,10:24:06 am,0,793.73,-0.104
11/30/2019,10:54:06 am,0,793.63,-0.105
11/30/2019,11:24:06 am,0,793.58,-0.106
11/30/2019,11:54:06 am,0,794.14,-0.107
11/30/2019,12:24:06 pm,0,794.18,-0.107
11/30/2019,12:54:06 pm,0,794.57,-0.108
11/30/2019,01:24:06 pm,0,794.73,-0.108
11/30/2019,01:54:06 pm,0,794.92,-0.107
11/30/2019,02:24:06 pm,0,795.16,-0.109
11/30/2019,02:54:06 pm,0,794.38,-0.110
11/30/2019,03:24:06 pm,0,794.77,-0.109
11/30/2019,03:54:06 pm,0,796.00,-0.110
11/30/2019,04:24:06 pm,0,796.47,-0.111
11/30/2019,04:54:06 pm,0,796.68,-0.109
11/30/2019,05:24:06 pm,0,797.04,-0.107
11/30/2019,05:54:06 pm,0,797.52,-0.109
11/30/2019,06:24:06 pm,0,797.25,-0.109
11/30/2019,06:54:06 pm,0,796.73,-0.111
11/30/2019,07:24:06 pm,0,796.67,-0.111
11/30/2019,07:54:06 pm,0,796.89,-0.109
11/30/2019,08:24:06 pm,0,796.95,-0.113
11/30/2019,08:54:06 pm,0,797.22,-0.114
11/30/2019,09:24:06 pm,0,797.16,-0.117
11/30/2019,09:54:06 pm,0,797.25,-0.117
11/30/2019,10:24:06 pm,0,797.37,-0.116
11/30/2019,10:54:06 pm,0,797.41,-0.112
11/30/2019,11:24:06 pm,0,797.57,-0.115
11/30/2019,11:54:06 pm,0,797.71,-0.115
12/1/2019,12:24:06 am,0,797.04,-0.118
12/1/2019,12:54:06 am,0,797.32,-0.119
12/1/2019,01:24:06 am,0,797.29,-0.121
12/1/2019,01:54:06 am,0,797.50,-0.121
12/1/2019,02:24:06 am,0,797.70,-0.121
12/1/2019,02:54:06 am,0,797.97,-0.120
12/1/2019,03:24:06 am,0,798.19,-0.116
12/1/2019,03:54:06 am,0,798.06,-0.118
12/1/2019,04:24:06 am,0,798.08,-0.121
12/1/2019,04:54:06 am,0,798.61,-0.119
12/1/2019,05:24:06 am,0,798.62,-0.120
12/1/2019,05:54:06 am,0,798.96,-0.118
12/1/2019,06:24:06 am,0,799.11,-0.120
12/1/2019,06:54:06 am,0,799.20,-0.119
12/1/2019,07:24:06 am,0,798.50,-0.121
12/1/2019,07:54:06 am,0,798.44,-0.123
12/1/2019,08:24:06 am,0,798.30,-0.122
12/1/2019,08:54:06 am,0,798.76,-0.118
12/1/2019,09:24:06 am,0,798.89,-0.117
12/1/2019,09:54:06 am,0,798.90,-0.121
12/1/2019,10:24:06 am,0,799.25,-0.123
12/1/2019,10:54:06 am,0,799.36,-0.122
12/1/2019,11:24:06 am,0,799.23,-0.124
12/1/2019,11:54:06 am,0,799.46,-0.126
12/1/2019,12:24:06 pm,0,799.54,-0.124
12/1/2019,12:54:06 pm,0,799.88,-0.125
12/1/2019,01:24:06 pm,0,799.75,-0.123
12/1/2019,01:54:06 pm,0,799.92,-0.125
12/1/2019,02:24:06 pm,0,800.21,-0.127
12/1/2019,02:54:06 pm,0,800.07,-0.128
12/1/2019,03:24:06 pm,0,800.41,-0.134
12/1/2019,03:54:06 pm,0,800.23,-0.127
12/1/2019,04:24:06 pm,0,800.64,-0.128
12/1/2019,04:54:06 pm,0,800.79,-0.128
12/1/2019,05:24:06 pm,0,801.30,-0.124
12/1/2019,05:54:06 pm,0,801.22,-0.130
12/1/2019,06:24:06 pm,0,801.55,-0.132
12/1/2019,06:54:06 pm,0,801.19,-0.133
12/1/2019,07:24:06 pm,0,800.97,-0.133
12/1/2019,07:54:06 pm,0,800.80,-0.131
12/1/2019,08:24:06 pm,0,801.30,-0.132
12/1/2019,08:54:06 pm,0,801.46,-0.130
12/1/2019,09:24:06 pm,0,801.10,-0.127
12/1/2019,09:54:06 pm,0,800.79,-0.125
12/1/2019,10:24:06 pm,0,800.83,-0.126
12/1/2019,10:54:06 pm,0,800.93,-0.132
12/1/2019,11:24:06 pm,0,801.09,-0.139
12/1/2019,11:54:06 pm,0,801.22,-0.143
12/2/2019,12:24:06 am,0,801.42,-0.148
12/2/2019,12:54:06 am,0,801.86,-0.154
12/2/2019,01:24:06 am,0,802.44,-0.156
12/2/2019,01:54:06 am,0,802.66,-0.160
12/2/2019,02:24:06 am,0,802.92,-0.162
12/2/2019,02:54:06 am,0,802.99,-0.164
12/2/2019,03:24:06 am,0,802.66,-0.165
12/2/2019,03:54:06 am,0,802.94,-0.162
12/2/2019,04:24:06 am,0,802.27,-0.160
12/2/2019,04:54:06 am,0,801.46,-0.157
12/2/2019,05:24:06 am,0,802.44,-0.143
12/2/2019,05:54:06 am,0,803.15,-0.142
12/2/2019,06:24:06 am,0,803.53,-0.152
12/2/2019,06:54:06 am,0,803.69,-0.151
12/2/2019,07:24:06 am,0,803.66,-0.149
12/2/2019,07:54:06 am,0,803.63,-0.153
12/2/2019,08:24:06 am,0,803.53,-0.157
12/2/2019,08:54:06 am,0,803.90,-0.156
12/2/2019,09:24:06 am,0,804.30,-0.157
12/2/2019,09:54:06 am,0,804.42,-0.155
12/2/2019,10:24:06 am,0,804.52,-0.155
12/2/2019,10:54:06 am,0,804.44,-0.158
12/2/2019,11:24:06 am,0,804.66,-0.156
12/2/2019,11:54:06 am,0,804.82,-0.157
12/2/2019,12:24:06 pm,0,805.00,-0.157
12/2/2019,12:54:06 pm,0,805.04,-0.159
12/2/2019,01:24:06 pm,0,805.06,-0.158
12/2/2019,01:54:06 pm,0,805.47,-0.159
12/2/2019,02:24:06 pm,0,805.61,-0.157
12/2/2019,02:54:06 pm,0,805.87,-0.158
12/2/2019,03:24:06 pm,0,806.23,-0.159
12/2/2019,03:54:06 pm,0,806.48,-0.160
12/2/2019,04:24:06 pm,0,806.66,-0.159
12/2/2019,04:54:06 pm,0,807.14,-0.161
12/2/2019,05:24:06 pm,0,807.55,-0.162
12/2/2019,05:54:06 pm,0,807.62,-0.161
12/2/2019,06:24:06 pm,0,807.66,-0.162
12/2/2019,06:54:06 pm,0,807.64,-0.164
12/2/2019,07:24:06 pm,0,807.67,-0.166
12/2/2019,07:54:06 pm,0,807.54,-0.165
12/2/2019,08:24:06 pm,0,807.36,-0.164
12/2/2019,08:54:06 pm,0,807.16,-0.164
12/2/2019,09:24:06 pm,0,807.02,-0.164
12/2/2019,09:54:06 pm,0,807.03,-0.164
12/2/2019,10:24:06 pm,0,806.77,-0.167
12/2/2019,10:54:06 pm,0,807.04,-0.171
12/2/2019,11:24:06 pm,0,806.95,-0.172
12/2/2019,11:54:06 pm,0,807.57,-0.171
12/3/2019,12:24:06 am,0,807.84,-0.172
12/3/2019,12:54:06 am,0,808.05,-0.171
12/3/2019,01:24:06 am,0,808.34,-0.172
12/3/2019,01:54:06 am,0,808.34,-0.174
12/3/2019,02:24:06 am,0,808.42,-0.173
12/3/2019,02:54:06 am,0,808.97,-0.174
12/3/2019,03:24:06 am,0,809.16,-0.173
12/3/2019,03:54:06 am,0,809.16,-0.173
12/3/2019,04:24:06 am,0,809.53,-0.172
12/3/2019,04:54:06 am,0,809.46,-0.172
12/3/2019,05:24:06 am,0,809.56,-0.171
12/3/2019,05:54:06 am,0,809.61,-0.170
12/3/2019,06:24:06 am,0,809.70,-0.169
12/3/2019,06:54:06 am,0,809.61,-0.170
12/3/2019,07:24:06 am,0,809.45,-0.171
12/3/2019,07:54:06 am,0,809.31,-0.172
12/3/2019,08:24:06 am,0,809.57,-0.171
12/3/2019,08:54:06 am,0,809.58,-0.172
12/3/2019,09:24:06 am,0,809.51,-0.172
12/3/2019,09:54:06 am,0,809.66,-0.167
12/3/2019,10:24:06 am,0,809.82,-0.164
12/3/2019,10:54:06 am,0,809.73,-0.163
12/3/2019,11:24:06 am,0,809.69,-0.162
12/3/2019,11:54:06 am,0,809.73,-0.162
12/3/2019,12:24:06 pm,0,809.64,-0.164
12/3/2019,12:54:06 pm,0,809.53,-0.165
12/3/2019,01:24:06 pm,0,809.46,-0.166
12/3/2019,01:54:06 pm,0,809.39,-0.167
12/3/2019,02:24:06 pm,0,809.67,-0.168
12/3/2019,02:54:06 pm,0,809.73,-0.172
12/3/2019,03:24:06 pm,0,809.93,-0.174
12/3/2019,03:54:06 pm,0,810.09,-0.174
12/3/2019,04:24:06 pm,0,810.04,-0.175
12/3/2019,04:54:06 pm,0,809.86,-0.176
12/3/2019,05:24:06 pm,0,810.68,-0.176
12/3/2019,05:54:06 pm,0,810.26,-0.176
12/3/2019,06:24:06 pm,0,810.14,-0.175
12/3/2019,06:54:06 pm,0,810.07,-0.175
12/3/2019,07:24:06 pm,0,809.83,-0.176
12/3/2019,07:54:06 pm,0,809.52,-0.177
12/3/2019,08:24:06 pm,0,808.98,-0.178
12/3/2019,08:54:06 pm,0,808.71,-0.178
12/3/2019,09:24:06 pm,0,808.26,-0.179
12/3/2019,09:54:06 pm,0,808.02,-0.178
12/3/2019,10:24:06 pm,0,808.02,-0.179
12/3/2019,10:54:06 pm,0,808.06,-0.180
12/3/2019,11:24:06 pm,0,807.95,-0.179
12/3/2019,11:54:06 pm,0,807.77,-0.179
12/4/2019,12:24:06 am,0,807.86,-0.180
12/4/2019,12:54:06 am,0,808.12,-0.181
12/4/2019,01:24:06 am,0,808.38,-0.181
12/4/2019,01:54:06 am,0,808.31,-0.182
12/4/2019,02:24:06 am,0,808.15,-0.182
12/4/2019,02:54:06 am,0,808.22,-0.182
12/4/2019,03:24:06 am,0,808.25,-0.182
12/4/2019,03:54:06 am,0,808.15,-0.182
12/4/2019,04:24:06 am,0,807.98,-0.181
12/4/2019,04:54:06 am,0,807.96,-0.181
12/4/2019,05:24:06 am,0,807.71,-0.181
12/4/2019,05:54:06 am,0,807.57,-0.181
12/4/2019,06:24:06 am,0,807.49,-0.181
12/4/2019,06:54:06 am,0,807.21,-0.181
12/4/2019,07:24:06 am,0,806.65,-0.180
12/4/2019,07:54:06 am,0,806.28,-0.181
12/4/2019,08:24:06 am,0,805.93,-0.180
12/4/2019,08:54:06 am,0,805.55,-0.180
12/4/2019,09:24:06 am,0,805.52,-0.181
12/4/2019,09:54:06 am,0,805.36,-0.180
12/4/2019,10:24:06 am,0,805.00,-0.180
12/4/2019,10:54:06 am,0,804.86,-0.180
12/4/2019,11:24:06 am,0,804.37,-0.180
12/4/2019,11:54:06 am,0,804.05,-0.180
12/4/2019,12:24:06 pm,0,803.75,-0.180
12/4/2019,12:54:06 pm,0,803.70,-0.180
12/4/2019,01:24:06 pm,0,803.43,-0.180
12/4/2019,01:54:06 pm,0,803.33,-0.180
12/4/2019,02:24:06 pm,0,802.98,-0.180
12/4/2019,02:54:06 pm,0,802.81,-0.180
12/4/2019,03:24:06 pm,0,802.87,-0.180
12/4/2019,03:54:06 pm,0,802.88,-0.180
12/4/2019,04:24:06 pm,0,802.80,-0.180
12/4/2019,04:54:06 pm,0,803.26,-0.181
12/4/2019,05:24:06 pm,0,803.29,-0.181
12/4/2019,05:54:06 pm,0,803.52,-0.181
12/4/2019,06:24:06 pm,0,803.38,-0.181
12/4/2019,06:54:06 pm,0,803.26,-0.181
12/4/2019,07:24:06 pm,0,802.89,-0.181
12/4/2019,07:54:06 pm,0,802.53,-0.182
12/4/2019,08:24:06 pm,0,802.26,-0.182
12/4/2019,08:54:06 pm,0,801.91,-0.182
12/4/2019,09:24:06 pm,0,801.77,-0.182
12/4/2019,09:54:06 pm,0,802.20,-0.182
12/4/2019,10:24:06 pm,0,802.50,-0.182
12/4/2019,10:54:06 pm,0,802.55,-0.182
12/4/2019,11:24:06 pm,0,802.72,-0.182
12/4/2019,11:54:06 pm,0,802.70,-0.183
12/5/2019,12:24:06 am,0,802.95,-0.183
12/5/2019,12:54:06 am,0,803.14,-0.182
12/5/2019,01:24:06 am,0,803.38,-0.182
12/5/2019,01:54:06 am,0,803.73,-0.182
12/5/2019,02:24:06 am,0,804.07,-0.182
12/5/2019,02:54:06 am,0,804.29,-0.182
12/5/2019,03:24:06 am,0,804.61,-0.181
12/5/2019,03:54:06 am,0,804.89,-0.180
12/5/2019,04:24:06 am,0,804.96,-0.182
12/5/2019,04:54:06 am,0,805.45,-0.182
12/5/2019,05:24:06 am,0,805.56,-0.182
12/5/2019,05:54:06 am,0,805.69,-0.181
12/5/2019,06:24:06 am,0,805.72,-0.180
12/5/2019,06:54:06 am,0,805.85,-0.180
12/5/2019,07:24:06 am,0,806.19,-0.179
12/5/2019,07:54:06 am,0,806.07,-0.180
12/5/2019,08:24:06 am,0,805.90,-0.177
12/5/2019,08:54:06 am,0,805.63,-0.178
12/5/2019,09:24:06 am,0,805.25,-0.178
12/5/2019,09:54:06 am,0,805.22,-0.177
12/5/2019,10:24:06 am,0,805.18,-0.177
12/5/2019,10:54:06 am,0,805.18,-0.176
12/5/2019,11:24:06 am,0,805.27,-0.175
12/5/2019,11:54:06 am,0,805.17,-0.174
12/5/2019,12:24:06 pm,0,805.13,-0.173
12/5/2019,12:54:06 pm,0,805.08,-0.173
12/5/2019,01:24:06 pm,0,805.44,-0.172
12/5/2019,01:54:06 pm,0,805.57,-0.170
12/5/2019,02:24:06 pm,0,805.60,-0.172
12/5/2019,02:54:06 pm,0,805.78,-0.171
12/5/2019,03:24:06 pm,0,805.84,-0.171
12/5/2019,03:54:06 pm,0,805.87,-0.170
12/5/2019,04:24:06 pm,0,806.04,-0.169
12/5/2019,04:54:06 pm,0,806.18,-0.168
12/5/2019,05:24:06 pm,0,806.40,-0.168
12/5/2019,05:54:06 pm,0,806.82,-0.168
12/5/2019,06:24:06 pm,0,807.02,-0.166
12/5/2019,06:54:06 pm,0,806.63,-0.166
12/5/2019,07:24:06 pm,0,806.45,-0.165
12/5/2019,07:54:06 pm,0,806.27,-0.164
12/5/2019,08:24:06 pm,0,806.31,-0.163
12/5/2019,08:54:06 pm,0,806.17,-0.161
12/5/2019,09:24:06 pm,0,806.02,-0.158
12/5/2019,09:54:06 pm,0,806.04,-0.156
12/5/2019,10:24:06 pm,0,805.94,-0.155
12/5/2019,10:54:06 pm,0,805.97,-0.155
12/5/2019,11:24:06 pm,0,806.10,-0.155
12/5/2019,11:54:06 pm,0,806.00,-0.153
12/6/2019,12:24:06 am,0,806.13,-0.152
12/6/2019,12:54:06 am,0,806.19,-0.151
12/6/2019,01:24:06 am,0,806.26,-0.151
12/6/2019,01:54:06 am,0,806.31,-0.149
12/6/2019,02:24:06 am,0,806.21,-0.150
12/6/2019,02:54:06 am,0,806.41,-0.151
12/6/2019,03:24:06 am,0,806.53,-0.151
12/6/2019,03:54:06 am,0,806.71,-0.152
12/6/2019,04:24:06 am,0,807.07,-0.153
12/6/2019,04:54:06 am,0,807.01,-0.153
12/6/2019,05:24:06 am,0,806.80,-0.151
12/6/2019,05:54:06 am,0,806.48,-0.150
12/6/2019,06:24:06 am,0,806.44,-0.151
12/6/2019,06:54:06 am,0,806.31,-0.152
12/6/2019,07:24:06 am,0,806.53,-0.152
12/6/2019,07:54:06 am,0,806.15,-0.151
12/6/2019,08:24:06 am,0,806.23,-0.151
12/6/2019,08:54:06 am,0,806.46,-0.150
12/6/2019,09:24:06 am,0,806.28,-0.151
12/6/2019,09:54:06 am,0,806.07,-0.150
12/6/2019,10:24:06 am,0,806.03,-0.146
12/6/2019,10:54:06 am,0,806.06,-0.145
12/6/2019,11:24:06 am,0,806.24,-0.145
12/6/2019,11:54:06 am,0,806.07,-0.144
12/6/2019,12:24:06 pm,0,805.91,-0.148
12/6/2019,12:54:06 pm,0,805.89,-0.152
12/6/2019,01:24:06 pm,0,805.89,-0.152
12/6/2019,01:54:06 pm,0,805.97,-0.151
12/6/2019,02:24:06 pm,0,805.93,-0.151
12/6/2019,02:54:06 pm,0,806.16,-0.147
12/6/2019,03:24:06 pm,0,806.25,-0.147
12/6/2019,03:54:06 pm,0,806.20,-0.144
12/6/2019,04:24:06 pm,0,806.13,-0.144
12/6/2019,04:54:06 pm,0,805.98,-0.143
12/6/2019,05:24:06 pm,0,806.10,-0.143
12/6/2019,05:54:06 pm,0,806.06,-0.143
12/6/2019,06:24:06 pm,0,806.18,-0.139
12/6/2019,06:54:06 pm,0,805.55,-0.135
12/6/2019,07:24:06 pm,0,805.36,-0.134
12/6/2019,07:54:06 pm,0,805.21,-0.135
12/6/2019,08:24:06 pm,0,804.90,-0.133
12/6/2019,08:54:06 pm,0,804.59,-0.134
12/6/2019,09:24:06 pm,0,804.29,-0.131
12/6/2019,09:54:06 pm,0,804.09,-0.131
12/6/2019,10:24:06 pm,0,803.86,-0.131
12/6/2019,10:54:06 pm,0,803.78,-0.132
12/6/2019,11:24:06 pm,0,803.92,-0.130
12/6/2019,11:54:06 pm,0,803.89,-0.130
12/7/2019,12:24:06 am,0,804.19,-0.130
12/7/2019,12:54:06 am,0,804.36,-0.132
12/7/2019,01:24:06 am,0,804.36,-0.133
12/7/2019,01:54:06 am,0,804.31,-0.134
12/7/2019,02:24:06 am,0,804.41,-0.135
12/7/2019,02:54:06 am,0,804.20,-0.137
12/7/2019,03:24:06 am,0,804.24,-0.136
12/7/2019,03:54:06 am,0,804.43,-0.134
12/7/2019,04:24:06 am,0,804.88,-0.131
12/7/2019,04:54:06 am,0,805.09,-0.130
12/7/2019,05:24:06 am,0,804.87,-0.131
12/7/2019,05:54:06 am,0,804.76,-0.131
12/7/2019,06:24:06 am,0,804.64,-0.133
12/7/2019,06:54:06 am,0,804.89,-0.143
12/7/2019,07:24:06 am,0,805.19,-0.145
12/7/2019,07:54:06 am,0,804.59,-0.144
12/7/2019,08:24:06 am,0,804.22,-0.139
12/7/2019,08:54:06 am,0,803.61,-0.135
12/7/2019,09:24:06 am,0,803.21,-0.132
12/7/2019,09:54:06 am,0,803.61,-0.130
12/7/2019,10:24:06 am,0,802.92,-0.129
12/7/2019,10:54:06 am,0,803.43,-0.128
12/7/2019,11:24:06 am,0,803.39,-0.126
12/7/2019,11:54:06 am,0,803.19,-0.126
12/7/2019,12:24:06 pm,0,803.30,-0.126
12/7/2019,12:54:06 pm,0,803.04,-0.127
12/7/2019,01:24:06 pm,0,802.48,-0.124
12/7/2019,01:54:06 pm,0,802.72,-0.125
12/7/2019,02:24:06 pm,0,802.33,-0.127
12/7/2019,02:54:06 pm,0,802.77,-0.126
12/7/2019,03:24:06 pm,0,802.89,-0.127
12/7/2019,03:54:06 pm,0,802.90,-0.128
12/7/2019,04:24:06 pm,0,803.29,-0.127
12/7/2019,04:54:06 pm,0,803.45,-0.128
12/7/2019,05:24:06 pm,0,803.50,-0.126
12/7/2019,05:54:06 pm,0,803.48,-0.125
12/7/2019,06:24:06 pm,0,803.26,-0.124
12/7/2019,06:54:06 pm,0,803.16,-0.125
12/7/2019,07:24:06 pm,0,802.88,-0.124
12/7/2019,07:54:06 pm,0,802.53,-0.124
12/7/2019,08:24:06 pm,0,802.33,-0.122
12/7/2019,08:54:06 pm,0,802.11,-0.123
12/7/2019,09:24:06 pm,0,801.78,-0.122
12/7/2019,09:54:06 pm,0,801.43,-0.123
12/7/2019,10:24:06 pm,0,801.03,-0.124
12/7/2019,10:54:06 pm,0,801.07,-0.120
12/7/2019,11:24:06 pm,0,801.28,-0.122
12/7/2019,11:54:06 pm,0,800.94,-0.122
12/8/2019,12:24:06 am,0,800.66,-0.122
12/8/2019,12:54:06 am,0,800.60,-0.122
12/8/2019,01:24:06 am,0,800.98,-0.125
12/8/2019,01:54:06 am,0,800.72,-0.131
12/8/2019,02:24:06 am,0,800.82,-0.137
12/8/2019,02:54:06 am,0,800.86,-0.141
12/8/2019,03:24:06 am,0,801.21,-0.145
12/8/2019,03:54:06 am,0,801.19,-0.147
12/8/2019,04:24:06 am,0,801.07,-0.148
12/8/2019,04:54:06 am,0,800.45,-0.148
12/8/2019,05:24:06 am,0,800.74,-0.149
12/8/2019,05:54:06 am,0,800.76,-0.149
12/8/2019,06:24:06 am,0,800.72,-0.148
12/8/2019,06:54:06 am,0,800.83,-0.148
12/8/2019,07:24:06 am,0,800.55,-0.147
12/8/2019,07:54:06 am,0,800.85,-0.147
12/8/2019,08:24:06 am,0,800.71,-0.150
12/8/2019,08:54:06 am,0,800.81,-0.152
12/8/2019,09:24:06 am,0,801.17,-0.154
12/8/2019,09:54:06 am,0,801.66,-0.154
12/8/2019,10:24:06 am,0,801.42,-0.153
12/8/2019,10:54:06 am,0,801.29,-0.150
12/8/2019,11:24:06 am,0,801.11,-0.148
12/8/2019,11:54:06 am,0,800.96,-0.148
12/8/2019,12:24:06 pm,0,800.86,-0.147
12/8/2019,12:54:06 pm,0,801.12,-0.147
12/8/2019,01:24:06 pm,0,801.09,-0.146
12/8/2019,01:54:06 pm,0,801.19,-0.146
12/8/2019,02:24:06 pm,0,801.28,-0.145
12/8/2019,02:54:06 pm,0,800.95,-0.146
12/8/2019,03:24:06 pm,0,801.01,-0.146
12/8/2019,03:54:06 pm,0,801.39,-0.147
12/8/2019,04:24:06 pm,0,801.70,-0.151
12/8/2019,04:54:06 pm,0,801.85,-0.154
12/8/2019,05:24:06 pm,0,802.45,-0.157
12/8/2019,05:54:06 pm,0,802.67,-0.157
12/8/2019,06:24:06 pm,0,802.70,-0.158
12/8/2019,06:54:06 pm,0,802.59,-0.159
12/8/2019,07:24:06 pm,0,802.70,-0.160
12/8/2019,07:54:06 pm,0,802.39,-0.159
12/8/2019,08:24:06 pm,0,802.30,-0.160
12/8/2019,08:54:06 pm,0,802.21,-0.160
12/8/2019,09:24:06 pm,0,802.15,-0.161
12/8/2019,09:54:06 pm,0,802.14,-0.162
12/8/2019,10:24:06 pm,0,802.32,-0.163
12/8/2019,10:54:06 pm,0,802.31,-0.163
12/8/2019,11:24:06 pm,0,802.51,-0.164
12/8/2019,11:54:06 pm,0,802.73,-0.164
12/9/2019,12:24:06 am,0,803.03,-0.166
12/9/2019,12:54:06 am,0,803.10,-0.167
12/9/2019,01:24:06 am,0,803.37,-0.167
12/9/2019,01:54:06 am,0,803.64,-0.168
12/9/2019,02:24:06 am,0,803.74,-0.169
12/9/2019,02:54:06 am,0,803.70,-0.170
12/9/2019,03:24:06 am,0,804.09,-0.167
12/9/2019,03:54:06 am,0,804.16,-0.169
12/9/2019,04:24:06 am,0,804.42,-0.169
12/9/2019,04:54:06 am,0,804.85,-0.169
12/9/2019,05:24:06 am,0,804.99,-0.170
12/9/2019,05:54:06 am,0,805.32,-0.169
12/9/2019,06:24:06 am,0,805.74,-0.168
12/9/2019,06:54:06 am,0,806.06,-0.168
12/9/2019,07:24:06 am,0,806.12,-0.168
12/9/2019,07:54:06 am,0,806.40,-0.166
12/9/2019,08:24:06 am,0,806.43,-0.167
12/9/2019,08:54:06 am,0,806.33,-0.167
12/9/2019,09:24:06 am,0,806.34,-0.166
12/9/2019,09:54:06 am,0,806.22,-0.166
12/9/2019,10:24:06 am,0,806.22,-0.166
12/9/2019,10:54:06 am,0,806.19,-0.167
12/9/2019,11:24:06 am,0,806.17,-0.167
12/9/2019,11:54:06 am,0,805.79,-0.166
12/9/2019,12:24:06 pm,0,805.66,-0.166
12/9/2019,12:54:06 pm,0,806.08,-0.165
12/9/2019,01:24:06 pm,0,806.03,-0.164
12/9/2019,01:54:06 pm,0,806.02,-0.164
12/9/2019,02:24:06 pm,0,806.37,-0.164
12/9/2019,02:54:06 pm,0,806.54,-0.164
12/9/2019,03:24:06 pm,0,806.88,-0.162
12/9/2019,03:54:06 pm,0,806.90,-0.162
12/9/2019,04:24:06 pm,0,806.80,-0.163
12/9/2019,04:54:06 pm,0,806.89,-0.161
12/9/2019,05:24:06 pm,0,806.92,-0.160
12/9/2019,05:54:06 pm,0,806.98,-0.158
12/9/2019,06:24:06 pm,0,807.01,-0.157
12/9/2019,06:54:06 pm,0,806.74,-0.156
12/9/2019,07:24:06 pm,0,806.56,-0.156
12/9/2019,07:54:06 pm,0,806.35,-0.156
12/9/2019,08:24:06 pm,0,806.29,-0.154
12/9/2019,08:54:06 pm,0,806.19,-0.153
12/9/2019,09:24:06 pm,0,806.03,-0.152
12/9/2019,09:54:06 pm,0,806.00,-0.151
12/9/2019,10:24:06 pm,0,805.92,-0.150
12/9/2019,10:54:06 pm,0,806.12,-0.149
12/9/2019,11:24:06 pm,0,806.22,-0.150
12/9/2019,11:54:06 pm,0,806.27,-0.149
12/10/2019,12:24:06 am,0,806.47,-0.149
12/10/2019,12:54:06 am,0,806.73,-0.149
12/10/2019,01:24:06 am,0,806.85,-0.149
12/10/2019,01:54:06 am,0,807.01,-0.149
12/10/2019,02:24:06 am,0,807.06,-0.149
12/10/2019,02:54:06 am,0,807.21,-0.148
12/10/2019,03:24:06 am,0,807.35,-0.149
12/10/2019,03:54:06 am,0,807.49,-0.149
12/10/2019,04:24:06 am,0,807.59,-0.149
12/10/2019,04:54:06 am,0,807.59,-0.150
12/10/2019,05:24:06 am,0,807.71,-0.148
12/10/2019,05:54:06 am,0,807.81,-0.148
12/10/2019,06:24:06 am,0,808.10,-0.148
12/10/2019,06:54:06 am,0,808.10,-0.148
12/10/2019,07:24:06 am,0,807.84,-0.146
12/10/2019,07:54:06 am,0,808.15,-0.146
12/10/2019,08:24:06 am,0,808.50,-0.146
12/10/2019,08:54:06 am,0,808.36,-0.146
12/10/2019,09:24:06 am,0,808.41,-0.146
12/10/2019,09:54:06 am,0,808.50,-0.145
12/10/2019,10:24:06 am,0,808.42,-0.145
12/10/2019,10:54:06 am,0,808.14,-0.145
12/10/2019,11:24:06 am,0,808.50,-0.145
12/10/2019,11:54:06 am,0,808.70,-0.144
12/10/2019,12:24:06 pm,0,808.67,-0.144
12/10/2019,12:54:06 pm,0,808.84,-0.143
12/10/2019,01:24:06 pm,0,808.67,-0.143
12/10/2019,01:54:06 pm,0,808.63,-0.143
12/10/2019,02:24:06 pm,0,808.88,-0.142
12/10/2019,02:54:06 pm,0,809.00,-0.141
12/10/2019,03:24:06 pm,0,808.87,-0.140
12/10/2019,03:54:06 pm,0,808.85,-0.140
12/10/2019,04:24:06 pm,0,808.85,-0.138
12/10/2019,04:54:06 pm,0,808.99,-0.138
12/10/2019,05:24:06 pm,0,809.18,-0.138
12/10/2019,05:54:06 pm,0,809.33,-0.138
12/10/2019,06:24:06 pm,0,809.44,-0.135
12/10/2019,06:54:06 pm,0,809.47,-0.135
12/10/2019,07:24:06 pm,0,809.37,-0.134
12/10/2019,07:54:06 pm,0,809.01,-0.133
12/10/2019,08:24:06 pm,0,808.64,-0.132
12/10/2019,08:54:06 pm,0,808.30,-0.131
12/10/2019,09:24:06 pm,0,808.29,-0.131
12/10/2019,09:54:06 pm,0,808.23,-0.133
12/10/2019,10:24:06 pm,0,808.08,-0.130
12/10/2019,10:54:06 pm,0,807.92,-0.130
12/10/2019,11:24:06 pm,0,808.02,-0.129
12/10/2019,11:54:06 pm,0,808.07,-0.128
12/11/2019,12:24:06 am,0,808.22,-0.129
12/11/2019,12:54:06 am,0,808.18,-0.129
12/11/2019,01:24:06 am,0,808.22,-0.130
12/11/2019,01:54:06 am,0,808.18,-0.130
12/11/2019,02:24:06 am,0,808.07,-0.130
12/11/2019,02:54:06 am,0,807.97,-0.128
12/11/2019,03:24:06 am,0,807.97,-0.130
12/11/2019,03:54:06 am,0,807.90,-0.130
12/11/2019,04:24:06 am,0,807.88,-0.128
12/11/2019,04:54:06 am,0,807.89,-0.128
12/11/2019,05:24:06 am,0,807.93,-0.128
12/11/2019,05:54:06 am,0,808.04,-0.128
12/11/2019,06:24:06 am,0,808.09,-0.128
12/11/2019,06:54:06 am,0,808.20,-0.127
12/11/2019,07:24:06 am,0,808.05,-0.128
12/11/2019,07:54:06 am,0,807.81,-0.126
12/11/2019,08:24:06 am,0,807.88,-0.126
12/11/2019,08:54:06 am,0,807.81,-0.125
12/11/2019,09:24:06 am,0,807.93,-0.123
12/11/2019,09:54:06 am,0,808.04,-0.123
12/11/2019,10:24:06 am,0,807.69,-0.122
12/11/2019,10:54:06 am,0,807.73,-0.121
12/11/2019,11:24:06 am,0,807.58,-0.119
12/11/2019,11:54:06 am,0,807.19,-0.119
12/11/2019,12:24:06 pm,0,807.21,-0.121
12/11/2019,12:54:06 pm,0,807.51,-0.121
12/11/2019,01:24:06 pm,0,807.70,-0.120
12/11/2019,01:54:06 pm,0,807.86,-0.122
12/11/2019,02:24:06 pm,0,808.25,-0.122
12/11/2019,02:54:06 pm,0,808.61,-0.121
12/11/2019,03:24:06 pm,0,808.47,-0.125
12/11/2019,03:54:06 pm,0,808.63,-0.124
12/11/2019,04:24:06 pm,0,808.75,-0.125
12/11/2019,04:54:06 pm,0,808.94,-0.123
12/11/2019,05:24:06 pm,0,809.02,-0.124
12/11/2019,05:54:06 pm,0,808.75,-0.123
12/11/2019,06:24:06 pm,0,808.75,-0.120
12/11/2019,06:54:06 pm,0,808.76,-0.119
12/11/2019,07:24:06 pm,0,808.38,-0.119
12/11/2019,07:54:06 pm,0,808.37,-0.118
12/11/2019,08:24:06 pm,0,808.15,-0.115
12/11/2019,08:54:06 pm,0,808.31,-0.114
12/11/2019,09:24:06 pm,0,808.00,-0.114
12/11/2019,09:54:06 pm,0,808.03,-0.116
12/11/2019,10:24:06 pm,0,808.14,-0.118
12/11/2019,10:54:06 pm,0,808.08,-0.118
12/11/2019,11:24:06 pm,0,808.10,-0.116
12/11/2019,11:54:06 pm,0,808.15,-0.115
12/12/2019,12:24:06 am,0,808.25,-0.114
12/12/2019,12:54:06 am,0,808.55,-0.113
12/12/2019,01:24:06 am,0,808.74,-0.115
12/12/2019,01:54:06 am,0,808.60,-0.114
12/12/2019,02:24:06 am,0,808.74,-0.114
12/12/2019,02:54:06 am,0,808.74,-0.111
12/12/2019,03:24:06 am,0,808.76,-0.111
12/12/2019,03:54:06 am,0,808.57,-0.111
12/12/2019,04:24:06 am,0,808.82,-0.111
12/12/2019,04:54:06 am,0,809.01,-0.113
12/12/2019,05:24:06 am,0,809.15,-0.114
12/12/2019,05:54:06 am,0,809.49,-0.114
12/12/2019,06:24:06 am,0,809.63,-0.112
12/12/2019,06:54:06 am,0,809.54,-0.112
12/12/2019,07:24:06 am,0,809.73,-0.114
12/12/2019,07:54:06 am,0,809.53,-0.112
12/12/2019,08:24:06 am,0,809.26,-0.110
12/12/2019,08:54:06 am,0,809.04,-0.110
12/12/2019,09:24:06 am,0,809.09,-0.114
12/12/2019,09:54:06 am,0,809.11,-0.115
12/12/2019,10:24:06 am,0,809.30,-0.116
12/12/2019,10:54:06 am,0,809.35,-0.115
12/12/2019,11:24:06 am,0,809.46,-0.114
12/12/2019,11:54:06 am,0,809.60,-0.114
12/12/2019,12:24:06 pm,0,809.88,-0.112
12/12/2019,12:54:06 pm,0,809.59,-0.112
12/12/2019,01:24:06 pm,0,809.61,-0.110
12/12/2019,01:54:06 pm,0,809.87,-0.110
12/12/2019,02:24:06 pm,0,809.94,-0.112
12/12/2019,02:54:06 pm,0,810.52,-0.110
12/12/2019,03:24:06 pm,0,811.00,-0.115
12/12/2019,03:54:06 pm,0,811.56,-0.119
12/12/2019,04:24:06 pm,0,811.93,-0.128
12/12/2019,04:54:06 pm,0,812.35,-0.134
12/12/2019,05:24:06 pm,0,812.73,-0.138
12/12/2019,05:54:06 pm,0,812.94,-0.143
12/12/2019,06:24:06 pm,0,813.32,-0.142
12/12/2019,06:54:06 pm,0,813.34,-0.148
12/12/2019,07:24:06 pm,0,813.32,-0.152
12/12/2019,07:54:06 pm,0,813.25,-0.153
12/12/2019,08:24:06 pm,0,813.04,-0.155
12/12/2019,08:54:06 pm,0,812.84,-0.157
12/12/2019,09:24:06 pm,0,812.68,-0.159
12/12/2019,09:54:06 pm,0,812.74,-0.159
12/12/2019,10:24:06 pm,0,812.75,-0.157
12/12/2019,10:54:06 pm,0,812.76,-0.158
12/12/2019,11:24:06 pm,0,813.05,-0.163
12/12/2019,11:54:06 pm,0,813.10,-0.167
12/13/2019,12:24:06 am,0,813.09,-0.169
12/13/2019,12:54:06 am,0,812.96,-0.168
12/13/2019,01:24:06 am,0,813.16,-0.167
12/13/2019,01:54:06 am,0,813.87,-0.168
12/13/2019,02:24:06 am,0,813.75,-0.169
12/13/2019,02:54:06 am,0,813.94,-0.168
12/13/2019,03:24:06 am,0,813.82,-0.166
12/13/2019,03:54:06 am,0,813.90,-0.166
12/13/2019,04:24:06 am,0,813.75,-0.164
12/13/2019,04:54:06 am,0,813.82,-0.163
12/13/2019,05:24:06 am,0,813.38,-0.163
12/13/2019,05:54:06 am,0,813.51,-0.161
12/13/2019,06:24:06 am,0,813.48,-0.160
12/13/2019,06:54:06 am,0,813.04,-0.159
12/13/2019,07:24:06 am,0,813.16,-0.158
12/13/2019,07:54:06 am,0,812.72,-0.156
12/13/2019,08:24:06 am,0,812.55,-0.156
12/13/2019,08:54:06 am,0,812.41,-0.155
12/13/2019,09:24:06 am,0,812.13,-0.153
12/13/2019,09:54:06 am,0,812.52,-0.152
12/13/2019,10:24:06 am,0,811.76,-0.150
12/13/2019,10:54:06 am,0,811.76,-0.149
12/13/2019,11:24:06 am,0,811.50,-0.148
12/13/2019,11:54:06 am,0,810.76,-0.147
12/13/2019,12:24:06 pm,0,810.70,-0.146
12/13/2019,12:54:06 pm,0,810.65,-0.145
12/13/2019,01:24:06 pm,0,810.35,-0.144
12/13/2019,01:54:06 pm,0,810.44,-0.143
12/13/2019,02:24:06 pm,0,810.55,-0.142
12/13/2019,02:54:06 pm,0,809.90,-0.140
12/13/2019,03:24:06 pm,0,809.96,-0.139
12/13/2019,03:54:06 pm,0,809.64,-0.137
12/13/2019,04:24:06 pm,0,809.94,-0.136
12/13/2019,04:54:06 pm,0,809.87,-0.135
12/13/2019,05:24:06 pm,0,810.01,-0.134
12/13/2019,05:54:06 pm,0,809.86,-0.132
12/13/2019,06:24:06 pm,0,809.26,-0.130
12/13/2019,06:54:06 pm,0,808.56,-0.130
12/13/2019,07:24:06 pm,0,808.17,-0.130
12/13/2019,07:54:06 pm,0,807.40,-0.130
12/13/2019,08:24:06 pm,0,807.53,-0.130
12/13/2019,08:54:06 pm,0,807.11,-0.130
12/13/2019,09:24:06 pm,0,806.70,-0.131
12/13/2019,09:54:06 pm,0,806.41,-0.132
12/13/2019,10:24:06 pm,0,806.59,-0.131
12/13/2019,10:54:06 pm,0,805.67,-0.131
12/13/2019,11:24:06 pm,0,806.20,-0.131
12/13/2019,11:54:06 pm,0,805.75,-0.131
12/14/2019,12:24:06 am,0,805.39,-0.130
12/14/2019,12:54:06 am,0,805.14,-0.129
12/14/2019,01:24:06 am,0,804.98,-0.128
12/14/2019,01:54:06 am,0,804.92,-0.128
12/14/2019,02:24:06 am,0,804.87,-0.128
12/14/2019,02:54:06 am,0,804.54,-0.130
12/14/2019,03:24:06 am,0,804.40,-0.130
12/14/2019,03:54:06 am,0,804.10,-0.130
12/14/2019,04:24:06 am,0,803.60,-0.130
12/14/2019,04:54:06 am,0,803.51,-0.131
12/14/2019,05:24:06 am,0,803.20,-0.129
12/14/2019,05:54:06 am,0,802.79,-0.126
12/14/2019,06:24:06 am,0,802.65,-0.124
12/14/2019,06:54:06 am,0,803.01,-0.123
12/14/2019,07:24:06 am,0,802.54,-0.125
12/14/2019,07:54:06 am,0,802.53,-0.126
12/14/2019,08:24:06 am,0,802.73,-0.131
12/14/2019,08:54:06 am,0,802.35,-0.138
12/14/2019,09:24:06 am,0,802.32,-0.146
12/14/2019,09:54:06 am,0,802.47,-0.148
12/14/2019,10:24:06 am,0,802.40,-0.151
12/14/2019,10:54:06 am,0,802.66,-0.150
12/14/2019,11:24:06 am,0,802.55,-0.151
12/14/2019,11:54:06 am,0,802.74,-0.152
12/14/2019,12:24:06 pm,0,802.24,-0.157
12/14/2019,12:54:06 pm,0,802.24,-0.158
12/14/2019,01:24:06 pm,0,802.17,-0.162
12/14/2019,01:54:06 pm,0,802.21,-0.163
12/14/2019,02:24:06 pm,0,802.13,-0.164
12/14/2019,02:54:06 pm,0,802.29,-0.166
12/14/2019,03:24:06 pm,0,802.34,-0.166
12/14/2019,03:54:06 pm,0,802.42,-0.167
12/14/2019,04:24:06 pm,0,802.64,-0.168
12/14/2019,04:54:06 pm,0,802.67,-0.170
12/14/2019,05:24:06 pm,0,802.69,-0.172
12/14/2019,05:54:06 pm,0,802.77,-0.171
12/14/2019,06:24:06 pm,0,802.59,-0.172
12/14/2019,06:54:06 pm,0,802.39,-0.174
12/14/2019,07:24:06 pm,0,802.16,-0.173
12/14/2019,07:54:06 pm,0,801.88,-0.171
12/14/2019,08:24:06 pm,0,801.78,-0.170
12/14/2019,08:54:06 pm,0,801.68,-0.168
12/14/2019,09:24:06 pm,0,801.42,-0.168
12/14/2019,09:54:06 pm,0,801.26,-0.167
12/14/2019,10:24:06 pm,0,800.95,-0.166
12/14/2019,10:54:06 pm,0,800.92,-0.165
12/14/2019,11:24:06 pm,0,800.58,-0.163
12/14/2019,11:54:06 pm,0,800.56,-0.163
12/15/2019,12:24:06 am,0,800.17,-0.164
12/15/2019,12:54:06 am,0,800.22,-0.163
12/15/2019,01:24:06 am,0,800.05,-0.165
12/15/2019,01:54:06 am,0,800.00,-0.166
12/15/2019,02:24:06 am,0,799.58,-0.167
12/15/2019,02:54:06 am,0,799.32,-0.167
12/15/2019,03:24:06 am,0,798.96,-0.168
12/15/2019,03:54:06 am,0,798.83,-0.168
12/15/2019,04:24:06 am,0,798.58,-0.168
12/15/2019,04:54:06 am,0,798.36,-0.167
12/15/2019,05:24:06 am,0,798.07,-0.166
12/15/2019,05:54:06 am,0,797.73,-0.163
12/15/2019,06:24:06 am,0,797.73,-0.163
12/15/2019,06:54:06 am,0,797.31,-0.162
12/15/2019,07:24:06 am,0,797.24,-0.161
12/15/2019,07:54:06 am,0,797.19,-0.162
12/15/2019,08:24:06 am,0,797.53,-0.162
12/15/2019,08:54:06 am,0,797.60,-0.162
12/15/2019,09:24:06 am,0,797.54,-0.162
12/15/2019,09:54:06 am,0,797.64,-0.161
12/15/2019,10:24:06 am,0,798.07,-0.161
12/15/2019,10:54:06 am,0,798.09,-0.160
12/15/2019,11:24:06 am,0,798.32,-0.160
12/15/2019,11:54:06 am,0,798.43,-0.158
12/15/2019,12:24:06 pm,0,798.45,-0.160
12/15/2019,12:54:06 pm,0,798.81,-0.159
12/15/2019,01:24:06 pm,0,799.09,-0.159
12/15/2019,01:54:06 pm,0,799.61,-0.157
12/15/2019,02:24:06 pm,0,799.92,-0.158
12/15/2019,02:54:06 pm,0,800.18,-0.157
12/15/2019,03:24:06 pm,0,800.48,-0.157
12/15/2019,03:54:06 pm,0,801.00,-0.159
12/15/2019,04:24:06 pm,0,801.40,-0.162
12/15/2019,04:54:06 pm,0,801.81,-0.166
12/15/2019,05:24:06 pm,0,802.05,-0.167
12/15/2019,05:54:06 pm,0,802.36,-0.165
12/15/2019,06:24:06 pm,0,802.80,-0.166
12/15/2019,06:54:06 pm,0,802.73,-0.168
12/15/2019,07:24:06 pm,0,802.69,-0.168
12/15/2019,07:54:06 pm,0,802.48,-0.166
12/15/2019,08:24:06 pm,0,802.40,-0.164
12/15/2019,08:54:06 pm,0,802.31,-0.162
12/15/2019,09:24:06 pm,0,802.61,-0.159
12/15/2019,09:54:06 pm,0,802.72,-0.158
12/15/2019,10:24:06 pm,0,802.96,-0.157
12/15/2019,10:54:06 pm,0,803.18,-0.155
12/15/2019,11:24:06 pm,0,803.31,-0.155
12/15/2019,11:54:06 pm,0,803.41,-0.155
12/16/2019,12:24:06 am,0,803.59,-0.154
12/16/2019,12:54:06 am,0,803.80,-0.154
12/16/2019,01:24:06 am,0,803.95,-0.155
12/16/2019,01:54:06 am,0,804.05,-0.156
12/16/2019,02:24:06 am,0,804.23,-0.156
12/16/2019,02:54:06 am,0,804.59,-0.158
12/16/2019,03:24:06 am,0,804.67,-0.159
12/16/2019,03:54:06 am,0,804.86,-0.159
12/16/2019,04:24:06 am,0,805.05,-0.159
12/16/2019,04:54:06 am,0,804.97,-0.159
12/16/2019,05:24:06 am,0,805.24,-0.160
12/16/2019,05:54:06 am,0,805.21,-0.160
12/16/2019,06:24:06 am,0,805.25,-0.159
12/16/2019,06:54:06 am,0,805.24,-0.159
12/16/2019,07:24:06 am,0,805.43,-0.158
12/16/2019,07:54:06 am,0,805.31,-0.158
12/16/2019,08:24:06 am,0,805.31,-0.157
12/16/2019,08:54:06 am,0,805.56,-0.157
12/16/2019,09:24:06 am,0,805.78,-0.157
12/16/2019,09:54:06 am,0,806.07,-0.156
12/16/2019,10:24:06 am,0,806.00,-0.155
12/16/2019,10:54:06 am,0,806.15,-0.154
12/16/2019,11:24:06 am,0,806.32,-0.154
12/16/2019,11:54:06 am,0,806.27,-0.155
12/16/2019,12:24:06 pm,0,806.31,-0.154
12/16/2019,12:54:06 pm,0,806.52,-0.154
12/16/2019,01:24:06 pm,0,806.54,-0.153
12/16/2019,01:54:06 pm,0,806.72,-0.154
12/16/2019,02:24:06 pm,0,807.19,-0.153
12/16/2019,02:54:06 pm,0,807.45,-0.152
12/16/2019,03:24:06 pm,0,807.40,-0.152
12/16/2019,03:54:06 pm,0,807.55,-0.152
12/16/2019,04:24:06 pm,0,807.79,-0.152
12/16/2019,04:54:06 pm,0,807.72,-0.151
12/16/2019,05:24:06 pm,0,807.87,-0.149
12/16/2019,05:54:06 pm,0,808.09,-0.148
12/16/2019,06:24:06 pm,0,808.21,-0.145
12/16/2019,06:54:06 pm,0,808.04,-0.145
12/16/2019,07:24:06 pm,0,808.01,-0.143
12/16/2019,07:54:06 pm,0,807.78,-0.141
12/16/2019,08:24:06 pm,0,807.72,-0.141
12/16/2019,08:54:06 pm,0,807.68,-0.140
12/16/2019,09:24:06 pm,0,807.60,-0.140
12/16/2019,09:54:06 pm,0,807.65,-0.140
12/16/2019,10:24:06 pm,0,807.78,-0.139
12/16/2019,10:54:06 pm,0,807.93,-0.138
12/16/2019,11:24:06 pm,0,808.09,-0.139
12/16/2019,11:54:06 pm,0,808.21,-0.138
12/17/2019,12:24:06 am,0,808.31,-0.138
12/17/2019,12:54:06 am,0,808.55,-0.139
12/17/2019,01:24:06 am,0,808.91,-0.138
12/17/2019,01:54:06 am,0,809.03,-0.138
12/17/2019,02:24:06 am,0,808.95,-0.137
12/17/2019,02:54:06 am,0,808.86,-0.138
12/17/2019,03:24:06 am,0,808.71,-0.138
12/17/2019,03:54:06 am,0,808.96,-0.139
12/17/2019,04:24:06 am,0,808.91,-0.141
12/17/2019,04:54:06 am,0,808.97,-0.141
12/17/2019,05:24:06 am,0,809.10,-0.141
12/17/2019,05:54:06 am,0,809.33,-0.139
12/17/2019,06:24:06 am,0,809.44,-0.139
12/17/2019,06:54:06 am,0,809.27,-0.138
12/17/2019,07:24:06 am,0,809.06,-0.137
12/17/2019,07:54:06 am,0,808.94,-0.137
12/17/2019,08:24:06 am,0,808.69,-0.136
12/17/2019,08:54:06 am,0,808.75,-0.136
12/17/2019,09:24:06 am,0,808.82,-0.136
12/17/2019,09:54:06 am,0,808.81,-0.135
12/17/2019,10:24:06 am,0,808.97,-0.134
12/17/2019,10:54:06 am,0,808.78,-0.134
12/17/2019,11:24:06 am,0,808.49,-0.134
12/17/2019,11:54:06 am,0,808.37,-0.133
12/17/2019,12:24:06 pm,0,808.33,-0.132
12/17/2019,12:54:06 pm,0,808.36,-0.133
12/17/2019,01:24:06 pm,0,808.45,-0.133
12/17/2019,01:54:06 pm,0,808.52,-0.133
12/17/2019,02:24:06 pm,0,808.33,-0.133
12/17/2019,02:54:06 pm,0,808.28,-0.132
12/17/2019,03:24:06 pm,0,808.23,-0.133
12/17/2019,03:54:06 pm,0,808.31,-0.132
12/17/2019,04:24:06 pm,0,808.39,-0.131
12/17/2019,04:54:06 pm,0,808.41,-0.131
12/17/2019,05:24:06 pm,0,808.40,-0.131
12/17/2019,05:54:06 pm,0,808.33,-0.130
12/17/2019,06:24:06 pm,0,808.10,-0.128
12/17/2019,06:54:06 pm,0,807.70,-0.127
12/17/2019,07:24:06 pm,0,807.26,-0.125
12/17/2019,07:54:06 pm,0,806.82,-0.123
12/17/2019,08:24:06 pm,0,806.25,-0.121
12/17/2019,08:54:06 pm,0,805.98,-0.119
12/17/2019,09:24:06 pm,0,805.47,-0.116
12/17/2019,09:54:06 pm,0,805.17,-0.115
12/17/2019,10:24:06 pm,0,804.93,-0.114
12/17/2019,10:54:06 pm,0,804.96,-0.112
12/17/2019,11:24:06 pm,0,804.72,-0.110
12/17/2019,11:54:06 pm,0,804.42,-0.109
12/18/2019,12:24:06 am,0,804.13,-0.107
12/18/2019,12:54:06 am,0,803.97,-0.107
12/18/2019,01:24:06 am,0,803.88,-0.108
12/18/2019,01:54:06 am,0,803.80,-0.108
12/18/2019,02:24:06 am,0,803.63,-0.109
12/18/2019,02:54:06 am,0,803.37,-0.108
12/18/2019,03:24:06 am,0,803.19,-0.108
12/18/2019,03:54:06 am,0,803.06,-0.108
12/18/2019,04:24:06 am,0,802.85,-0.107
12/18/2019,04:54:06 am,0,802.63,-0.107
12/18/2019,05:24:06 am,0,802.43,-0.107
12/18/2019,05:54:06 am,0,802.35,-0.106
12/18/2019,06:24:06 am,0,802.18,-0.106
12/18/2019,06:54:06 am,0,801.93,-0.105
12/18/2019,07:24:06 am,0,802.06,-0.104
12/18/2019,07:54:06 am,0,801.49,-0.104
12/18/2019,08:24:06 am,0,801.26,-0.103
12/18/2019,08:54:06 am,0,801.29,-0.103
12/18/2019,09:24:06 am,0,801.12,-0.103
12/18/2019,09:54:06 am,0,801.12,-0.103
12/18/2019,10:24:06 am,0,800.67,-0.106
12/18/2019,10:54:06 am,0,800.52,-0.106
12/18/2019,11:24:06 am,0,800.50,-0.104
12/18/2019,11:54:06 am,0,800.70,-0.104
12/18/2019,12:24:06 pm,0,800.78,-0.103
12/18/2019,12:54:06 pm,0,800.99,-0.102
12/18/2019,01:24:06 pm,0,800.68,-0.102
12/18/2019,01:54:06 pm,0,800.36,-0.102
12/18/2019,02:24:06 pm,0,800.70,-0.100
12/18/2019,02:54:06 pm,0,800.65,-0.100
12/18/2019,03:24:06 pm,0,800.72,-0.101
12/18/2019,03:54:06 pm,0,800.68,-0.102
12/18/2019,04:24:06 pm,0,800.53,-0.103
12/18/2019,04:54:06 pm,0,800.41,-0.103
12/18/2019,05:24:06 pm,0,800.50,-0.103
12/18/2019,05:54:06 pm,0,800.41,-0.101
12/18/2019,06:24:06 pm,0,800.33,-0.099
12/18/2019,06:54:06 pm,0,800.20,-0.099
12/18/2019,07:24:06 pm,0,800.02,-0.099
12/18/2019,07:54:06 pm,0,799.56,-0.099
12/18/2019,08:24:06 pm,0,799.26,-0.099
12/18/2019,08:54:06 pm,0,799.23,-0.098
12/18/2019,09:24:06 pm,0,799.36,-0.097
12/18/2019,09:54:06 pm,0,799.50,-0.096
12/18/2019,10:24:06 pm,0,799.62,-0.094
12/18/2019,10:54:06 pm,0,799.44,-0.092
12/18/2019,11:24:06 pm,0,799.17,-0.092
12/18/2019,11:54:06 pm,0,799.35,-0.091
12/19/2019,12:24:06 am,0,799.69,-0.092
12/19/2019,12:54:06 am,0,799.96,-0.095
12/19/2019,01:24:06 am,0,800.11,-0.094
12/19/2019,01:54:06 am,0,800.29,-0.093
12/19/2019,02:24:06 am,0,800.82,-0.092
12/19/2019,02:54:06 am,0,800.73,-0.092
12/19/2019,03:24:06 am,0,800.91,-0.094
12/19/2019,03:54:06 am,0,801.09,-0.094
12/19/2019,04:24:06 am,0,801.23,-0.095
12/19/2019,04:54:06 am,0,801.74,-0.098
12/19/2019,05:24:06 am,0,801.59,-0.099
12/19/2019,05:54:06 am,0,801.83,-0.099
12/19/2019,06:24:06 am,0,801.91,-0.097
12/19/2019,06:54:06 am,0,801.94,-0.095
12/19/2019,07:24:06 am,0,801.98,-0.093
12/19/2019,07:54:06 am,0,801.87,-0.091
12/19/2019,08:24:06 am,0,801.93,-0.090
12/19/2019,08:54:06 am,0,802.07,-0.090
12/19/2019,09:24:06 am,0,802.52,-0.092
12/19/2019,09:54:06 am,0,802.66,-0.097
12/19/2019,10:24:06 am,0,802.40,-0.099
12/19/2019,10:54:06 am,0,802.47,-0.099
12/19/2019,11:24:06 am,0,802.97,-0.098
12/19/2019,11:54:06 am,0,802.90,-0.099
12/19/2019,12:24:06 pm,0,802.83,-0.098
12/19/2019,12:54:06 pm,0,802.63,-0.096
12/19/2019,01:24:06 pm,0,802.94,-0.097
12/19/2019,01:54:06 pm,0,803.42,-0.099
12/19/2019,02:24:06 pm,0,803.58,-0.102
12/19/2019,02:54:06 pm,0,803.66,-0.103
12/19/2019,03:24:06 pm,0,804.01,-0.102
12/19/2019,03:54:06 pm,0,804.28,-0.102
12/19/2019,04:24:06 pm,0,804.75,-0.100
12/19/2019,04:54:06 pm,0,805.17,-0.101
12/19/2019,05:24:06 pm,0,805.29,-0.098
12/19/2019,05:54:06 pm,0,805.04,-0.097
12/19/2019,06:24:06 pm,0,805.07,-0.093
12/19/2019,06:54:06 pm,0,804.86,-0.093
12/19/2019,07:24:06 pm,0,804.88,-0.091
12/19/2019,07:54:06 pm,0,804.75,-0.091
12/19/2019,08:24:06 pm,0,804.86,-0.088
12/19/2019,08:54:06 pm,0,804.82,-0.089
12/19/2019,09:24:06 pm,0,804.89,-0.088
12/19/2019,09:54:06 pm,0,804.81,-0.086
12/19/2019,10:24:06 pm,0,805.01,-0.084
12/19/2019,10:54:06 pm,0,805.24,-0.084
12/19/2019,11:24:06 pm,0,805.53,-0.083
12/19/2019,11:54:06 pm,0,805.81,-0.083
12/20/2019,12:24:06 am,0,806.14,-0.082
12/20/2019,12:54:06 am,0,806.43,-0.082
12/20/2019,01:24:06 am,0,806.88,-0.083
12/20/2019,01:54:06 am,0,807.20,-0.085
12/20/2019,02:24:06 am,0,807.45,-0.085
12/20/2019,02:54:06 am,0,807.84,-0.089
12/20/2019,03:24:06 am,0,808.00,-0.093
12/20/2019,03:54:06 am,0,808.30,-0.094
12/20/2019,04:24:06 am,0,808.46,-0.093
12/20/2019,04:54:06 am,0,808.84,-0.092
12/20/2019,05:24:06 am,0,808.97,-0.090
12/20/2019,05:54:06 am,0,809.08,-0.089
12/20/2019,06:24:06 am,0,808.98,-0.087
12/20/2019,06:54:06 am,0,809.22,-0.085
12/20/2019,07:24:06 am,0,809.08,-0.084
12/20/2019,07:54:06 am,0,809.00,-0.083
12/20/2019,08:24:06 am,0,809.43,-0.083
12/20/2019,08:54:06 am,0,809.64,-0.083
12/20/2019,09:24:06 am,0,809.43,-0.085
12/20/2019,09:54:06 am,0,809.37,-0.085
12/20/2019,10:24:06 am,0,809.69,-0.086
12/20/2019,10:54:06 am,0,809.77,-0.085
12/20/2019,11:24:06 am,0,809.51,-0.085
12/20/2019,11:54:06 am,0,809.72,-0.085
12/20/2019,12:24:06 pm,0,809.39,-0.084
12/20/2019,12:54:06 pm,0,809.27,-0.084
12/20/2019,01:24:06 pm,0,809.53,-0.084
12/20/2019,01:54:06 pm,0,809.76,-0.085
12/20/2019,02:24:06 pm,0,809.82,-0.086
12/20/2019,02:54:06 pm,0,809.95,-0.086
12/20/2019,03:24:06 pm,0,810.09,-0.089
12/20/2019,03:54:06 pm,0,810.29,-0.088
12/20/2019,04:24:06 pm,0,810.52,-0.088
12/20/2019,04:54:06 pm,0,810.72,-0.087
12/20/2019,05:24:06 pm,0,810.89,-0.086
12/20/2019,05:54:06 pm,0,810.93,-0.087
12/20/2019,06:24:06 pm,0,810.52,-0.089
12/20/2019,06:54:06 pm,0,810.11,-0.089
12/20/2019,07:24:06 pm,0,809.80,-0.088
12/20/2019,07:54:06 pm,0,809.54,-0.087
12/20/2019,08:24:06 pm,0,809.11,-0.085
12/20/2019,08:54:06 pm,0,808.74,-0.083
12/20/2019,09:24:06 pm,0,808.70,-0.081
12/20/2019,09:54:06 pm,0,808.78,-0.078
12/20/2019,10:24:06 pm,0,808.88,-0.076
12/20/2019,10:54:06 pm,0,808.84,-0.073
12/20/2019,11:24:06 pm,0,808.67,-0.072
12/20/2019,11:54:06 pm,0,808.83,-0.070
12/21/2019,12:24:06 am,0,809.07,-0.067
12/21/2019,12:54:06 am,0,809.24,-0.073
12/21/2019,01:24:06 am,0,809.34,-0.076
12/21/2019,01:54:06 am,0,809.15,-0.078
12/21/2019,02:24:06 am,0,809.11,-0.077
12/21/2019,02:54:06 am,0,808.90,-0.077
12/21/2019,03:24:06 am,0,808.78,-0.076
12/21/2019,03:54:06 am,0,808.74,-0.076
12/21/2019,04:24:06 am,0,808.79,-0.076
12/21/2019,04:54:06 am,0,808.69,-0.080
12/21/2019,05:24:06 am,0,808.73,-0.079
12/21/2019,05:54:06 am,0,808.85,-0.080
12/21/2019,06:24:06 am,0,808.64,-0.078
12/21/2019,06:54:06 am,0,808.66,-0.078
12/21/2019,07:24:06 am,0,808.47,-0.076
12/21/2019,07:54:06 am,0,808.17,-0.075
12/21/2019,08:24:06 am,0,807.87,-0.074
12/21/2019,08:54:06 am,0,807.90,-0.073
12/21/2019,09:24:06 am,0,807.80,-0.071
12/21/2019,09:54:06 am,0,807.90,-0.073
12/21/2019,10:24:06 am,0,807.62,-0.072
12/21/2019,10:54:06 am,0,807.42,-0.074
12/21/2019,11:24:06 am,0,807.16,-0.074
12/21/2019,11:54:06 am,0,807.05,-0.075
12/21/2019,12:24:06 pm,0,806.69,-0.074
12/21/2019,12:54:06 pm,0,806.44,-0.073
12/21/2019,01:24:06 pm,0,806.52,-0.073
12/21/2019,01:54:06 pm,0,806.53,-0.072
12/21/2019,02:24:06 pm,0,806.46,-0.073
12/21/2019,02:54:06 pm,0,806.15,-0.077
12/21/2019,03:24:06 pm,0,805.98,-0.078
12/21/2019,03:54:06 pm,0,806.09,-0.078
12/21/2019,04:24:06 pm,0,806.11,-0.075
12/21/2019,04:54:06 pm,0,806.24,-0.072
12/21/2019,05:24:06 pm,0,806.33,-0.070
12/21/2019,05:54:06 pm,0,806.29,-0.066
12/21/2019,06:24:06 pm,0,806.19,-0.063
12/21/2019,06:54:06 pm,0,806.27,-0.063
12/21/2019,07:24:06 pm,0,805.86,-0.062
12/21/2019,07:54:06 pm,0,805.51,-0.062
12/21/2019,08:24:06 pm,0,804.94,-0.068
12/21/2019,08:54:06 pm,0,804.59,-0.067
12/21/2019,09:24:06 pm,0,804.37,-0.065
12/21/2019,09:54:06 pm,0,804.54,-0.061
12/21/2019,10:24:06 pm,0,804.30,-0.059
12/21/2019,10:54:06 pm,0,804.26,-0.059
12/21/2019,11:24:06 pm,0,803.84,-0.060
12/21/2019,11:54:06 pm,0,803.42,-0.059
12/22/2019,12:24:06 am,0,802.92,-0.057
12/22/2019,12:54:06 am,0,802.58,-0.056
12/22/2019,01:24:06 am,0,802.53,-0.055
12/22/2019,01:54:06 am,0,802.35,-0.053
12/22/2019,02:24:06 am,0,802.20,-0.054
12/22/2019,02:54:06 am,0,802.16,-0.053
12/22/2019,03:24:06 am,0,801.77,-0.053
12/22/2019,03:54:06 am,0,801.74,-0.055
12/22/2019,04:24:06 am,0,801.42,-0.061
12/22/2019,04:54:06 am,0,801.30,-0.062
12/22/2019,05:24:06 am,0,800.95,-0.062
12/22/2019,05:54:06 am,0,800.85,-0.062
12/22/2019,06:24:06 am,0,800.90,-0.060
12/22/2019,06:54:06 am,0,800.89,-0.058
12/22/2019,07:24:06 am,0,800.55,-0.058
12/22/2019,07:54:06 am,0,800.22,-0.056
12/22/2019,08:24:06 am,0,800.05,-0.053
12/22/2019,08:54:06 am,0,799.49,-0.053
12/22/2019,09:24:06 am,0,799.00,-0.051
12/22/2019,09:54:06 am,0,798.72,-0.052
12/22/2019,10:24:06 am,0,798.70,-0.052
12/22/2019,10:54:06 am,0,798.72,-0.051
12/22/2019,11:24:06 am,0,798.51,-0.049
12/22/2019,11:54:06 am,0,798.07,-0.050
12/22/2019,12:24:06 pm,0,797.95,-0.052
12/22/2019,12:54:06 pm,0,797.56,-0.057
12/22/2019,01:24:06 pm,0,797.12,-0.060
12/22/2019,01:54:06 pm,0,797.16,-0.059
12/22/2019,02:24:06 pm,0,796.87,-0.059
12/22/2019,02:54:06 pm,0,797.05,-0.058
12/22/2019,03:24:06 pm,0,796.88,-0.057
12/22/2019,03:54:06 pm,0,796.95,-0.056
12/22/2019,04:24:06 pm,0,796.54,-0.056
12/22/2019,04:54:06 pm,0,796.85,-0.055
12/22/2019,05:24:06 pm,0,797.06,-0.054
12/22/2019,05:54:06 pm,0,796.48,-0.054
12/22/2019,06:24:06 pm,0,797.03,-0.052
12/22/2019,06:54:06 pm,0,797.24,-0.051
12/22/2019,07:24:06 pm,0,797.10,-0.049
12/22/2019,07:54:06 pm,0,796.31,-0.047
12/22/2019,08:24:06 pm,0,795.71,-0.047
12/22/2019,08:54:06 pm,0,794.96,-0.047
12/22/2019,09:24:06 pm,0,794.89,-0.051
12/22/2019,09:54:06 pm,0,794.69,-0.049
12/22/2019,10:24:06 pm,0,794.74,-0.048
12/22/2019,10:54:06 pm,0,794.57,-0.047
12/22/2019,11:24:06 pm,0,794.86,-0.047
12/22/2019,11:54:06 pm,0,794.97,-0.053
12/23/2019,12:24:06 am,0,794.96,-0.052
12/23/2019,12:54:06 am,0,794.74,-0.052
12/23/2019,01:24:06 am,0,794.61,-0.051
12/23/2019,01:54:06 am,0,794.87,-0.048
12/23/2019,02:24:06 am,0,795.08,-0.048
12/23/2019,02:54:06 am,0,795.25,-0.048
12/23/2019,03:24:06 am,0,795.36,-0.047
12/23/2019,03:54:06 am,0,795.31,-0.050
12/23/2019,04:24:06 am,0,795.32,-0.054
12/23/2019,04:54:06 am,0,795.39,-0.055
12/23/2019,05:24:06 am,0,795.37,-0.053
12/23/2019,05:54:06 am,0,795.64,-0.054
12/23/2019,06:24:06 am,0,795.53,-0.053
12/23/2019,06:54:06 am,0,795.02,-0.051
12/23/2019,07:24:06 am,0,795.29,-0.050
12/23/2019,07:54:06 am,0,795.40,-0.051
12/23/2019,08:24:06 am,0,795.19,-0.049
12/23/2019,08:54:06 am,0,794.69,-0.050
12/23/2019,09:24:06 am,0,794.77,-0.049
12/23/2019,09:54:06 am,0,794.83,-0.051
12/23/2019,10:24:06 am,0,794.91,-0.050
12/23/2019,10:54:06 am,0,794.71,-0.049
12/23/2019,11:24:06 am,0,794.49,-0.051
12/23/2019,11:54:06 am,0,794.43,-0.050
12/23/2019,12:24:06 pm,0,794.52,-0.056
12/23/2019,12:54:06 pm,0,794.22,-0.058
12/23/2019,01:24:06 pm,0,795.14,-0.056
12/23/2019,01:54:06 pm,0,795.29,-0.072
12/23/2019,02:24:06 pm,0,795.61,-0.090
12/23/2019,02:54:06 pm,0,795.27,-0.101
12/23/2019,03:24:06 pm,0,795.54,-0.111
12/23/2019,03:54:06 pm,0,795.40,-0.116
12/23/2019,04:24:06 pm,0,795.66,-0.120
12/23/2019,04:54:06 pm,0,795.79,-0.121
12/23/2019,05:24:06 pm,0,795.72,-0.121
12/23/2019,05:54:06 pm,0,795.68,-0.127
12/23/2019,06:24:06 pm,0,795.38,-0.123
12/23/2019,06:54:06 pm,0,795.25,-0.122
12/23/2019,07:24:06 pm,0,795.08,-0.117
12/23/2019,07:54:06 pm,0,794.89,-0.115
12/23/2019,08:24:06 pm,0,794.44,-0.112
12/23/2019,08:54:06 pm,0,794.06,-0.110
12/23/2019,09:24:06 pm,0,793.91,-0.106
12/23/2019,09:54:06 pm,0,793.62,-0.105
12/23/2019,10:24:06 pm,0,793.49,-0.102
12/23/2019,10:54:06 pm,0,793.56,-0.101
12/23/2019,11:24:06 pm,0,793.60,-0.098
12/23/2019,11:54:06 pm,0,793.62,-0.097
12/24/2019,12:24:06 am,0,793.60,-0.096
12/24/2019,12:54:06 am,0,793.57,-0.094
12/24/2019,01:24:06 am,0,793.58,-0.093
12/24/2019,01:54:06 am,0,793.75,-0.094
12/24/2019,02:24:06 am,0,793.77,-0.091
12/24/2019,02:54:06 am,0,793.87,-0.089
12/24/2019,03:24:06 am,0,793.82,-0.088
12/24/2019,03:54:06 am,0,793.96,-0.086
12/24/2019,04:24:06 am,0,794.06,-0.085
12/24/2019,04:54:06 am,0,793.92,-0.083
12/24/2019,05:24:06 am,0,793.96,-0.081
12/24/2019,05:54:06 am,0,793.89,-0.079
12/24/2019,06:24:06 am,0,794.00,-0.078
12/24/2019,06:54:06 am,0,793.80,-0.076
12/24/2019,07:24:06 am,0,793.76,-0.076
12/24/2019,07:54:06 am,0,793.74,-0.074
12/24/2019,08:24:06 am,0,793.80,-0.072
12/24/2019,08:54:06 am,0,793.80,-0.071
12/24/2019,09:24:06 am,0,793.87,-0.071
12/24/2019,09:54:06 am,0,793.95,-0.069
12/24/2019,10:24:06 am,0,794.05,-0.069
12/24/2019,10:54:06 am,0,794.03,-0.069
12/24/2019,11:24:06 am,0,794.19,-0.068
12/24/2019,11:54:06 am,0,794.09,-0.068
12/24/2019,12:24:06 pm,0,793.93,-0.065
12/24/2019,12:54:06 pm,0,794.47,-0.065
12/24/2019,01:24:06 pm,0,794.55,-0.080
12/24/2019,01:54:06 pm,0,794.72,-0.090
12/24/2019,02:24:06 pm,0,794.99,-0.101
12/24/2019,02:54:06 pm,0,795.04,-0.104
12/24/2019,03:24:06 pm,0,795.03,-0.105
12/24/2019,03:54:06 pm,0,795.04,-0.103
12/24/2019,04:24:06 pm,0,795.06,-0.101
12/24/2019,04:54:06 pm,0,795.22,-0.101
12/24/2019,05:24:06 pm,0,795.63,-0.111
12/24/2019,05:54:06 pm,0,795.63,-0.119
12/24/2019,06:24:06 pm,0,795.51,-0.120
12/24/2019,06:54:06 pm,0,795.21,-0.119
12/24/2019,07:24:06 pm,0,794.82,-0.117
12/24/2019,07:54:06 pm,0,794.29,-0.113
12/24/2019,08:24:06 pm,0,794.01,-0.108
12/24/2019,08:54:06 pm,0,793.86,-0.108
12/24/2019,09:24:06 pm,0,793.52,-0.102
12/24/2019,09:54:06 pm,0,793.74,-0.098
12/24/2019,10:24:06 pm,0,793.98,-0.095
12/24/2019,10:54:06 pm,0,794.08,-0.094
12/24/2019,11:24:06 pm,0,794.27,-0.101
12/24/2019,11:54:06 pm,0,794.34,-0.111
12/25/2019,12:24:06 am,0,794.56,-0.115
12/25/2019,12:54:06 am,0,794.25,-0.114
12/25/2019,01:24:06 am,0,794.28,-0.111
12/25/2019,01:54:06 am,0,794.19,-0.107
12/25/2019,02:24:06 am,0,793.95,-0.101
12/25/2019,02:54:06 am,0,793.93,-0.097
12/25/2019,03:24:06 am,0,793.95,-0.094
12/25/2019,03:54:06 am,0,793.97,-0.090
12/25/2019,04:24:06 am,0,793.96,-0.087
12/25/2019,04:54:06 am,0,793.96,-0.084
12/25/2019,05:24:06 am,0,793.71,-0.082
12/25/2019,05:54:06 am,0,793.76,-0.080
12/25/2019,06:24:06 am,0,793.68,-0.078
12/25/2019,06:54:06 am,0,793.71,-0.076
12/25/2019,07:24:06 am,0,793.68,-0.075
12/25/2019,07:54:06 am,0,793.50,-0.075
12/25/2019,08:24:06 am,0,793.25,-0.073
12/25/2019,08:54:06 am,0,793.24,-0.073
12/25/2019,09:24:06 am,0,793.30,-0.072
12/25/2019,09:54:06 am,0,793.34,-0.071
12/25/2019,10:24:06 am,0,793.47,-0.071
12/25/2019,10:54:06 am,0,793.44,-0.070
12/25/2019,11:24:06 am,0,793.36,-0.071
12/25/2019,11:54:06 am,0,793.20,-0.070
12/25/2019,12:24:06 pm,0,793.07,-0.068
12/25/2019,12:54:06 pm,0,793.09,-0.068
12/25/2019,01:24:06 pm,0,793.07,-0.067
12/25/2019,01:54:06 pm,0,793.19,-0.065
12/25/2019,02:24:06 pm,0,793.51,-0.065
12/25/2019,02:54:06 pm,0,793.53,-0.064
12/25/2019,03:24:06 pm,0,793.54,-0.065
12/25/2019,03:54:06 pm,0,793.54,-0.064
12/25/2019,04:24:06 pm,0,793.58,-0.064
12/25/2019,04:54:06 pm,0,793.80,-0.062
12/25/2019,05:24:06 pm,0,793.83,-0.061
12/25/2019,05:54:06 pm,0,793.66,-0.062
12/25/2019,06:24:06 pm,0,793.55,-0.062
12/25/2019,06:54:06 pm,0,793.47,-0.060
12/25/2019,07:24:06 pm,0,793.62,-0.058
12/25/2019,07:54:06 pm,0,793.48,-0.055
12/25/2019,08:24:06 pm,0,793.01,-0.052
12/25/2019,08:54:06 pm,0,792.51,-0.049
12/25/2019,09:24:06 pm,0,792.47,-0.048
12/25/2019,09:54:06 pm,0,792.26,-0.045
12/25/2019,10:24:06 pm,0,792.05,-0.042
12/25/2019,10:54:06 pm,0,791.98,-0.041
12/25/2019,11:24:06 pm,0,792.27,-0.040
12/25/2019,11:54:06 pm,0,792.40,-0.040
12/26/2019,12:24:06 am,0,792.19,-0.042
12/26/2019,12:54:06 am,0,792.13,-0.043
12/26/2019,01:24:06 am,0,792.17,-0.043
12/26/2019,01:54:06 am,0,792.06,-0.043
12/26/2019,02:24:06 am,0,791.99,-0.041
12/26/2019,02:54:06 am,0,792.25,-0.043
12/26/2019,03:24:06 am,0,792.27,-0.045
12/26/2019,03:54:06 am,0,792.22,-0.044
12/26/2019,04:24:06 am,0,792.34,-0.044
12/26/2019,04:54:06 am,0,792.16,-0.046
12/26/2019,05:24:06 am,0,792.39,-0.046
12/26/2019,05:54:06 am,0,792.57,-0.045
12/26/2019,06:24:06 am,0,792.53,-0.046
12/26/2019,06:54:06 am,0,792.35,-0.048
12/26/2019,07:24:06 am,0,792.17,-0.046
12/26/2019,07:54:06 am,0,792.10,-0.044
12/26/2019,08:24:06 am,0,792.03,-0.042
12/26/2019,08:54:06 am,0,792.17,-0.042
12/26/2019,09:24:06 am,0,792.48,-0.042
12/26/2019,09:54:06 am,0,792.49,-0.042
12/26/2019,10:24:06 am,0,792.47,-0.041
12/26/2019,10:54:06 am,0,792.62,-0.040
12/26/2019,11:24:06 am,0,792.42,-0.041
12/26/2019,11:54:06 am,0,792.65,-0.042
12/26/2019,12:24:06 pm,0,792.66,-0.045
12/26/2019,12:54:06 pm,0,792.58,-0.045
12/26/2019,01:24:06 pm,0,792.69,-0.046
12/26/2019,01:54:06 pm,0,793.10,-0.045
12/26/2019,02:24:06 pm,0,793.24,-0.043
12/26/2019,02:54:06 pm,0,793.42,-0.044
12/26/2019,03:24:06 pm,0,793.89,-0.042
12/26/2019,03:54:06 pm,0,793.93,-0.045
12/26/2019,04:24:06 pm,0,793.99,-0.047
12/26/2019,04:54:06 pm,0,794.50,-0.046
12/26/2019,05:24:06 pm,0,794.82,-0.047
12/26/2019,05:54:06 pm,0,795.06,-0.048
12/26/2019,06:24:06 pm,0,794.98,-0.046
12/26/2019,06:54:06 pm,0,794.88,-0.045
12/26/2019,07:24:06 pm,0,794.81,-0.042
12/26/2019,07:54:06 pm,0,794.23,-0.040
12/26/2019,08:24:06 pm,0,793.92,-0.036
12/26/2019,08:54:06 pm,0,793.86,-0.034
12/26/2019,09:24:06 pm,0,793.87,-0.029
12/26/2019,09:54:06 pm,0,794.04,-0.027
12/26/2019,10:24:06 pm,0,794.31,-0.023
12/26/2019,10:54:06 pm,0,794.66,-0.023
12/26/2019,11:24:06 pm,0,795.08,-0.024
12/26/2019,11:54:06 pm,0,795.57,-0.028
12/27/2019,12:24:06 am,0,795.82,-0.030
12/27/2019,12:54:06 am,0,795.98,-0.033
12/27/2019,01:24:06 am,0,796.11,-0.033
12/27/2019,01:54:06 am,0,796.38,-0.033
12/27/2019,02:24:06 am,0,796.59,-0.034
12/27/2019,02:54:06 am,0,796.87,-0.034
12/27/2019,03:24:06 am,0,797.04,-0.036
12/27/2019,03:54:06 am,0,797.19,-0.039
12/27/2019,04:24:06 am,0,797.30,-0.044
12/27/2019,04:54:06 am,0,797.29,-0.041
12/27/2019,05:24:06 am,0,797.30,-0.040
12/27/2019,05:54:06 am,0,797.13,-0.038
12/27/2019,06:24:06 am,0,797.07,-0.037
12/27/2019,06:54:06 am,0,797.23,-0.037
12/27/2019,07:24:06 am,0,796.81,-0.036
12/27/2019,07:54:06 am,0,796.72,-0.036
12/27/2019,08:24:06 am,0,796.87,-0.037
12/27/2019,08:54:06 am,0,796.82,-0.040
12/27/2019,09:24:06 am,0,797.05,-0.043
12/27/2019,09:54:06 am,0,797.07,-0.042
12/27/2019,10:24:06 am,0,796.96,-0.045
12/27/2019,10:54:06 am,0,796.96,-0.050
12/27/2019,11:24:06 am,0,797.18,-0.051
12/27/2019,11:54:06 am,0,796.86,-0.053
12/27/2019,12:24:06 pm,0,796.68,-0.055
12/27/2019,12:54:06 pm,0,796.53,-0.056
12/27/2019,01:24:06 pm,0,796.74,-0.056
12/27/2019,01:54:06 pm,0,796.87,-0.058
12/27/2019,02:24:06 pm,0,796.98,-0.058
12/27/2019,02:54:06 pm,0,796.92,-0.060
12/27/2019,03:24:06 pm,0,796.98,-0.060
12/27/2019,03:54:06 pm,0,796.92,-0.061
12/27/2019,04:24:06 pm,0,796.95,-0.061
12/27/2019,04:54:06 pm,0,797.12,-0.063
12/27/2019,05:24:06 pm,0,797.39,-0.063
12/27/2019,05:54:06 pm,0,797.43,-0.062
12/27/2019,06:24:06 pm,0,797.35,-0.061
12/27/2019,06:54:06 pm,0,797.20,-0.062
12/27/2019,07:24:06 pm,0,797.28,-0.064
12/27/2019,07:54:06 pm,0,796.86,-0.066
12/27/2019,08:24:06 pm,0,796.90,-0.067
12/27/2019,08:54:06 pm,0,796.64,-0.065
12/27/2019,09:24:06 pm,0,796.85,-0.060
12/27/2019,09:54:06 pm,0,797.04,-0.056
12/27/2019,10:24:06 pm,0,796.95,-0.055
12/27/2019,10:54:06 pm,0,797.49,-0.049
12/27/2019,11:24:06 pm,0,797.76,-0.047
12/27/2019,11:54:06 pm,0,798.10,-0.042
12/28/2019,12:24:06 am,0,798.36,-0.039
12/28/2019,12:54:06 am,0,798.75,-0.036
12/28/2019,01:24:06 am,0,798.84,-0.033
12/28/2019,01:54:06 am,0,799.16,-0.032
12/28/2019,02:24:06 am,0,799.14,-0.030
12/28/2019,02:54:06 am,0,799.07,-0.030
12/28/2019,03:24:06 am,0,798.98,-0.029
12/28/2019,03:54:06 am,0,799.04,-0.030
12/28/2019,04:24:06 am,0,799.47,-0.031
12/28/2019,04:54:06 am,0,799.60,-0.033
12/28/2019,05:24:06 am,0,799.87,-0.038
12/28/2019,05:54:06 am,0,800.25,-0.040
12/28/2019,06:24:06 am,0,800.64,-0.044
12/28/2019,06:54:06 am,0,800.74,-0.046
12/28/2019,07:24:06 am,0,800.76,-0.046
12/28/2019,07:54:06 am,0,800.78,-0.046
12/28/2019,08:24:06 am,0,800.79,-0.046
12/28/2019,08:54:06 am,0,800.99,-0.045
12/28/2019,09:24:06 am,0,801.19,-0.045
12/28/2019,09:54:06 am,0,801.16,-0.044
12/28/2019,10:24:06 am,0,801.30,-0.044
12/28/2019,10:54:06 am,0,801.51,-0.044
12/28/2019,11:24:06 am,0,801.26,-0.044
12/28/2019,11:54:06 am,0,801.12,-0.046
12/28/2019,12:24:06 pm,0,801.26,-0.047
12/28/2019,12:54:06 pm,0,801.40,-0.049
12/28/2019,01:24:06 pm,0,801.66,-0.049
12/28/2019,01:54:06 pm,0,801.90,-0.048
12/28/2019,02:24:06 pm,0,801.95,-0.049
12/28/2019,02:54:06 pm,0,801.80,-0.051
12/28/2019,03:24:06 pm,0,801.88,-0.051
12/28/2019,03:54:06 pm,0,801.94,-0.050
12/28/2019,04:24:06 pm,0,801.89,-0.049
12/28/2019,04:54:06 pm,0,802.04,-0.048
12/28/2019,05:24:06 pm,0,802.14,-0.047
12/28/2019,05:54:06 pm,0,802.09,-0.047
12/28/2019,06:24:06 pm,0,801.81,-0.045
12/28/2019,06:54:06 pm,0,801.94,-0.044
12/28/2019,07:24:06 pm,0,801.61,-0.041
12/28/2019,07:54:06 pm,0,801.43,-0.039
12/28/2019,08:24:06 pm,0,801.03,-0.039
12/28/2019,08:54:06 pm,0,800.95,-0.037
12/28/2019,09:24:06 pm,0,800.66,-0.036
12/28/2019,09:54:06 pm,0,800.79,-0.035
12/28/2019,10:24:06 pm,0,800.92,-0.030
12/28/2019,10:54:06 pm,0,801.36,-0.029
12/28/2019,11:24:06 pm,0,801.59,-0.029
12/28/2019,11:54:06 pm,0,801.71,-0.029
12/29/2019,12:24:06 am,0,802.02,-0.031
12/29/2019,12:54:06 am,0,802.05,-0.032
12/29/2019,01:24:06 am,0,802.25,-0.031
12/29/2019,01:54:06 am,0,802.28,-0.032
12/29/2019,02:24:06 am,0,802.56,-0.032
12/29/2019,02:54:06 am,0,802.55,-0.032
12/29/2019,03:24:06 am,0,802.95,-0.034
12/29/2019,03:54:06 am,0,803.06,-0.039
12/29/2019,04:24:06 am,0,803.18,-0.046
12/29/2019,04:54:06 am,0,803.10,-0.050
12/29/2019,05:24:06 am,0,803.17,-0.053
12/29/2019,05:54:06 am,0,803.36,-0.055
12/29/2019,06:24:06 am,0,803.61,-0.057
12/29/2019,06:54:06 am,0,803.93,-0.056
12/29/2019,07:24:06 am,0,803.74,-0.055
12/29/2019,07:54:06 am,0,803.44,-0.055
12/29/2019,08:24:06 am,0,803.65,-0.052
12/29/2019,08:54:06 am,0,803.71,-0.053
12/29/2019,09:24:06 am,0,803.65,-0.052
12/29/2019,09:54:06 am,0,803.75,-0.050
12/29/2019,10:24:06 am,0,803.93,-0.051
12/29/2019,10:54:06 am,0,803.87,-0.055
12/29/2019,11:24:06 am,0,803.66,-0.058
12/29/2019,11:54:06 am,0,803.41,-0.058
12/29/2019,12:24:06 pm,0,803.20,-0.056
12/29/2019,12:54:06 pm,0,803.06,-0.054
12/29/2019,01:24:06 pm,0,803.08,-0.052
12/29/2019,01:54:06 pm,0,803.15,-0.052
12/29/2019,02:24:06 pm,0,802.95,-0.053
12/29/2019,02:54:06 pm,0,803.09,-0.051
12/29/2019,03:24:06 pm,0,803.07,-0.048
12/29/2019,03:54:06 pm,0,803.28,-0.046
12/29/2019,04:24:06 pm,0,803.43,-0.045
12/29/2019,04:54:06 pm,0,803.71,-0.044
12/29/2019,05:24:06 pm,0,803.87,-0.040
12/29/2019,05:54:06 pm,0,803.82,-0.038
12/29/2019,06:24:06 pm,0,803.58,-0.034
12/29/2019,06:54:06 pm,0,803.27,-0.034
12/29/2019,07:24:06 pm,0,802.61,-0.032
12/29/2019,07:54:06 pm,0,801.96,-0.030
12/29/2019,08:24:06 pm,0,801.40,-0.028
12/29/2019,08:54:06 pm,0,800.99,-0.032
12/29/2019,09:24:06 pm,0,800.82,-0.034
12/29/2019,09:54:06 pm,0,800.67,-0.032
12/29/2019,10:24:06 pm,0,800.46,-0.029
12/29/2019,10:54:06 pm,0,800.40,-0.027
12/29/2019,11:24:06 pm,0,800.36,-0.031
12/29/2019,11:54:06 pm,0,800.02,-0.033
12/30/2019,12:24:06 am,0,799.78,-0.029
12/30/2019,12:54:06 am,0,799.66,-0.027
12/30/2019,01:24:06 am,0,799.45,-0.024
12/30/2019,01:54:06 am,0,799.41,-0.022
12/30/2019,02:24:06 am,0,799.30,-0.023
12/30/2019,02:54:06 am,0,799.22,-0.026
12/30/2019,03:24:06 am,0,799.10,-0.028
12/30/2019,03:54:06 am,0,798.96,-0.029
12/30/2019,04:24:06 am,0,798.83,-0.028
12/30/2019,04:54:06 am,0,799.00,-0.027
12/30/2019,05:24:06 am,0,799.10,-0.027
12/30/2019,05:54:06 am,0,799.06,-0.025
12/30/2019,06:24:06 am,0,799.04,-0.023
12/30/2019,06:54:06 am,0,799.15,-0.020
12/30/2019,07:24:06 am,0,799.08,-0.019
12/30/2019,07:54:06 am,0,799.09,-0.018
12/30/2019,08:24:06 am,0,799.20,-0.020
12/30/2019,08:54:06 am,0,799.16,-0.021
12/30/2019,09:24:06 am,0,799.01,-0.026
12/30/2019,09:54:06 am,0,799.17,-0.026
12/30/2019,10:24:06 am,0,799.40,-0.025
12/30/2019,10:54:06 am,0,799.50,-0.025
12/30/2019,11:24:06 am,0,799.64,-0.024
12/30/2019,11:54:06 am,0,799.54,-0.025
12/30/2019,12:24:06 pm,0,799.84,-0.032
12/30/2019,12:54:06 pm,0,799.96,-0.045
12/30/2019,01:24:06 pm,0,800.23,-0.048
12/30/2019,01:54:06 pm,0,800.57,-0.058
12/30/2019,02:24:06 pm,0,800.91,-0.065
12/30/2019,02:54:06 pm,0,801.32,-0.067
12/30/2019,03:24:06 pm,0,801.46,-0.068
12/30/2019,03:54:06 pm,0,801.73,-0.065
12/30/2019,04:24:06 pm,0,802.23,-0.062
12/30/2019,04:54:06 pm,0,802.35,-0.058
12/30/2019,05:24:06 pm,0,802.45,-0.054
12/30/2019,05:54:06 pm,0,802.82,-0.049
12/30/2019,06:24:06 pm,0,802.80,-0.043
12/30/2019,06:54:06 pm,0,802.74,-0.042
12/30/2019,07:24:06 pm,0,802.37,-0.040
12/30/2019,07:54:06 pm,0,802.31,-0.037
12/30/2019,08:24:06 pm,0,802.09,-0.034
12/30/2019,08:54:06 pm,0,802.00,-0.031
12/30/2019,09:24:06 pm,0,801.91,-0.027
12/30/2019,09:54:06 pm,0,802.06,-0.024
12/30/2019,10:24:06 pm,0,801.74,-0.021
12/30/2019,10:54:06 pm,0,802.47,-0.018
12/30/2019,11:24:06 pm,0,802.20,-0.018
12/30/2019,11:54:06 pm,0,802.69,-0.019
12/31/2019,12:24:06 am,0,802.76,-0.019
12/31/2019,12:54:06 am,0,802.64,-0.029
12/31/2019,01:24:06 am,0,802.75,-0.036
12/31/2019,01:54:06 am,0,802.70,-0.036
12/31/2019,02:24:06 am,0,802.72,-0.036
12/31/2019,02:54:06 am,0,802.85,-0.033
12/31/2019,03:24:06 am,0,802.78,-0.030
12/31/2019,03:54:06 am,0,803.12,-0.029
12/31/2019,04:24:06 am,0,803.34,-0.024
12/31/2019,04:54:06 am,0,803.74,-0.024
12/31/2019,05:24:06 am,0,803.96,-0.022
12/31/2019,05:54:06 am,0,804.15,-0.022
12/31/2019,06:24:06 am,0,804.27,-0.026
12/31/2019,06:54:06 am,0,804.29,-0.025
12/31/2019,07:24:06 am,0,804.34,-0.031
12/31/2019,07:54:06 am,0,804.05,-0.034
12/31/2019,08:24:06 am,0,803.81,-0.032
12/31/2019,08:54:06 am,0,803.76,-0.031
12/31/2019,09:24:06 am,0,803.59,-0.032
12/31/2019,09:54:06 am,0,804.04,-0.031
12/31/2019,10:24:06 am,0,803.87,-0.028
12/31/2019,10:54:06 am,0,803.86,-0.028
12/31/2019,11:24:06 am,0,803.61,-0.030
12/31/2019,11:54:06 am,0,803.67,-0.031
12/31/2019,12:24:06 pm,0,803.88,-0.034
12/31/2019,12:54:06 pm,0,803.86,-0.039
12/31/2019,01:24:06 pm,0,804.08,-0.044
12/31/2019,01:54:06 pm,0,804.21,-0.057
12/31/2019,02:24:06 pm,0,804.39,-0.062
12/31/2019,02:54:06 pm,0,804.30,-0.065
12/31/2019,03:24:06 pm,0,804.40,-0.064
12/31/2019,03:54:06 pm,0,804.49,-0.062
12/31/2019,04:24:06 pm,0,804.73,-0.060
12/31/2019,04:54:06 pm,0,805.28,-0.054
12/31/2019,05:24:06 pm,0,805.76,-0.049
12/31/2019,05:54:06 pm,0,806.02,-0.045
12/31/2019,06:24:06 pm,0,805.84,-0.040
12/31/2019,06:54:06 pm,0,805.38,-0.035
12/31/2019,07:24:06 pm,0,804.89,-0.029
12/31/2019,07:54:06 pm,0,804.62,-0.025
12/31/2019,08:24:06 pm,0,804.31,-0.019
12/31/2019,08:54:06 pm,0,804.17,-0.015
12/31/2019,09:24:06 pm,0,803.86,-0.014
12/31/2019,09:54:06 pm,0,803.76,-0.010
12/31/2019,10:24:06 pm,0,804.47,-0.008
12/31/2019,10:54:06 pm,0,804.44,-0.003
12/31/2019,11:24:06 pm,0,804.65,0.001
12/31/2019,11:54:06 pm,0,804.74,0.004
1/1/2020,12:24:06 am,0,804.64,0.008
1/1/2020,12:54:06 am,0,805.03,0.009
1/1/2020,01:24:06 am,0,805.39,0.005
1/1/2020,01:54:06 am,0,805.79,-0.003
1/1/2020,02:24:06 am,0,805.90,-0.006
1/1/2020,02:54:06 am,0,805.89,-0.007
1/1/2020,03:24:06 am,0,805.76,-0.006
1/1/2020,03:54:06 am,0,805.78,-0.006
1/1/2020,04:24:06 am,0,805.48,-0.005
1/1/2020,04:54:06 am,0,806.20,-0.003
1/1/2020,05:24:06 am,0,806.33,-0.000
1/1/2020,05:54:06 am,0,805.95,-0.001
1/1/2020,06:24:06 am,0,805.79,0.000
1/1/2020,06:54:06 am,0,805.83,0.002
1/1/2020,07:24:06 am,0,805.43,0.003
1/1/2020,07:54:06 am,0,805.59,0.002
1/1/2020,08:24:06 am,0,805.99,0.004
1/1/2020,08:54:06 am,0,805.54,0.003
1/1/2020,09:24:06 am,0,805.50,0.002
1/1/2020,09:54:06 am,0,805.75,0.002
1/1/2020,10:24:06 am,0,805.62,0.000
1/1/2020,10:54:06 am,0,805.36,0.002
1/1/2020,11:24:06 am,0,805.37,0.002
1/1/2020,11:54:06 am,0,805.15,0.001
1/1/2020,12:24:06 pm,0,805.29,0.002
1/1/2020,12:54:06 pm,0,804.86,-0.000
1/1/2020,01:24:06 pm,0,804.98,-0.003
1/1/2020,01:54:06 pm,0,804.96,-0.009
1/1/2020,02:24:06 pm,0,804.89,-0.014
1/1/2020,02:54:06 pm,0,804.94,-0.016
1/1/2020,03:24:06 pm,0,805.23,-0.020
1/1/2020,03:54:06 pm,0,805.06,-0.019
1/1/2020,04:24:06 pm,0,805.33,-0.018
1/1/2020,04:54:06 pm,0,804.74,-0.014
1/1/2020,05:24:06 pm,0,804.52,-0.011
1/1/2020,05:54:06 pm,0,804.74,-0.006
1/1/2020,06:24:06 pm,0,804.46,-0.002
1/1/2020,06:54:06 pm,0,804.56,0.003
1/1/2020,07:24:06 pm,0,804.57,0.008
1/1/2020,07:54:06 pm,0,803.77,0.012
1/1/2020,08:24:06 pm,0,803.17,0.014
1/1/2020,08:54:06 pm,0,803.27,0.017
1/1/2020,09:24:06 pm,0,802.68,0.019
1/1/2020,09:54:06 pm,0,802.03,0.024
1/1/2020,10:24:06 pm,0,802.52,0.028
1/1/2020,10:54:06 pm,0,802.44,0.031
1/1/2020,11:24:06 pm,0,802.40,0.034
1/1/2020,11:54:06 pm,0,802.28,0.034
1/2/2020,12:24:06 am,0,802.32,0.034
1/2/2020,12:54:06 am,0,802.23,0.036
1/2/2020,01:24:06 am,0,802.15,0.037
1/2/2020,01:54:06 am,0,802.13,0.032
1/2/2020,02:24:06 am,0,802.33,0.020
1/2/2020,02:54:06 am,0,801.87,0.014
1/2/2020,03:24:06 am,0,801.69,0.009
1/2/2020,03:54:06 am,0,802.06,0.007
1/2/2020,04:24:06 am,0,801.99,0.005
1/2/2020,04:54:06 am,0,802.03,0.006
1/2/2020,05:24:06 am,0,801.74,0.006
1/2/2020,05:54:06 am,0,801.61,0.004
1/2/2020,06:24:06 am,0,801.84,-0.000
1/2/2020,06:54:06 am,0,801.88,-0.007
1/2/2020,07:24:06 am,0,801.63,-0.007
1/2/2020,07:54:06 am,0,801.57,-0.010
1/2/2020,08:24:06 am,0,801.46,-0.010
1/2/2020,08:54:06 am,0,801.44,-0.012
1/2/2020,09:24:06 am,0,801.46,-0.014
1/2/2020,09:54:06 am,0,801.47,-0.014
1/2/2020,10:24:06 am,0,801.79,-0.016
1/2/2020,10:54:06 am,0,801.65,-0.018
1/2/2020,11:24:06 am,0,801.70,-0.018
1/2/2020,11:54:06 am,0,801.67,-0.019
1/2/2020,12:24:06 pm,0,801.83,-0.021
1/2/2020,12:54:06 pm,0,802.31,-0.026
1/2/2020,01:24:06 pm,0,802.66,-0.032
1/2/2020,01:54:06 pm,0,803.05,-0.033
1/2/2020,02:24:06 pm,0,802.55,-0.033
1/2/2020,02:54:06 pm,0,802.53,-0.029
1/2/2020,03:24:06 pm,0,802.81,-0.026
1/2/2020,03:54:06 pm,0,803.15,-0.021
1/2/2020,04:24:06 pm,0,803.31,-0.018
1/2/2020,04:54:06 pm,0,803.79,-0.013
1/2/2020,05:24:06 pm,0,803.90,-0.012
1/2/2020,05:54:06 pm,0,804.45,-0.019
1/2/2020,06:24:06 pm,0,804.06,-0.030
1/2/2020,06:54:06 pm,0,804.09,-0.032
1/2/2020,07:24:06 pm,0,803.85,-0.032
1/2/2020,07:54:06 pm,0,803.72,-0.028
1/2/2020,08:24:06 pm,0,803.39,-0.020
1/2/2020,08:54:06 pm,0,803.27,-0.009
1/2/2020,09:24:06 pm,0,803.30,-0.001
1/2/2020,09:54:06 pm,0,803.36,0.008
1/2/2020,10:24:06 pm,0,803.17,0.012
1/2/2020,10:54:06 pm,0,803.84,0.016
1/2/2020,11:24:06 pm,0,804.12,0.018
1/2/2020,11:54:06 pm,0,804.37,0.021
1/3/2020,12:24:06 am,0,804.42,0.024
1/3/2020,12:54:06 am,0,804.80,0.026
1/3/2020,01:24:06 am,0,805.25,0.028
1/3/2020,01:54:06 am,0,805.48,0.026
1/3/2020,02:24:06 am,0,805.66,0.025
1/3/2020,02:54:06 am,0,805.78,0.025
1/3/2020,03:24:06 am,0,806.14,0.020
1/3/2020,03:54:06 am,0,806.31,0.019
1/3/2020,04:24:06 am,0,806.30,0.016
1/3/2020,04:54:06 am,0,806.60,0.013
1/3/2020,05:24:06 am,0,806.87,0.014
1/3/2020,05:54:06 am,0,806.97,0.013
1/3/2020,06:24:06 am,0,807.16,0.013
1/3/2020,06:54:06 am,0,807.23,0.003
1/3/2020,07:24:06 am,0,807.26,-0.022
1/3/2020,07:54:06 am,0,807.21,-0.032
1/3/2020,08:24:06 am,0,807.36,-0.037
1/3/2020,08:54:06 am,0,807.44,-0.043
1/3/2020,09:24:06 am,0,807.72,-0.043
1/3/2020,09:54:06 am,0,807.95,-0.041
1/3/2020,10:24:06 am,0,808.14,-0.037
1/3/2020,10:54:06 am,0,808.20,-0.033
1/3/2020,11:24:06 am,0,808.19,-0.029
1/3/2020,11:54:06 am,0,808.27,-0.028
1/3/2020,12:24:06 pm,0,808.46,-0.029
1/3/2020,12:54:06 pm,0,808.72,-0.030
1/3/2020,01:24:06 pm,0,808.90,-0.032
1/3/2020,01:54:06 pm,0,809.00,-0.035
1/3/2020,02:24:06 pm,0,809.11,-0.032
1/3/2020,02:54:06 pm,0,809.29,-0.029
1/3/2020,03:24:06 pm,0,809.55,-0.027
1/3/2020,03:54:06 pm,0,809.99,-0.024
1/3/2020,04:24:06 pm,0,810.05,-0.020
1/3/2020,04:54:06 pm,0,810.44,-0.016
1/3/2020,05:24:06 pm,0,810.72,-0.014
1/3/2020,05:54:06 pm,0,810.78,-0.012
1/3/2020,06:24:06 pm,0,810.73,-0.008
1/3/2020,06:54:06 pm,0,810.57,-0.005
1/3/2020,07:24:06 pm,0,810.26,0.001
1/3/2020,07:54:06 pm,0,809.89,0.010
1/3/2020,08:24:06 pm,0,809.79,0.017
1/3/2020,08:54:06 pm,0,809.82,0.025
1/3/2020,09:24:06 pm,0,809.87,0.028
1/3/2020,09:54:06 pm,0,809.92,0.035
1/3/2020,10:24:06 pm,0,810.20,0.037
1/3/2020,10:54:06 pm,0,810.25,0.033
1/3/2020,11:24:06 pm,0,810.54,0.025
1/3/2020,11:54:06 pm,0,810.73,0.012
1/4/2020,12:24:06 am,0,810.90,-0.000
1/4/2020,12:54:06 am,0,810.96,-0.012
1/4/2020,01:24:06 am,0,810.83,-0.018
1/4/2020,01:54:06 am,0,810.87,-0.023
1/4/2020,02:24:06 am,0,811.02,-0.023
1/4/2020,02:54:06 am,0,811.03,-0.023
1/4/2020,03:24:06 am,0,810.93,-0.020
1/4/2020,03:54:06 am,0,811.13,-0.017
1/4/2020,04:24:06 am,0,811.11,-0.014
1/4/2020,04:54:06 am,0,811.03,-0.012
1/4/2020,05:24:06 am,0,811.04,-0.010
1/4/2020,05:54:06 am,0,811.09,-0.009
1/4/2020,06:24:06 am,0,811.03,-0.009
1/4/2020,06:54:06 am,0,810.73,-0.007
1/4/2020,07:24:06 am,0,810.50,-0.005
1/4/2020,07:54:06 am,0,810.31,-0.007
1/4/2020,08:24:06 am,0,810.65,-0.006
1/4/2020,08:54:06 am,0,810.66,-0.010
1/4/2020,09:24:06 am,0,810.28,-0.010
1/4/2020,09:54:06 am,0,809.87,-0.011
1/4/2020,10:24:06 am,0,809.33,-0.010
1/4/2020,10:54:06 am,0,809.35,-0.011
1/4/2020,11:24:06 am,0,809.00,-0.012
1/4/2020,11:54:06 am,0,808.79,-0.013
1/4/2020,12:24:06 pm,0,808.78,-0.014
1/4/2020,12:54:06 pm,0,808.58,-0.015
1/4/2020,01:24:06 pm,0,808.84,-0.014
1/4/2020,01:54:06 pm,0,808.82,-0.013
1/4/2020,02:24:06 pm,0,809.17,-0.010
1/4/2020,02:54:06 pm,0,809.09,-0.007
1/4/2020,03:24:06 pm,0,809.51,-0.008
1/4/2020,03:54:06 pm,0,809.96,-0.007
1/4/2020,04:24:06 pm,0,810.23,-0.007
1/4/2020,04:54:06 pm,0,810.93,-0.006
1/4/2020,05:24:06 pm,0,811.13,-0.006
1/4/2020,05:54:06 pm,0,811.63,-0.008
1/4/2020,06:24:06 pm,0,811.75,-0.003
1/4/2020,06:54:06 pm,0,811.85,0.001
1/4/2020,07:24:06 pm,0,811.49,0.006
1/4/2020,07:54:06 pm,0,811.00,0.010
1/4/2020,08:24:06 pm,0,810.58,0.015
1/4/2020,08:54:06 pm,0,810.22,0.020
1/4/2020,09:24:06 pm,0,810.28,0.025
1/4/2020,09:54:06 pm,0,810.16,0.029
1/4/2020,10:24:06 pm,0,810.02,0.031
1/4/2020,10:54:06 pm,0,809.84,0.032
1/4/2020,11:24:06 pm,0,809.92,0.034
1/4/2020,11:54:06 pm,0,810.10,0.037
1/5/2020,12:24:06 am,0,810.12,0.037
1/5/2020,12:54:06 am,0,810.62,0.029
1/5/2020,01:24:06 am,0,810.76,0.011
1/5/2020,01:54:06 am,0,810.82,-0.001
1/5/2020,02:24:06 am,0,810.83,-0.011
1/5/2020,02:54:06 am,0,810.89,-0.017
1/5/2020,03:24:06 am,0,811.13,-0.022
1/5/2020,03:54:06 am,0,811.43,-0.023
1/5/2020,04:24:06 am,0,811.58,-0.025
1/5/2020,04:54:06 am,0,811.69,-0.034
1/5/2020,05:24:06 am,0,811.54,-0.047
1/5/2020,05:54:06 am,0,811.34,-0.051
1/5/2020,06:24:06 am,0,811.09,-0.051
1/5/2020,06:54:06 am,0,810.96,-0.052
1/5/2020,07:24:06 am,0,810.66,-0.052
1/5/2020,07:54:06 am,0,810.34,-0.050
1/5/2020,08:24:06 am,0,809.86,-0.048
1/5/2020,08:54:06 am,0,809.73,-0.047
1/5/2020,09:24:06 am,0,809.81,-0.046
1/5/2020,09:54:06 am,0,809.35,-0.044
1/5/2020,10:24:06 am,0,809.55,-0.044
1/5/2020,10:54:06 am,0,809.06,-0.044
1/5/2020,11:24:06 am,0,808.98,-0.045
1/5/2020,11:54:06 am,0,808.69,-0.045
1/5/2020,12:24:06 pm,0,809.16,-0.044
1/5/2020,12:54:06 pm,0,809.51,-0.045
1/5/2020,01:24:06 pm,0,809.45,-0.045
1/5/2020,01:54:06 pm,0,809.68,-0.045
1/5/2020,02:24:06 pm,0,809.87,-0.046
1/5/2020,02:54:06 pm,0,810.32,-0.044
1/5/2020,03:24:06 pm,0,810.55,-0.042
1/5/2020,03:54:06 pm,0,811.01,-0.038
1/5/2020,04:24:06 pm,0,811.19,-0.038
1/5/2020,04:54:06 pm,0,810.76,-0.038
1/5/2020,05:24:06 pm,0,811.21,-0.039
1/5/2020,05:54:06 pm,0,811.13,-0.038
1/5/2020,06:24:06 pm,0,811.05,-0.034
1/5/2020,06:54:06 pm,0,811.04,-0.032
1/5/2020,07:24:06 pm,0,810.83,-0.029
1/5/2020,07:54:06 pm,0,810.53,-0.025
1/5/2020,08:24:06 pm,0,810.48,-0.025
1/5/2020,08:54:06 pm,0,810.34,-0.024
1/5/2020,09:24:06 pm,0,810.42,-0.022
1/5/2020,09:54:06 pm,0,810.63,-0.020
1/5/2020,10:24:06 pm,0,810.51,-0.013
1/5/2020,10:54:06 pm,0,810.71,-0.008
1/5/2020,11:24:06 pm,0,810.52,-0.002
1/5/2020,11:54:06 pm,0,810.88,0.001
1/6/2020,12:24:06 am,0,811.29,0.003
1/6/2020,12:54:06 am,0,811.08,0.003
1/6/2020,01:24:06 am,0,811.18,-0.000
1/6/2020,01:54:06 am,0,811.61,-0.005
1/6/2020,02:24:06 am,0,811.98,-0.021
1/6/2020,02:54:06 am,0,812.03,-0.037
1/6/2020,03:24:06 am,0,812.12,-0.051
1/6/2020,03:54:06 am,0,812.49,-0.059
1/6/2020,04:24:06 am,0,812.59,-0.067
1/6/2020,04:54:06 am,0,812.77,-0.071
1/6/2020,05:24:06 am,0,812.84,-0.074
1/6/2020,05:54:06 am,0,813.08,-0.077
1/6/2020,06:24:06 am,0,813.00,-0.076
1/6/2020,06:54:06 am,0,813.02,-0.075
1/6/2020,07:24:06 am,0,812.88,-0.072
1/6/2020,07:54:06 am,0,812.89,-0.072
1/6/2020,08:24:06 am,0,812.62,-0.070
1/6/2020,08:54:06 am,0,812.47,-0.067
1/6/2020,09:24:06 am,0,812.46,-0.065
1/6/2020,09:54:06 am,0,812.70,-0.063
1/6/2020,10:24:06 am,0,812.86,-0.062
1/6/2020,10:54:06 am,0,812.82,-0.061
1/6/2020,11:24:06 am,0,812.74,-0.060
1/6/2020,11:54:06 am,0,812.67,-0.060
1/6/2020,12:24:06 pm,0,812.60,-0.059
1/6/2020,12:54:06 pm,0,812.52,-0.060
1/6/2020,01:24:06 pm,0,812.45,-0.059
1/6/2020,01:54:06 pm,0,812.58,-0.059
1/6/2020,02:24:06 pm,0,812.55,-0.058
1/6/2020,02:54:06 pm,0,812.66,-0.057
1/6/2020,03:24:06 pm,0,812.79,-0.057
1/6/2020,03:54:06 pm,0,813.02,-0.056
1/6/2020,04:24:06 pm,0,813.31,-0.056
1/6/2020,04:54:06 pm,0,813.40,-0.055
1/6/2020,05:24:06 pm,0,813.31,-0.054
1/6/2020,05:54:06 pm,0,813.42,-0.052
1/6/2020,06:24:06 pm,0,813.25,-0.049
1/6/2020,06:54:06 pm,0,812.78,-0.047
1/6/2020,07:24:06 pm,0,812.30,-0.043
1/6/2020,07:54:06 pm,0,812.04,-0.039
1/6/2020,08:24:06 pm,0,811.75,-0.034
1/6/2020,08:54:06 pm,0,811.66,-0.029
1/6/2020,09:24:06 pm,0,811.42,-0.026
1/6/2020,09:54:06 pm,0,811.51,-0.022
1/6/2020,10:24:06 pm,0,811.49,-0.017
1/6/2020,10:54:06 pm,0,811.49,-0.011
1/6/2020,11:24:06 pm,0,811.68,-0.009
1/6/2020,11:54:06 pm,0,811.90,-0.010
1/7/2020,12:24:06 am,0,811.80,-0.009
1/7/2020,12:54:06 am,0,811.85,-0.007
1/7/2020,01:24:06 am,0,812.07,-0.006
1/7/2020,01:54:06 am,0,812.28,-0.009
1/7/2020,02:24:06 am,0,812.27,-0.022
1/7/2020,02:54:06 am,0,812.23,-0.031
1/7/2020,03:24:06 am,0,812.41,-0.036
1/7/2020,03:54:06 am,0,812.26,-0.040
1/7/2020,04:24:06 am,0,812.31,-0.043
1/7/2020,04:54:06 am,0,812.28,-0.045
1/7/2020,05:24:06 am,0,812.20,-0.044
1/7/2020,05:54:06 am,0,812.08,-0.043
1/7/2020,06:24:06 am,0,811.89,-0.041
1/7/2020,06:54:06 am,0,811.73,-0.040
1/7/2020,07:24:06 am,0,811.68,-0.042
1/7/2020,07:54:06 am,0,811.49,-0.045
1/7/2020,08:24:06 am,0,811.16,-0.046
1/7/2020,08:54:06 am,0,810.97,-0.045
1/7/2020,09:24:06 am,0,810.92,-0.046
1/7/2020,09:54:06 am,0,810.78,-0.048
1/7/2020,10:24:06 am,0,810.63,-0.047
1/7/2020,10:54:06 am,0,810.36,-0.045
1/7/2020,11:24:06 am,0,810.13,-0.045
1/7/2020,11:54:06 am,0,809.98,-0.044
1/7/2020,12:24:06 pm,0,809.72,-0.043
1/7/2020,12:54:06 pm,0,809.68,-0.042
1/7/2020,01:24:06 pm,0,809.51,-0.040
1/7/2020,01:54:06 pm,0,809.33,-0.038
1/7/2020,02:24:06 pm,0,809.26,-0.043
1/7/2020,02:54:06 pm,0,809.25,-0.046
1/7/2020,03:24:06 pm,0,809.05,-0.049
1/7/2020,03:54:06 pm,0,808.98,-0.050
1/7/2020,04:24:06 pm,0,808.75,-0.048
1/7/2020,04:54:06 pm,0,808.57,-0.045
1/7/2020,05:24:06 pm,0,808.46,-0.045
1/7/2020,05:54:06 pm,0,808.25,-0.045
1/7/2020,06:24:06 pm,0,807.91,-0.042
1/7/2020,06:54:06 pm,0,807.28,-0.040
1/7/2020,07:24:06 pm,0,806.83,-0.036
1/7/2020,07:54:06 pm,0,806.22,-0.032
1/7/2020,08:24:06 pm,0,805.71,-0.026
1/7/2020,08:54:06 pm,0,805.18,-0.020
1/7/2020,09:24:06 pm,0,804.69,-0.017
1/7/2020,09:54:06 pm,0,804.41,-0.013
1/7/2020,10:24:06 pm,0,804.38,-0.008
1/7/2020,10:54:06 pm,0,804.20,-0.001
1/7/2020,11:24:06 pm,0,804.10,0.003
1/7/2020,11:54:06 pm,0,803.72,0.003
1/8/2020,12:24:06 am,0,803.46,-0.008
1/8/2020,12:54:06 am,0,803.45,-0.020
1/8/2020,01:24:06 am,0,803.61,-0.043
1/8/2020,01:54:06 am,0,803.27,-0.059
1/8/2020,02:24:06 am,0,803.00,-0.064
1/8/2020,02:54:06 am,0,802.87,-0.068
1/8/2020,03:24:06 am,0,802.74,-0.070
1/8/2020,03:54:06 am,0,802.31,-0.073
1/8/2020,04:24:06 am,0,801.87,-0.073
1/8/2020,04:54:06 am,0,801.66,-0.074
1/8/2020,05:24:06 am,0,801.39,-0.074
1/8/2020,05:54:06 am,0,800.73,-0.071
1/8/2020,06:24:06 am,0,800.19,-0.068
1/8/2020,06:54:06 am,0,800.24,-0.063
1/8/2020,07:24:06 am,0,800.18,-0.061
1/8/2020,07:54:06 am,0,799.74,-0.063
1/8/2020,08:24:06 am,0,799.54,-0.060
1/8/2020,08:54:06 am,0,799.52,-0.058
1/8/2020,09:24:06 am,0,799.81,-0.057
1/8/2020,09:54:06 am,0,800.00,-0.055
1/8/2020,10:24:06 am,0,800.07,-0.057
1/8/2020,10:54:06 am,0,800.14,-0.056
1/8/2020,11:24:06 am,0,800.09,-0.053
1/8/2020,11:54:06 am,0,799.41,-0.051
1/8/2020,12:24:06 pm,0,799.63,-0.049
1/8/2020,12:54:06 pm,0,799.49,-0.047
1/8/2020,01:24:06 pm,0,799.40,-0.047
1/8/2020,01:54:06 pm,0,799.54,-0.047
1/8/2020,02:24:06 pm,0,799.79,-0.051
1/8/2020,02:54:06 pm,0,799.94,-0.052
1/8/2020,03:24:06 pm,0,800.06,-0.050
1/8/2020,03:54:06 pm,0,800.43,-0.052
1/8/2020,04:24:06 pm,0,800.57,-0.053
1/8/2020,04:54:06 pm,0,800.34,-0.053
1/8/2020,05:24:06 pm,0,799.84,-0.052
1/8/2020,05:54:06 pm,0,799.89,-0.053
1/8/2020,06:24:06 pm,0,799.83,-0.052
1/8/2020,06:54:06 pm,0,799.56,-0.051
1/8/2020,07:24:06 pm,0,799.08,-0.048
1/8/2020,07:54:06 pm,0,798.70,-0.045
1/8/2020,08:24:06 pm,0,798.57,-0.041
1/8/2020,08:54:06 pm,0,798.28,-0.038
1/8/2020,09:24:06 pm,0,798.52,-0.038
1/8/2020,09:54:06 pm,0,798.64,-0.035
1/8/2020,10:24:06 pm,0,799.07,-0.027
1/8/2020,10:54:06 pm,0,798.90,-0.022
1/8/2020,11:24:06 pm,0,798.98,-0.017
1/8/2020,11:54:06 pm,0,799.21,-0.016
1/9/2020,12:24:06 am,0,799.05,-0.023
1/9/2020,12:54:06 am,0,798.76,-0.033
1/9/2020,01:24:06 am,0,799.21,-0.044
1/9/2020,01:54:06 am,0,798.93,-0.067
1/9/2020,02:24:06 am,0,798.94,-0.081
1/9/2020,02:54:06 am,0,799.09,-0.089
1/9/2020,03:24:06 am,0,799.10,-0.093
1/9/2020,03:54:06 am,0,799.20,-0.094
1/9/2020,04:24:06 am,0,798.69,-0.091
1/9/2020,04:54:06 am,0,799.19,-0.089
1/9/2020,05:24:06 am,0,798.97,-0.088
1/9/2020,05:54:06 am,0,798.98,-0.084
1/9/2020,06:24:06 am,0,798.83,-0.081
1/9/2020,06:54:06 am,0,798.45,-0.077
1/9/2020,07:24:06 am,0,798.12,-0.072
1/9/2020,07:54:06 am,0,797.79,-0.068
1/9/2020,08:24:06 am,0,797.68,-0.065
1/9/2020,08:54:06 am,0,797.68,-0.061
1/9/2020,09:24:06 am,0,797.86,-0.058
1/9/2020,09:54:06 am,0,797.86,-0.055
1/9/2020,10:24:06 am,0,797.89,-0.052
1/9/2020,10:54:06 am,0,797.38,-0.049
1/9/2020,11:24:06 am,0,797.01,-0.049
1/9/2020,11:54:06 am,0,796.60,-0.046
1/9/2020,12:24:06 pm,0,796.43,-0.045
1/9/2020,12:54:06 pm,0,796.33,-0.044
1/9/2020,01:24:06 pm,0,796.02,-0.043
1/9/2020,01:54:06 pm,0,795.83,-0.043
1/9/2020,02:24:06 pm,0,795.84,-0.043
1/9/2020,02:54:06 pm,0,795.63,-0.045
1/9/2020,03:24:06 pm,0,795.60,-0.047
1/9/2020,03:54:06 pm,0,795.98,-0.046
1/9/2020,04:24:06 pm,0,795.72,-0.045
1/9/2020,04:54:06 pm,0,795.98,-0.043
1/9/2020,05:24:06 pm,0,796.26,-0.042
1/9/2020,05:54:06 pm,0,796.48,-0.039
1/9/2020,06:24:06 pm,0,796.56,-0.037
1/9/2020,06:54:06 pm,0,796.25,-0.035
1/9/2020,07:24:06 pm,0,795.85,-0.030
1/9/2020,07:54:06 pm,0,795.80,-0.025
1/9/2020,08:24:06 pm,0,795.86,-0.020
1/9/2020,08:54:06 pm,0,796.05,-0.015
1/9/2020,09:24:06 pm,0,796.30,-0.012
1/9/2020,09:54:06 pm,0,796.75,-0.011
1/9/2020,10:24:06 pm,0,796.89,-0.012
1/9/2020,10:54:06 pm,0,797.03,-0.011
1/9/2020,11:24:06 pm,0,797.74,-0.008
1/9/2020,11:54:06 pm,0,798.15,-0.008
1/10/2020,12:24:06 am,0,798.42,-0.008
1/10/2020,12:54:06 am,0,798.95,-0.013
1/10/2020,01:24:06 am,0,799.37,-0.019
1/10/2020,01:54:06 am,0,799.65,-0.020
1/10/2020,02:24:06 am,0,800.00,-0.022
1/10/2020,02:54:06 am,0,800.30,-0.023
1/10/2020,03:24:06 am,0,800.43,-0.025
1/10/2020,03:54:06 am,0,800.35,-0.028
1/10/2020,04:24:06 am,0,800.78,-0.030
1/10/2020,04:54:06 am,0,800.99,-0.032
1/10/2020,05:24:06 am,0,801.62,-0.036
1/10/2020,05:54:06 am,0,801.85,-0.038
1/10/2020,06:24:06 am,0,802.16,-0.042
1/10/2020,06:54:06 am,0,802.64,-0.045
1/10/2020,07:24:06 am,0,802.71,-0.049
1/10/2020,07:54:06 am,0,803.07,-0.055
1/10/2020,08:24:06 am,0,803.36,-0.059
1/10/2020,08:54:06 am,0,803.15,-0.062
1/10/2020,09:24:06 am,0,803.22,-0.062
1/10/2020,09:54:06 am,0,803.39,-0.063
1/10/2020,10:24:06 am,0,803.87,-0.065
1/10/2020,10:54:06 am,0,803.90,-0.065
1/10/2020,11:24:06 am,0,803.56,-0.066
1/10/2020,11:54:06 am,0,803.84,-0.067
1/10/2020,12:24:06 pm,0,803.79,-0.065
1/10/2020,12:54:06 pm,0,804.05,-0.067
1/10/2020,01:24:06 pm,0,804.34,-0.069
1/10/2020,01:54:06 pm,0,804.62,-0.070
1/10/2020,02:24:06 pm,0,804.88,-0.069
1/10/2020,02:54:06 pm,0,805.24,-0.071
1/10/2020,03:24:06 pm,0,805.52,-0.076
1/10/2020,03:54:06 pm,0,805.95,-0.080
1/10/2020,04:24:06 pm,0,806.14,-0.084
1/10/2020,04:54:06 pm,0,806.50,-0.086
1/10/2020,05:24:06 pm,0,806.84,-0.084
1/10/2020,05:54:06 pm,0,807.19,-0.081
1/10/2020,06:24:06 pm,0,806.99,-0.077
1/10/2020,06:54:06 pm,0,806.81,-0.075
1/10/2020,07:24:06 pm,0,806.69,-0.069
1/10/2020,07:54:06 pm,0,806.60,-0.065
1/10/2020,08:24:06 pm,0,806.26,-0.059
1/10/2020,08:54:06 pm,0,806.16,-0.053
1/10/2020,09:24:06 pm,0,806.21,-0.046
1/10/2020,09:54:06 pm,0,806.54,-0.040
1/10/2020,10:24:06 pm,0,806.82,-0.033
1/10/2020,10:54:06 pm,0,806.81,-0.029
1/10/2020,11:24:06 pm,0,806.79,-0.025
1/10/2020,11:54:06 pm,0,806.77,-0.023
1/11/2020,12:24:06 am,0,806.92,-0.023
1/11/2020,12:54:06 am,0,806.98,-0.028
1/11/2020,01:24:06 am,0,807.08,-0.034
1/11/2020,01:54:06 am,0,807.10,-0.039
1/11/2020,02:24:06 am,0,807.18,-0.041
1/11/2020,02:54:06 am,0,807.18,-0.044
1/11/2020,03:24:06 am,0,807.15,-0.046
1/11/2020,03:54:06 am,0,807.28,-0.047
1/11/2020,04:24:06 am,0,807.29,-0.047
1/11/2020,04:54:06 am,0,807.22,-0.047
1/11/2020,05:24:06 am,0,807.22,-0.048
1/11/2020,05:54:06 am,0,807.20,-0.048
1/11/2020,06:24:06 am,0,806.90,-0.049
1/11/2020,06:54:06 am,0,806.48,-0.049
1/11/2020,07:24:06 am,0,806.13,-0.049
1/11/2020,07:54:06 am,0,805.61,-0.048
1/11/2020,08:24:06 am,0,805.01,-0.048
1/11/2020,08:54:06 am,0,804.87,-0.049
1/11/2020,09:24:06 am,0,805.00,-0.048
1/11/2020,09:54:06 am,0,804.63,-0.046
1/11/2020,10:24:06 am,0,804.32,-0.045
1/11/2020,10:54:06 am,0,804.16,-0.044
1/11/2020,11:24:06 am,0,803.85,-0.043
1/11/2020,11:54:06 am,0,803.32,-0.041
1/11/2020,12:24:06 pm,0,803.09,-0.039
1/11/2020,12:54:06 pm,0,803.08,-0.037
1/11/2020,01:24:06 pm,0,803.02,-0.035
1/11/2020,01:54:06 pm,0,802.92,-0.034
1/11/2020,02:24:06 pm,0,802.76,-0.033
1/11/2020,02:54:06 pm,0,802.79,-0.032
1/11/2020,03:24:06 pm,0,802.80,-0.029
1/11/2020,03:54:06 pm,0,803.08,-0.029
1/11/2020,04:24:06 pm,0,803.10,-0.031
1/11/2020,04:54:06 pm,0,803.23,-0.031
1/11/2020,05:24:06 pm,0,803.26,-0.031
1/11/2020,05:54:06 pm,0,803.25,-0.035
1/11/2020,06:24:06 pm,0,803.19,-0.035
1/11/2020,06:54:06 pm,0,802.88,-0.036
1/11/2020,07:24:06 pm,0,802.27,-0.032
1/11/2020,07:54:06 pm,0,801.80,-0.030
1/11/2020,08:24:06 pm,0,801.67,-0.027
1/11/2020,08:54:06 pm,0,801.61,-0.023
1/11/2020,09:24:06 pm,0,801.28,-0.023
1/11/2020,09:54:06 pm,0,801.22,-0.022
1/11/2020,10:24:06 pm,0,801.19,-0.019
1/11/2020,10:54:06 pm,0,801.42,-0.013
1/11/2020,11:24:06 pm,0,801.46,-0.009
1/11/2020,11:54:06 pm,0,801.69,-0.011
1/12/2020,12:24:06 am,0,801.44,-0.016
1/12/2020,12:54:06 am,0,801.71,-0.017
1/12/2020,01:24:06 am,0,801.80,-0.019
1/12/2020,01:54:06 am,0,801.59,-0.027
1/12/2020,02:24:06 am,0,801.56,-0.036
1/12/2020,02:54:06 am,0,801.67,-0.042
1/12/2020,03:24:06 am,0,801.60,-0.045
1/12/2020,03:54:06 am,0,801.61,-0.045
1/12/2020,04:24:06 am,0,802.15,-0.047
1/12/2020,04:54:06 am,0,802.51,-0.048
1/12/2020,05:24:06 am,0,802.64,-0.059
1/12/2020,05:54:06 am,0,802.55,-0.065
1/12/2020,06:24:06 am,0,802.04,-0.073
1/12/2020,06:54:06 am,0,801.90,-0.079
1/12/2020,07:24:06 am,0,801.78,-0.083
1/12/2020,07:54:06 am,0,801.49,-0.085
1/12/2020,08:24:06 am,0,801.44,-0.085
1/12/2020,08:54:06 am,0,801.76,-0.082
1/12/2020,09:24:06 am,0,802.03,-0.080
1/12/2020,09:54:06 am,0,802.24,-0.078
1/12/2020,10:24:06 am,0,801.85,-0.075
1/12/2020,10:54:06 am,0,801.42,-0.073
1/12/2020,11:24:06 am,0,801.60,-0.073
1/12/2020,11:54:06 am,0,801.51,-0.071
1/12/2020,12:24:06 pm,0,801.51,-0.069
1/12/2020,12:54:06 pm,0,801.38,-0.068
1/12/2020,01:24:06 pm,0,801.48,-0.065
1/12/2020,01:54:06 pm,0,801.62,-0.065
1/12/2020,02:24:06 pm,0,801.69,-0.064
1/12/2020,02:54:06 pm,0,801.45,-0.064
1/12/2020,03:24:06 pm,0,801.37,-0.064
1/12/2020,03:54:06 pm,0,801.19,-0.065
1/12/2020,04:24:06 pm,0,801.23,-0.064
1/12/2020,04:54:06 pm,0,801.50,-0.063
1/12/2020,05:24:06 pm,0,801.73,-0.061
1/12/2020,05:54:06 pm,0,801.65,-0.059
1/12/2020,06:24:06 pm,0,801.49,-0.056
1/12/2020,06:54:06 pm,0,801.52,-0.054
1/12/2020,07:24:06 pm,0,800.94,-0.051
1/12/2020,07:54:06 pm,0,800.49,-0.046
1/12/2020,08:24:06 pm,0,800.26,-0.043
1/12/2020,08:54:06 pm,0,800.07,-0.037
1/12/2020,09:24:06 pm,0,800.40,-0.032
1/12/2020,09:54:06 pm,0,800.01,-0.028
1/12/2020,10:24:06 pm,0,799.94,-0.024
1/12/2020,10:54:06 pm,0,799.68,-0.020
1/12/2020,11:24:06 pm,0,799.58,-0.017
1/12/2020,11:54:06 pm,0,799.38,-0.015
1/13/2020,12:24:06 am,0,799.37,-0.015
1/13/2020,12:54:06 am,0,799.41,-0.016
1/13/2020,01:24:06 am,0,799.35,-0.020
1/13/2020,01:54:06 am,0,799.43,-0.025
1/13/2020,02:24:06 am,0,799.59,-0.029
1/13/2020,02:54:06 am,0,799.50,-0.031
1/13/2020,03:24:06 am,0,799.52,-0.032
1/13/2020,03:54:06 am,0,799.41,-0.032
1/13/2020,04:24:06 am,0,799.27,-0.034
1/13/2020,04:54:06 am,0,799.68,-0.037
1/13/2020,05:24:06 am,0,799.61,-0.042
1/13/2020,05:54:06 am,0,799.84,-0.042
1/13/2020,06:24:06 am,0,799.96,-0.041
1/13/2020,06:54:06 am,0,799.91,-0.040
1/13/2020,07:24:06 am,0,799.95,-0.040
1/13/2020,07:54:06 am,0,800.15,-0.041
1/13/2020,08:24:06 am,0,800.06,-0.041
1/13/2020,08:54:06 am,0,800.13,-0.042
1/13/2020,09:24:06 am,0,800.26,-0.043
1/13/2020,09:54:06 am,0,800.47,-0.046
1/13/2020,10:24:06 am,0,800.56,-0.048
1/13/2020,10:54:06 am,0,800.66,-0.050
1/13/2020,11:24:06 am,0,800.54,-0.052
1/13/2020,11:54:06 am,0,800.86,-0.053
1/13/2020,12:24:06 pm,0,800.78,-0.054
1/13/2020,12:54:06 pm,0,800.78,-0.058
1/13/2020,01:24:06 pm,0,800.98,-0.063
1/13/2020,01:54:06 pm,0,801.17,-0.068
1/13/2020,02:24:06 pm,0,801.39,-0.071
1/13/2020,02:54:06 pm,0,801.46,-0.076
1/13/2020,03:24:06 pm,0,801.42,-0.076
1/13/2020,03:54:06 pm,0,801.34,-0.079
1/13/2020,04:24:06 pm,0,801.69,-0.079
1/13/2020,04:54:06 pm,0,802.01,-0.079
1/13/2020,05:24:06 pm,0,802.43,-0.080
1/13/2020,05:54:06 pm,0,802.34,-0.079
1/13/2020,06:24:06 pm,0,802.28,-0.077
1/13/2020,06:54:06 pm,0,802.05,-0.075
1/13/2020,07:24:06 pm,0,801.95,-0.070
1/13/2020,07:54:06 pm,0,801.82,-0.069
1/13/2020,08:24:06 pm,0,801.63,-0.066
1/13/2020,08:54:06 pm,0,801.45,-0.061
1/13/2020,09:24:06 pm,0,801.54,-0.054
1/13/2020,09:54:06 pm,0,801.32,-0.049
1/13/2020,10:24:06 pm,0,801.40,-0.043
1/13/2020,10:54:06 pm,0,801.43,-0.038
1/13/2020,11:24:06 pm,0,801.63,-0.033
1/13/2020,11:54:06 pm,0,801.90,-0.031
1/14/2020,12:24:06 am,0,802.21,-0.031
1/14/2020,12:54:06 am,0,802.11,-0.031
1/14/2020,01:24:06 am,0,802.22,-0.033
1/14/2020,01:54:06 am,0,802.43,-0.036
1/14/2020,02:24:06 am,0,802.44,-0.041
1/14/2020,02:54:06 am,0,802.33,-0.046
1/14/2020,03:24:06 am,0,802.01,-0.049
1/14/2020,03:54:06 am,0,802.09,-0.052
1/14/2020,04:24:06 am,0,802.07,-0.051
1/14/2020,04:54:06 am,0,801.81,-0.051
1/14/2020,05:24:06 am,0,801.72,-0.049
1/14/2020,05:54:06 am,0,801.61,-0.047
1/14/2020,06:24:06 am,0,801.83,-0.046
1/14/2020,06:54:06 am,0,801.46,-0.044
1/14/2020,07:24:06 am,0,801.25,-0.044
1/14/2020,07:54:06 am,0,800.94,-0.044
1/14/2020,08:24:06 am,0,800.50,-0.044
1/14/2020,08:54:06 am,0,800.60,-0.045
1/14/2020,09:24:06 am,0,800.49,-0.046
1/14/2020,09:54:06 am,0,800.57,-0.048
1/14/2020,10:24:06 am,0,800.48,-0.053
1/14/2020,10:54:06 am,0,800.26,-0.057
1/14/2020,11:24:06 am,0,800.35,-0.057
1/14/2020,11:54:06 am,0,800.41,-0.056
1/14/2020,12:24:06 pm,0,800.29,-0.056
1/14/2020,12:54:06 pm,0,800.28,-0.055
1/14/2020,01:24:06 pm,0,800.46,-0.054
1/14/2020,01:54:06 pm,0,800.66,-0.053
1/14/2020,02:24:06 pm,0,800.82,-0.052
1/14/2020,02:54:06 pm,0,800.65,-0.053
1/14/2020,03:24:06 pm,0,800.69,-0.052
1/14/2020,03:54:06 pm,0,800.86,-0.051
1/14/2020,04:24:06 pm,0,801.10,-0.050
1/14/2020,04:54:06 pm,0,801.46,-0.047
1/14/2020,05:24:06 pm,0,801.81,-0.046
1/14/2020,05:54:06 pm,0,801.84,-0.044
1/14/2020,06:24:06 pm,0,802.03,-0.042
1/14/2020,06:54:06 pm,0,801.96,-0.043
1/14/2020,07:24:06 pm,0,801.58,-0.042
1/14/2020,07:54:06 pm,0,801.29,-0.040
1/14/2020,08:24:06 pm,0,801.00,-0.039
1/14/2020,08:54:06 pm,0,800.95,-0.035
1/14/2020,09:24:06 pm,0,800.77,-0.031
1/14/2020,09:54:06 pm,0,800.59,-0.026
1/14/2020,10:24:06 pm,0,800.64,-0.022
1/14/2020,10:54:06 pm,0,800.68,-0.018
1/14/2020,11:24:06 pm,0,800.74,-0.017
1/14/2020,11:54:06 pm,0,800.58,-0.017
1/15/2020,12:24:06 am,0,800.52,-0.016
1/15/2020,12:54:06 am,0,800.35,-0.018
1/15/2020,01:24:06 am,0,800.42,-0.020
1/15/2020,01:54:06 am,0,800.57,-0.023
1/15/2020,02:24:06 am,0,800.68,-0.029
1/15/2020,02:54:06 am,0,800.52,-0.038
1/15/2020,03:24:06 am,0,800.57,-0.046
1/15/2020,03:54:06 am,0,800.73,-0.052
1/15/2020,04:24:06 am,0,800.83,-0.057
1/15/2020,04:54:06 am,0,800.91,-0.061
1/15/2020,05:24:06 am,0,800.88,-0.064
1/15/2020,05:54:06 am,0,800.90,-0.066
1/15/2020,06:24:06 am,0,801.09,-0.069
1/15/2020,06:54:06 am,0,801.12,-0.070
1/15/2020,07:24:06 am,0,800.74,-0.072
1/15/2020,07:54:06 am,0,800.71,-0.074
1/15/2020,08:24:06 am,0,800.73,-0.075
1/15/2020,08:54:06 am,0,800.77,-0.084
1/15/2020,09:24:06 am,0,800.75,-0.091
1/15/2020,09:54:06 am,0,800.87,-0.095
1/15/2020,10:24:06 am,0,800.98,-0.100
1/15/2020,10:54:06 am,0,800.90,-0.103
1/15/2020,11:24:06 am,0,800.73,-0.106
1/15/2020,11:54:06 am,0,800.50,-0.107
1/15/2020,12:24:06 pm,0,800.36,-0.108
1/15/2020,12:54:06 pm,0,800.29,-0.107
1/15/2020,01:24:06 pm,0,800.30,-0.107
1/15/2020,01:54:06 pm,0,800.35,-0.105
1/15/2020,02:24:06 pm,0,800.38,-0.106
1/15/2020,02:54:06 pm,0,800.46,-0.104
1/15/2020,03:24:06 pm,0,800.43,-0.102
1/15/2020,03:54:06 pm,0,800.40,-0.102
1/15/2020,04:24:06 pm,0,800.39,-0.100
1/15/2020,04:54:06 pm,0,800.47,-0.098
1/15/2020,05:24:06 pm,0,800.56,-0.096
1/15/2020,05:54:06 pm,0,800.62,-0.094
1/15/2020,06:24:06 pm,0,800.48,-0.091
1/15/2020,06:54:06 pm,0,800.29,-0.088
1/15/2020,07:24:06 pm,0,799.75,-0.083
1/15/2020,07:54:06 pm,0,799.43,-0.079
1/15/2020,08:24:06 pm,0,799.16,-0.075
1/15/2020,08:54:06 pm,0,798.91,-0.070
1/15/2020,09:24:06 pm,0,798.55,-0.064
1/15/2020,09:54:06 pm,0,798.45,-0.059
1/15/2020,10:24:06 pm,0,798.47,-0.053
1/15/2020,10:54:06 pm,0,798.52,-0.051
1/15/2020,11:24:06 pm,0,798.57,-0.047
1/15/2020,11:54:06 pm,0,798.58,-0.047
1/16/2020,12:24:06 am,0,798.60,-0.047
1/16/2020,12:54:06 am,0,798.69,-0.049
1/16/2020,01:24:06 am,0,798.75,-0.050
1/16/2020,01:54:06 am,0,798.81,-0.051
1/16/2020,02:24:06 am,0,798.81,-0.052
1/16/2020,02:54:06 am,0,798.62,-0.054
1/16/2020,03:24:06 am,0,798.59,-0.055
1/16/2020,03:54:06 am,0,798.37,-0.054
1/16/2020,04:24:06 am,0,798.29,-0.056
1/16/2020,04:54:06 am,0,798.19,-0.060
1/16/2020,05:24:06 am,0,798.08,-0.061
1/16/2020,05:54:06 am,0,798.07,-0.061
1/16/2020,06:24:06 am,0,798.01,-0.059
1/16/2020,06:54:06 am,0,797.81,-0.057
1/16/2020,07:24:06 am,0,797.60,-0.055
1/16/2020,07:54:06 am,0,797.30,-0.053
1/16/2020,08:24:06 am,0,797.13,-0.051
1/16/2020,08:54:06 am,0,797.02,-0.050
1/16/2020,09:24:06 am,0,797.15,-0.048
1/16/2020,09:54:06 am,0,796.92,-0.048
1/16/2020,10:24:06 am,0,796.73,-0.046
1/16/2020,10:54:06 am,0,796.41,-0.046
1/16/2020,11:24:06 am,0,796.30,-0.046
1/16/2020,11:54:06 am,0,796.07,-0.046
1/16/2020,12:24:06 pm,0,795.91,-0.045
1/16/2020,12:54:06 pm,0,795.81,-0.044
1/16/2020,01:24:06 pm,0,795.75,-0.044
1/16/2020,01:54:06 pm,0,795.59,-0.045
1/16/2020,02:24:06 pm,0,795.35,-0.046
1/16/2020,02:54:06 pm,0,795.25,-0.046
1/16/2020,03:24:06 pm,0,795.12,-0.047
1/16/2020,03:54:06 pm,0,794.97,-0.047
1/16/2020,04:24:06 pm,0,794.83,-0.046
1/16/2020,04:54:06 pm,0,794.56,-0.046
1/16/2020,05:24:06 pm,0,794.57,-0.047
1/16/2020,05:54:06 pm,0,794.37,-0.045
1/16/2020,06:24:06 pm,0,794.21,-0.044
1/16/2020,06:54:06 pm,0,793.92,-0.046
1/16/2020,07:24:06 pm,0,793.05,-0.046
1/16/2020,07:54:06 pm,0,792.86,-0.043
1/16/2020,08:24:06 pm,0,792.11,-0.039
1/16/2020,08:54:06 pm,0,791.92,-0.036
1/16/2020,09:24:06 pm,0,791.05,-0.032
1/16/2020,09:54:06 pm,0,790.02,-0.029
1/16/2020,10:24:06 pm,0,789.79,-0.027
1/16/2020,10:54:06 pm,0,790.61,-0.026
1/16/2020,11:24:06 pm,0,790.00,-0.025
1/16/2020,11:54:06 pm,0,791.05,-0.028
1/17/2020,12:24:06 am,0,790.81,-0.031
1/17/2020,12:54:06 am,0,791.07,-0.035
1/17/2020,01:24:06 am,0,791.14,-0.041
1/17/2020,01:54:06 am,0,791.93,-0.047
1/17/2020,02:24:06 am,0,792.25,-0.055
1/17/2020,02:54:06 am,0,792.39,-0.062
1/17/2020,03:24:06 am,0,792.80,-0.068
1/17/2020,03:54:06 am,0,793.05,-0.071
1/17/2020,04:24:06 am,0,793.74,-0.074
1/17/2020,04:54:06 am,0,794.14,-0.077
1/17/2020,05:24:06 am,0,794.53,-0.079
1/17/2020,05:54:06 am,0,794.71,-0.081
1/17/2020,06:24:06 am,0,794.93,-0.079
1/17/2020,06:54:06 am,0,795.22,-0.080
1/17/2020,07:24:06 am,0,795.78,-0.079
1/17/2020,07:54:06 am,0,795.84,-0.078
1/17/2020,08:24:06 am,0,796.35,-0.075
1/17/2020,08:54:06 am,0,796.74,-0.073
1/17/2020,09:24:06 am,0,797.57,-0.070
1/17/2020,09:54:06 am,0,798.16,-0.071
1/17/2020,10:24:06 am,0,798.57,-0.073
1/17/2020,10:54:06 am,0,798.89,-0.075
1/17/2020,11:24:06 am,0,798.97,-0.076
1/17/2020,11:54:06 am,0,799.16,-0.079
1/17/2020,12:24:06 pm,0,799.78,-0.082
1/17/2020,12:54:06 pm,0,800.09,-0.081
1/17/2020,01:24:06 pm,0,800.61,-0.082
1/17/2020,01:54:06 pm,0,801.03,-0.084
1/17/2020,02:24:06 pm,0,801.32,-0.085
1/17/2020,02:54:06 pm,0,801.63,-0.087
1/17/2020,03:24:06 pm,0,802.07,-0.088
1/17/2020,03:54:06 pm,0,802.78,-0.089
1/17/2020,04:24:06 pm,0,803.27,-0.097
1/17/2020,04:54:06 pm,0,803.45,-0.106
1/17/2020,05:24:06 pm,0,803.60,-0.117
1/17/2020,05:54:06 pm,0,803.71,-0.126
1/17/2020,06:24:06 pm,0,804.18,-0.132
1/17/2020,06:54:06 pm,0,804.39,-0.143
1/17/2020,07:24:06 pm,0,804.71,-0.152
1/17/2020,07:54:06 pm,0,804.39,-0.158
1/17/2020,08:24:06 pm,0,804.41,-0.160
1/17/2020,08:54:06 pm,0,804.49,-0.163
1/17/2020,09:24:06 pm,0,804.56,-0.162
1/17/2020,09:54:06 pm,0,804.74,-0.162
1/17/2020,10:24:06 pm,0,804.84,-0.161
1/17/2020,10:54:06 pm,0,804.99,-0.160
1/17/2020,11:24:06 pm,0,805.32,-0.161
1/17/2020,11:54:06 pm,0,805.47,-0.162
1/18/2020,12:24:06 am,0,805.65,-0.162
1/18/2020,12:54:06 am,0,805.82,-0.162
1/18/2020,01:24:06 am,0,806.36,-0.164
1/18/2020,01:54:06 am,0,806.41,-0.164
1/18/2020,02:24:06 am,0,806.65,-0.165
1/18/2020,02:54:06 am,0,806.94,-0.165
1/18/2020,03:24:06 am,0,807.15,-0.164
1/18/2020,03:54:06 am,0,807.43,-0.164
1/18/2020,04:24:06 am,0,807.53,-0.164
1/18/2020,04:54:06 am,0,807.87,-0.164
1/18/2020,05:24:06 am,0,807.97,-0.162
1/18/2020,05:54:06 am,0,808.20,-0.163
1/18/2020,06:24:06 am,0,808.59,-0.162
1/18/2020,06:54:06 am,0,808.53,-0.160
1/18/2020,07:24:06 am,0,808.87,-0.159
1/18/2020,07:54:06 am,0,808.49,-0.158
1/18/2020,08:24:06 am,0,808.25,-0.156
1/18/2020,08:54:06 am,0,808.44,-0.156
1/18/2020,09:24:06 am,0,808.57,-0.154
1/18/2020,09:54:06 am,0,808.38,-0.152
1/18/2020,10:24:06 am,0,808.65,-0.151
1/18/2020,10:54:06 am,0,808.80,-0.149
1/18/2020,11:24:06 am,0,808.82,-0.148
1/18/2020,11:54:06 am,0,808.65,-0.146
1/18/2020,12:24:06 pm,0,808.71,-0.143
1/18/2020,12:54:06 pm,0,808.81,-0.141
1/18/2020,01:24:06 pm,0,808.87,-0.140
1/18/2020,01:54:06 pm,0,808.89,-0.139
1/18/2020,02:24:06 pm,0,809.28,-0.137
1/18/2020,02:54:06 pm,0,809.43,-0.134
1/18/2020,03:24:06 pm,0,809.65,-0.132
1/18/2020,03:54:06 pm,0,809.70,-0.130
1/18/2020,04:24:06 pm,0,809.90,-0.127
1/18/2020,04:54:06 pm,0,810.02,-0.124
1/18/2020,05:24:06 pm,0,810.19,-0.124
1/18/2020,05:54:06 pm,0,810.37,-0.120
1/18/2020,06:24:06 pm,0,810.56,-0.116
1/18/2020,06:54:06 pm,0,810.41,-0.114
1/18/2020,07:24:06 pm,0,810.29,-0.113
1/18/2020,07:54:06 pm,0,809.89,-0.108
1/18/2020,08:24:06 pm,0,809.53,-0.105
1/18/2020,08:54:06 pm,0,809.32,-0.102
1/18/2020,09:24:06 pm,0,809.04,-0.099
1/18/2020,09:54:06 pm,0,809.10,-0.095
1/18/2020,10:24:06 pm,0,809.04,-0.092
1/18/2020,10:54:06 pm,0,809.08,-0.091
1/18/2020,11:24:06 pm,0,809.18,-0.088
1/18/2020,11:54:06 pm,0,809.31,-0.086
1/19/2020,12:24:06 am,0,809.29,-0.084
1/19/2020,12:54:06 am,0,809.26,-0.083
1/19/2020,01:24:06 am,0,809.51,-0.082
1/19/2020,01:54:06 am,0,809.46,-0.081
1/19/2020,02:24:06 am,0,809.64,-0.079
1/19/2020,02:54:06 am,0,809.98,-0.079
1/19/2020,03:24:06 am,0,810.15,-0.080
1/19/2020,03:54:06 am,0,810.04,-0.078
1/19/2020,04:24:06 am,0,810.12,-0.077
1/19/2020,04:54:06 am,0,810.34,-0.077
1/19/2020,05:24:06 am,0,810.52,-0.075
1/19/2020,05:54:06 am,0,810.56,-0.075
1/19/2020,06:24:06 am,0,810.58,-0.076
1/19/2020,06:54:06 am,0,810.74,-0.076
1/19/2020,07:24:06 am,0,810.59,-0.074
1/19/2020,07:54:06 am,0,810.16,-0.073
1/19/2020,08:24:06 am,0,810.17,-0.071
1/19/2020,08:54:06 am,0,809.97,-0.071
1/19/2020,09:24:06 am,0,809.89,-0.071
1/19/2020,09:54:06 am,0,809.73,-0.070
1/19/2020,10:24:06 am,0,809.61,-0.068
1/19/2020,10:54:06 am,0,809.36,-0.068
1/19/2020,11:24:06 am,0,809.25,-0.067
1/19/2020,11:54:06 am,0,809.10,-0.066
1/19/2020,12:24:06 pm,0,808.97,-0.066
1/19/2020,12:54:06 pm,0,808.66,-0.066
1/19/2020,01:24:06 pm,0,808.65,-0.063
1/19/2020,01:54:06 pm,0,808.55,-0.064
1/19/2020,02:24:06 pm,0,808.57,-0.064
1/19/2020,02:54:06 pm,0,808.58,-0.064
1/19/2020,03:24:06 pm,0,808.79,-0.064
1/19/2020,03:54:06 pm,0,808.89,-0.063
1/19/2020,04:24:06 pm,0,808.99,-0.063
1/19/2020,04:54:06 pm,0,808.87,-0.062
1/19/2020,05:24:06 pm,0,808.87,-0.061
1/19/2020,05:54:06 pm,0,808.93,-0.060
1/19/2020,06:24:06 pm,0,808.90,-0.057
1/19/2020,06:54:06 pm,0,808.58,-0.054
1/19/2020,07:24:06 pm,0,808.32,-0.048
1/19/2020,07:54:06 pm,0,808.07,-0.043
1/19/2020,08:24:06 pm,0,807.75,-0.038
1/19/2020,08:54:06 pm,0,807.64,-0.033
1/19/2020,09:24:06 pm,0,807.39,-0.028
1/19/2020,09:54:06 pm,0,807.08,-0.025
1/19/2020,10:24:06 pm,0,806.86,-0.021
1/19/2020,10:54:06 pm,0,806.77,-0.016
1/19/2020,11:24:06 pm,0,806.82,-0.013
1/19/2020,11:54:06 pm,0,806.61,-0.011
1/20/2020,12:24:06 am,0,806.92,-0.010
1/20/2020,12:54:06 am,0,806.83,-0.010
1/20/2020,01:24:06 am,0,806.74,-0.012
1/20/2020,01:54:06 am,0,806.90,-0.012
1/20/2020,02:24:06 am,0,806.84,-0.012
1/20/2020,02:54:06 am,0,806.46,-0.013
1/20/2020,03:24:06 am,0,806.31,-0.013
1/20/2020,03:54:06 am,0,805.79,-0.014
1/20/2020,04:24:06 am,0,805.78,-0.014
1/20/2020,04:54:06 am,0,806.01,-0.016
1/20/2020,05:24:06 am,0,805.95,-0.019
1/20/2020,05:54:06 am,0,805.79,-0.018
1/20/2020,06:24:06 am,0,805.58,-0.017
1/20/2020,06:54:06 am,0,805.87,-0.017
1/20/2020,07:24:06 am,0,805.70,-0.017
1/20/2020,07:54:06 am,0,805.52,-0.017
1/20/2020,08:24:06 am,0,805.25,-0.016
1/20/2020,08:54:06 am,0,805.24,-0.016
1/20/2020,09:24:06 am,0,805.15,-0.016
1/20/2020,09:54:06 am,0,805.08,-0.015
1/20/2020,10:24:06 am,0,804.90,-0.016
1/20/2020,10:54:06 am,0,804.66,-0.019
1/20/2020,11:24:06 am,0,804.19,-0.022
1/20/2020,11:54:06 am,0,804.15,-0.023
1/20/2020,12:24:06 pm,0,803.78,-0.024
1/20/2020,12:54:06 pm,0,803.49,-0.023
1/20/2020,01:24:06 pm,0,803.38,-0.023
1/20/2020,01:54:06 pm,0,803.38,-0.021
1/20/2020,02:24:06 pm,0,803.44,-0.021
1/20/2020,02:54:06 pm,0,803.58,-0.022
1/20/2020,03:24:06 pm,0,803.50,-0.021
1/20/2020,03:54:06 pm,0,803.67,-0.022
1/20/2020,04:24:06 pm,0,803.83,-0.023
1/20/2020,04:54:06 pm,0,803.54,-0.024
1/20/2020,05:24:06 pm,0,803.47,-0.023
1/20/2020,05:54:06 pm,0,803.52,-0.022
1/20/2020,06:24:06 pm,0,803.23,-0.020
1/20/2020,06:54:06 pm,0,803.05,-0.018
1/20/2020,07:24:06 pm,0,803.13,-0.012
1/20/2020,07:54:06 pm,0,802.83,-0.006
1/20/2020,08:24:06 pm,0,802.54,-0.001
1/20/2020,08:54:06 pm,0,802.10,0.006
1/20/2020,09:24:06 pm,0,801.42,0.008
1/20/2020,09:54:06 pm,0,801.15,0.014
1/20/2020,10:24:06 pm,0,801.03,0.019
1/20/2020,10:54:06 pm,0,801.17,0.026
1/20/2020,11:24:06 pm,0,801.14,0.024
1/20/2020,11:54:06 pm,0,800.97,0.025
1/21/2020,12:24:06 am,0,800.94,0.026
1/21/2020,12:54:06 am,0,800.99,0.028
1/21/2020,01:24:06 am,0,800.88,0.026
1/21/2020,01:54:06 am,0,800.85,0.023
1/21/2020,02:24:06 am,0,801.27,0.020
1/21/2020,02:54:06 am,0,801.39,0.017
1/21/2020,03:24:06 am,0,801.14,0.010
1/21/2020,03:54:06 am,0,800.95,0.005
1/21/2020,04:24:06 am,0,800.59,0.004
1/21/2020,04:54:06 am,0,800.43,0.002
1/21/2020,05:24:06 am,0,800.77,0.002
1/21/2020,05:54:06 am,0,800.78,0.000
1/21/2020,06:24:06 am,0,800.74,0.001
1/21/2020,06:54:06 am,0,800.65,-0.002
1/21/2020,07:24:06 am,0,800.80,-0.004
1/21/2020,07:54:06 am,0,800.84,-0.005
1/21/2020,08:24:06 am,0,800.82,-0.005
1/21/2020,08:54:06 am,0,800.92,-0.004
1/21/2020,09:24:06 am,0,800.90,-0.000
1/21/2020,09:54:06 am,0,800.84,0.002
1/21/2020,10:24:06 am,0,800.89,0.002
1/21/2020,10:54:06 am,0,801.07,0.004
1/21/2020,11:24:06 am,0,800.79,0.006
1/21/2020,11:54:06 am,0,800.83,0.005
1/21/2020,12:24:06 pm,0,800.97,0.004
1/21/2020,12:54:06 pm,0,800.88,0.005
1/21/2020,01:24:06 pm,0,800.78,0.006
1/21/2020,01:54:06 pm,0,800.90,0.006
1/21/2020,02:24:06 pm,0,801.26,0.003
1/21/2020,02:54:06 pm,0,801.43,-0.004
1/21/2020,03:24:06 pm,0,801.70,-0.008
1/21/2020,03:54:06 pm,0,801.78,-0.009
1/21/2020,04:24:06 pm,0,801.94,-0.009
1/21/2020,04:54:06 pm,0,802.28,-0.006
1/21/2020,05:24:06 pm,0,802.35,-0.003
1/21/2020,05:54:06 pm,0,802.50,0.001
1/21/2020,06:24:06 pm,0,802.86,0.007
1/21/2020,06:54:06 pm,0,802.81,0.004
1/21/2020,07:24:06 pm,0,802.67,0.003
1/21/2020,07:54:06 pm,0,802.39,0.005
1/21/2020,08:24:06 pm,0,802.20,0.009
1/21/2020,08:54:06 pm,0,802.06,0.013
1/21/2020,09:24:06 pm,0,801.96,0.018
1/21/2020,09:54:06 pm,0,801.99,0.022
1/21/2020,10:24:06 pm,0,801.88,0.023
1/21/2020,10:54:06 pm,0,802.16,0.023
1/21/2020,11:24:06 pm,0,802.16,0.025
1/21/2020,11:54:06 pm,0,802.19,0.028
1/22/2020,12:24:06 am,0,802.20,0.031
1/22/2020,12:54:06 am,0,802.39,0.031
1/22/2020,01:24:06 am,0,802.22,0.030
1/22/2020,01:54:06 am,0,802.41,0.025
1/22/2020,02:24:06 am,0,802.88,0.013
1/22/2020,02:54:06 am,0,803.02,-0.000
1/22/2020,03:24:06 am,0,803.22,-0.009
1/22/2020,03:54:06 am,0,803.10,-0.017
1/22/2020,04:24:06 am,0,803.42,-0.019
1/22/2020,04:54:06 am,0,803.80,-0.018
1/22/2020,05:24:06 am,0,803.97,-0.016
1/22/2020,05:54:06 am,0,804.20,-0.014
1/22/2020,06:24:06 am,0,804.28,-0.011
1/22/2020,06:54:06 am,0,804.89,-0.010
1/22/2020,07:24:06 am,0,805.02,-0.015
1/22/2020,07:54:06 am,0,804.95,-0.020
1/22/2020,08:24:06 am,0,804.80,-0.022
1/22/2020,08:54:06 am,0,804.82,-0.023
1/22/2020,09:24:06 am,0,804.80,-0.022
1/22/2020,09:54:06 am,0,804.85,-0.019
1/22/2020,10:24:06 am,0,804.73,-0.014
1/22/2020,10:54:06 am,0,804.47,-0.010
1/22/2020,11:24:06 am,0,804.51,-0.005
1/22/2020,11:54:06 am,0,804.43,-0.001
1/22/2020,12:24:06 pm,0,804.38,0.002
1/22/2020,12:54:06 pm,0,804.72,0.004
1/22/2020,01:24:06 pm,0,805.05,0.005
1/22/2020,01:54:06 pm,0,805.21,0.007
1/22/2020,02:24:06 pm,0,805.56,0.007
1/22/2020,02:54:06 pm,0,805.74,0.005
1/22/2020,03:24:06 pm,0,805.61,0.004
1/22/2020,03:54:06 pm,0,805.98,0.005
1/22/2020,04:24:06 pm,0,806.08,0.002
1/22/2020,04:54:06 pm,0,806.42,0.000
1/22/2020,05:24:06 pm,0,806.40,0.002
1/22/2020,05:54:06 pm,0,806.47,0.005
1/22/2020,06:24:06 pm,0,806.46,0.007
1/22/2020,06:54:06 pm,0,806.33,0.009
1/22/2020,07:24:06 pm,0,806.52,0.013
1/22/2020,07:54:06 pm,0,806.38,0.019
1/22/2020,08:24:06 pm,0,806.13,0.024
1/22/2020,08:54:06 pm,0,805.90,0.028
1/22/2020,09:24:06 pm,0,805.81,0.032
1/22/2020,09:54:06 pm,0,805.93,0.033
1/22/2020,10:24:06 pm,0,806.09,0.028
1/22/2020,10:54:06 pm,0,806.46,0.029
1/22/2020,11:24:06 pm,0,806.85,0.024
1/22/2020,11:54:06 pm,0,806.95,0.004
1/23/2020,12:24:06 am,0,807.11,-0.018
1/23/2020,12:54:06 am,0,807.34,-0.028
1/23/2020,01:24:06 am,0,807.47,-0.037
1/23/2020,01:54:06 am,0,807.67,-0.043
1/23/2020,02:24:06 am,0,808.02,-0.048
1/23/2020,02:54:06 am,0,808.22,-0.053
1/23/2020,03:24:06 am,0,808.20,-0.055
1/23/2020,03:54:06 am,0,808.37,-0.056
1/23/2020,04:24:06 am,0,808.56,-0.058
1/23/2020,04:54:06 am,0,808.64,-0.057
1/23/2020,05:24:06 am,0,808.72,-0.058
1/23/2020,05:54:06 am,0,808.93,-0.057
1/23/2020,06:24:06 am,0,808.97,-0.055
1/23/2020,06:54:06 am,0,809.08,-0.056
1/23/2020,07:24:06 am,0,809.04,-0.056
1/23/2020,07:54:06 am,0,809.12,-0.058
1/23/2020,08:24:06 am,0,809.03,-0.057
1/23/2020,08:54:06 am,0,809.02,-0.060
1/23/2020,09:24:06 am,0,808.94,-0.066
1/23/2020,09:54:06 am,0,809.06,-0.068
1/23/2020,10:24:06 am,0,809.01,-0.069
1/23/2020,10:54:06 am,0,809.03,-0.069
1/23/2020,11:24:06 am,0,808.93,-0.069
1/23/2020,11:54:06 am,0,808.63,-0.072
1/23/2020,12:24:06 pm,0,808.54,-0.072
1/23/2020,12:54:06 pm,0,808.63,-0.072
1/23/2020,01:24:06 pm,0,808.68,-0.071
1/23/2020,01:54:06 pm,0,808.57,-0.072
1/23/2020,02:24:06 pm,0,808.75,-0.072
1/23/2020,02:54:06 pm,0,808.95,-0.073
1/23/2020,03:24:06 pm,0,808.97,-0.073
1/23/2020,03:54:06 pm,0,808.91,-0.073
1/23/2020,04:24:06 pm,0,808.84,-0.074
1/23/2020,04:54:06 pm,0,808.85,-0.073
1/23/2020,05:24:06 pm,0,808.88,-0.073
1/23/2020,05:54:06 pm,0,808.71,-0.072
1/23/2020,06:24:06 pm,0,808.67,-0.070
1/23/2020,06:54:06 pm,0,808.52,-0.068
1/23/2020,07:24:06 pm,0,808.18,-0.062
1/23/2020,07:54:06 pm,0,807.82,-0.054
1/23/2020,08:24:06 pm,0,807.31,-0.042
1/23/2020,08:54:06 pm,0,807.11,-0.032
1/23/2020,09:24:06 pm,0,806.99,-0.019
1/23/2020,09:54:06 pm,0,806.92,-0.007
1/23/2020,10:24:06 pm,0,807.01,0.005
1/23/2020,10:54:06 pm,0,807.09,0.015
1/23/2020,11:24:06 pm,0,806.86,0.018
1/23/2020,11:54:06 pm,0,806.71,0.018
1/24/2020,12:24:06 am,0,806.78,0.018
1/24/2020,12:54:06 am,0,806.83,0.019
1/24/2020,01:24:06 am,0,806.87,0.019
1/24/2020,01:54:06 am,0,806.79,0.013
1/24/2020,02:24:06 am,0,806.66,-0.000
1/24/2020,02:54:06 am,0,806.67,-0.007
1/24/2020,03:24:06 am,0,806.67,-0.012
1/24/2020,03:54:06 am,0,806.74,-0.014
1/24/2020,04:24:06 am,0,806.98,-0.013
1/24/2020,04:54:06 am,0,807.10,-0.010
1/24/2020,05:24:06 am,0,807.36,-0.008
1/24/2020,05:54:06 am,0,807.16,-0.006
1/24/2020,06:24:06 am,0,807.12,-0.004
1/24/2020,06:54:06 am,0,806.98,-0.003
1/24/2020,07:24:06 am,0,806.75,-0.003
1/24/2020,07:54:06 am,0,806.59,-0.002
1/24/2020,08:24:06 am,0,806.17,0.000
1/24/2020,08:54:06 am,0,806.08,0.004
1/24/2020,09:24:06 am,0,806.04,0.007
1/24/2020,09:54:06 am,0,805.90,0.009
1/24/2020,10:24:06 am,0,805.74,0.013
1/24/2020,10:54:06 am,0,805.71,0.014
1/24/2020,11:24:06 am,0,805.42,0.015
1/24/2020,11:54:06 am,0,805.08,0.017
1/24/2020,12:24:06 pm,0,805.04,0.014
1/24/2020,12:54:06 pm,0,805.04,0.015
1/24/2020,01:24:06 pm,0,804.96,0.017
1/24/2020,01:54:06 pm,0,804.87,0.020
1/24/2020,02:24:06 pm,0,804.72,0.022
1/24/2020,02:54:06 pm,0,804.87,0.023
1/24/2020,03:24:06 pm,0,805.30,0.023
1/24/2020,03:54:06 pm,0,805.52,0.025
1/24/2020,04:24:06 pm,0,805.71,0.025
1/24/2020,04:54:06 pm,0,805.83,0.026
1/24/2020,05:24:06 pm,0,805.89,0.026
1/24/2020,05:54:06 pm,0,806.23,0.028
1/24/2020,06:24:06 pm,0,806.13,0.030
1/24/2020,06:54:06 pm,0,806.39,0.025
1/24/2020,07:24:06 pm,0,806.15,0.014
1/24/2020,07:54:06 pm,0,805.56,0.013
1/24/2020,08:24:06 pm,0,805.07,0.016
1/24/2020,08:54:06 pm,0,804.68,0.022
1/24/2020,09:24:06 pm,0,804.40,0.035
1/24/2020,09:54:06 pm,0,804.31,0.045
1/24/2020,10:24:06 pm,0,804.40,0.057
1/24/2020,10:54:06 pm,0,804.35,0.065
1/24/2020,11:24:06 pm,0,804.40,0.070
1/24/2020,11:54:06 pm,0,804.34,0.066
1/25/2020,12:24:06 am,0,804.38,0.058
1/25/2020,12:54:06 am,0,804.39,0.050
1/25/2020,01:24:06 am,0,804.51,0.043
1/25/2020,01:54:06 am,0,804.74,0.038
1/25/2020,02:24:06 am,0,805.02,0.030
1/25/2020,02:54:06 am,0,805.16,0.021
1/25/2020,03:24:06 am,0,805.23,0.014
1/25/2020,03:54:06 am,0,805.42,0.010
1/25/2020,04:24:06 am,0,806.14,-0.005
1/25/2020,04:54:06 am,0,805.98,-0.028
1/25/2020,05:24:06 am,0,805.98,-0.043
1/25/2020,05:54:06 am,0,805.87,-0.052
1/25/2020,06:24:06 am,0,806.16,-0.059
1/25/2020,06:54:06 am,0,806.21,-0.064
1/25/2020,07:24:06 am,0,805.83,-0.068
1/25/2020,07:54:06 am,0,805.61,-0.069
1/25/2020,08:24:06 am,0,805.93,-0.067
1/25/2020,08:54:06 am,0,805.78,-0.065
1/25/2020,09:24:06 am,0,805.73,-0.062
1/25/2020,09:54:06 am,0,806.38,-0.057
1/25/2020,10:24:06 am,0,806.31,-0.054
1/25/2020,10:54:06 am,0,806.28,-0.049
1/25/2020,11:24:06 am,0,806.02,-0.046
1/25/2020,11:54:06 am,0,805.78,-0.043
1/25/2020,12:24:06 pm,0,805.49,-0.040
1/25/2020,12:54:06 pm,0,805.25,-0.039
1/25/2020,01:24:06 pm,0,805.35,-0.037
1/25/2020,01:54:06 pm,0,805.60,-0.039
1/25/2020,02:24:06 pm,0,805.82,-0.043
1/25/2020,02:54:06 pm,0,806.00,-0.042
1/25/2020,03:24:06 pm,0,806.11,-0.042
1/25/2020,03:54:06 pm,0,805.97,-0.040
1/25/2020,04:24:06 pm,0,806.20,-0.039
1/25/2020,04:54:06 pm,0,806.06,-0.035
1/25/2020,05:24:06 pm,0,806.40,-0.032
1/25/2020,05:54:06 pm,0,806.67,-0.028
1/25/2020,06:24:06 pm,0,806.56,-0.023
1/25/2020,06:54:06 pm,0,806.41,-0.020
1/25/2020,07:24:06 pm,0,806.24,-0.013
1/25/2020,07:54:06 pm,0,806.05,-0.005
1/25/2020,08:24:06 pm,0,805.81,0.004
1/25/2020,08:54:06 pm,0,805.39,0.014
1/25/2020,09:24:06 pm,0,805.13,0.030
1/25/2020,09:54:06 pm,0,805.10,0.044
1/25/2020,10:24:06 pm,0,805.24,0.057
1/25/2020,10:54:06 pm,0,805.30,0.070
1/25/2020,11:24:06 pm,0,805.44,0.074
1/25/2020,11:54:06 pm,0,805.62,0.066
1/26/2020,12:24:06 am,0,805.86,0.056
1/26/2020,12:54:06 am,0,805.63,0.042
1/26/2020,01:24:06 am,0,805.53,0.031
1/26/2020,01:54:06 am,0,805.69,0.026
1/26/2020,02:24:06 am,0,805.82,0.023
1/26/2020,02:54:06 am,0,805.86,0.021
1/26/2020,03:24:06 am,0,805.95,0.020
1/26/2020,03:54:06 am,0,805.97,0.018
1/26/2020,04:24:06 am,0,805.81,0.016
1/26/2020,04:54:06 am,0,806.00,0.006
1/26/2020,05:24:06 am,0,805.94,-0.005
1/26/2020,05:54:06 am,0,806.05,-0.009
1/26/2020,06:24:06 am,0,805.84,-0.013
1/26/2020,06:54:06 am,0,806.00,-0.011
1/26/2020,07:24:06 am,0,806.02,-0.006
1/26/2020,07:54:06 am,0,805.69,-0.004
1/26/2020,08:24:06 am,0,805.58,-0.002
1/26/2020,08:54:06 am,0,805.46,-0.002
1/26/2020,09:24:06 am,0,805.38,-0.001
1/26/2020,09:54:06 am,0,805.36,0.004
1/26/2020,10:24:06 am,0,805.13,0.008
1/26/2020,10:54:06 am,0,804.86,0.009
1/26/2020,11:24:06 am,0,804.33,0.010
1/26/2020,11:54:06 am,0,804.01,0.009
1/26/2020,12:24:06 pm,0,803.92,0.010
1/26/2020,12:54:06 pm,0,803.84,-0.007
1/26/2020,01:24:06 pm,0,803.51,-0.018
1/26/2020,01:54:06 pm,0,803.60,-0.018
1/26/2020,02:24:06 pm,0,803.74,-0.019
1/26/2020,02:54:06 pm,0,803.74,-0.019
1/26/2020,03:24:06 pm,0,803.92,-0.018
1/26/2020,03:54:06 pm,0,804.00,-0.017
1/26/2020,04:24:06 pm,0,804.25,-0.016
1/26/2020,04:54:06 pm,0,804.55,-0.010
1/26/2020,05:24:06 pm,0,804.73,-0.007
1/26/2020,05:54:06 pm,0,804.81,-0.003
1/26/2020,06:24:06 pm,0,805.20,-0.001
1/26/2020,06:54:06 pm,0,805.40,-0.002
1/26/2020,07:24:06 pm,0,805.19,0.000
1/26/2020,07:54:06 pm,0,805.28,0.003
1/26/2020,08:24:06 pm,0,805.36,-0.008
1/26/2020,08:54:06 pm,0,805.09,-0.020
1/26/2020,09:24:06 pm,0,804.83,-0.017
1/26/2020,09:54:06 pm,0,805.10,-0.016
1/26/2020,10:24:06 pm,0,805.35,-0.020
1/26/2020,10:54:06 pm,0,805.59,-0.024
1/26/2020,11:24:06 pm,0,805.79,-0.050
1/26/2020,11:54:06 pm,0,806.01,-0.058
1/27/2020,12:24:06 am,0,806.10,-0.060
1/27/2020,12:54:06 am,0,806.13,-0.064
1/27/2020,01:24:06 am,0,806.38,-0.067
1/27/2020,01:54:06 am,0,806.40,-0.072
1/27/2020,02:24:06 am,0,806.52,-0.087
1/27/2020,02:54:06 am,0,806.78,-0.091
1/27/2020,03:24:06 am,0,807.15,-0.090
1/27/2020,03:54:06 am,0,807.31,-0.089
1/27/2020,04:24:06 am,0,807.37,-0.088
1/27/2020,04:54:06 am,0,807.72,-0.086
1/27/2020,05:24:06 am,0,807.55,-0.084
1/27/2020,05:54:06 am,0,807.83,-0.082
1/27/2020,06:24:06 am,0,808.38,-0.081
1/27/2020,06:54:06 am,0,808.68,-0.103
1/27/2020,07:24:06 am,0,808.82,-0.125
1/27/2020,07:54:06 am,0,809.08,-0.136
1/27/2020,08:24:06 am,0,809.28,-0.144
1/27/2020,08:54:06 am,0,809.15,-0.149
1/27/2020,09:24:06 am,0,809.13,-0.155
1/27/2020,09:54:06 am,0,809.46,-0.159
1/27/2020,10:24:06 am,0,809.57,-0.160
1/27/2020,10:54:06 am,0,809.42,-0.159
1/27/2020,11:24:06 am,0,809.48,-0.158
1/27/2020,11:54:06 am,0,809.40,-0.156
1/27/2020,12:24:06 pm,0,809.48,-0.156
1/27/2020,12:54:06 pm,0,809.16,-0.154
1/27/2020,01:24:06 pm,0,809.32,-0.152
1/27/2020,01:54:06 pm,0,809.15,-0.149
1/27/2020,02:24:06 pm,0,809.51,-0.148
1/27/2020,02:54:06 pm,0,809.79,-0.146
1/27/2020,03:24:06 pm,0,810.26,-0.144
1/27/2020,03:54:06 pm,0,810.27,-0.141
1/27/2020,04:24:06 pm,0,810.35,-0.137
1/27/2020,04:54:06 pm,0,810.62,-0.135
1/27/2020,05:24:06 pm,0,810.77,-0.132
1/27/2020,05:54:06 pm,0,810.81,-0.128
1/27/2020,06:24:06 pm,0,810.87,-0.122
1/27/2020,06:54:06 pm,0,810.76,-0.116
1/27/2020,07:24:06 pm,0,810.79,-0.110
1/27/2020,07:54:06 pm,0,810.55,-0.103
1/27/2020,08:24:06 pm,0,810.52,-0.096
1/27/2020,08:54:06 pm,0,810.41,-0.075
1/27/2020,09:24:06 pm,0,810.23,-0.048
1/27/2020,09:54:06 pm,0,810.20,-0.045
1/27/2020,10:24:06 pm,0,810.31,-0.041
1/27/2020,10:54:06 pm,0,810.13,-0.035
1/27/2020,11:24:06 pm,0,810.05,-0.029
1/27/2020,11:54:06 pm,0,810.17,-0.032
1/28/2020,12:24:06 am,0,810.26,-0.037
1/28/2020,12:54:06 am,0,810.32,-0.040
1/28/2020,01:24:06 am,0,810.59,-0.043
1/28/2020,01:54:06 am,0,810.74,-0.046
1/28/2020,02:24:06 am,0,810.79,-0.048
1/28/2020,02:54:06 am,0,810.92,-0.052
1/28/2020,03:24:06 am,0,810.76,-0.054
1/28/2020,03:54:06 am,0,810.79,-0.057
1/28/2020,04:24:06 am,0,810.90,-0.058
1/28/2020,04:54:06 am,0,811.06,-0.058
1/28/2020,05:24:06 am,0,810.93,-0.059
1/28/2020,05:54:06 am,0,811.03,-0.059
1/28/2020,06:24:06 am,0,811.04,-0.063
1/28/2020,06:54:06 am,0,811.07,-0.063
1/28/2020,07:24:06 am,0,810.88,-0.063
1/28/2020,07:54:06 am,0,810.63,-0.066
1/28/2020,08:24:06 am,0,810.45,-0.066
1/28/2020,08:54:06 am,0,810.38,-0.067
1/28/2020,09:24:06 am,0,810.14,-0.069
1/28/2020,09:54:06 am,0,810.09,-0.072
1/28/2020,10:24:06 am,0,810.02,-0.072
1/28/2020,10:54:06 am,0,809.68,-0.074
1/28/2020,11:24:06 am,0,809.47,-0.073
1/28/2020,11:54:06 am,0,809.31,-0.077
1/28/2020,12:24:06 pm,0,808.90,-0.078
1/28/2020,12:54:06 pm,0,808.54,-0.081
1/28/2020,01:24:06 pm,0,808.72,-0.080
1/28/2020,01:54:06 pm,0,808.73,-0.082
1/28/2020,02:24:06 pm,0,808.75,-0.083
1/28/2020,02:54:06 pm,0,809.01,-0.083
1/28/2020,03:24:06 pm,0,808.99,-0.085
1/28/2020,03:54:06 pm,0,809.21,-0.084
1/28/2020,04:24:06 pm,0,809.13,-0.083
1/28/2020,04:54:06 pm,0,809.54,-0.083
1/28/2020,05:24:06 pm,0,809.20,-0.081
1/28/2020,05:54:06 pm,0,809.18,-0.077
1/28/2020,06:24:06 pm,0,808.61,-0.072
1/28/2020,06:54:06 pm,0,808.55,-0.065
1/28/2020,07:24:06 pm,0,808.16,-0.058
1/28/2020,07:54:06 pm,0,808.22,-0.049
1/28/2020,08:24:06 pm,0,807.87,-0.039
1/28/2020,08:54:06 pm,0,807.42,-0.014
1/28/2020,09:24:06 pm,0,807.05,0.012
1/28/2020,09:54:06 pm,0,806.93,0.015
1/28/2020,10:24:06 pm,0,807.00,0.012
1/28/2020,10:54:06 pm,0,806.85,0.025
1/28/2020,11:24:06 pm,0,806.56,0.028
1/28/2020,11:54:06 pm,0,806.60,0.018
1/29/2020,12:24:06 am,0,806.62,0.010
1/29/2020,12:54:06 am,0,806.57,0.002
1/29/2020,01:24:06 am,0,806.14,-0.004
1/29/2020,01:54:06 am,0,806.52,-0.012
1/29/2020,02:24:06 am,0,806.48,-0.021
1/29/2020,02:54:06 am,0,806.51,-0.024
1/29/2020,03:24:06 am,0,806.60,-0.028
1/29/2020,03:54:06 am,0,806.49,-0.035
1/29/2020,04:24:06 am,0,806.58,-0.039
1/29/2020,04:54:06 am,0,806.34,-0.041
1/29/2020,05:24:06 am,0,806.38,-0.043
1/29/2020,05:54:06 am,0,806.37,-0.045
1/29/2020,06:24:06 am,0,806.38,-0.050
1/29/2020,06:54:06 am,0,806.21,-0.057
1/29/2020,07:24:06 am,0,806.17,-0.062
1/29/2020,07:54:06 am,0,806.01,-0.063
1/29/2020,08:24:06 am,0,806.03,-0.065
1/29/2020,08:54:06 am,0,805.82,-0.068
1/29/2020,09:24:06 am,0,806.00,-0.070
1/29/2020,09:54:06 am,0,806.24,-0.070
1/29/2020,10:24:06 am,0,806.04,-0.072
1/29/2020,10:54:06 am,0,805.99,-0.074
1/29/2020,11:24:06 am,0,806.00,-0.078
1/29/2020,11:54:06 am,0,805.90,-0.080
1/29/2020,12:24:06 pm,0,805.67,-0.082
1/29/2020,12:54:06 pm,0,805.33,-0.086
1/29/2020,01:24:06 pm,0,805.02,-0.088
1/29/2020,01:54:06 pm,0,804.75,-0.091
1/29/2020,02:24:06 pm,0,804.85,-0.093
1/29/2020,02:54:06 pm,0,805.24,-0.093
1/29/2020,03:24:06 pm,0,805.20,-0.094
1/29/2020,03:54:06 pm,0,805.28,-0.094
1/29/2020,04:24:06 pm,0,805.28,-0.095
1/29/2020,04:54:06 pm,0,805.60,-0.097
1/29/2020,05:24:06 pm,0,805.80,-0.099
1/29/2020,05:54:06 pm,0,805.85,-0.100
1/29/2020,06:24:06 pm,0,805.84,-0.096
1/29/2020,06:54:06 pm,0,805.64,-0.091
1/29/2020,07:24:06 pm,0,805.71,-0.083
1/29/2020,07:54:06 pm,0,805.82,-0.074
1/29/2020,08:24:06 pm,0,805.72,-0.063
1/29/2020,08:54:06 pm,0,805.39,-0.043
1/29/2020,09:24:06 pm,0,805.12,-0.018
1/29/2020,09:54:06 pm,0,805.06,-0.008
1/29/2020,10:24:06 pm,0,805.51,-0.003
1/29/2020,10:54:06 pm,0,805.83,0.003
1/29/2020,11:24:06 pm,0,805.85,0.005
1/29/2020,11:54:06 pm,0,805.78,0.005
1/30/2020,12:24:06 am,0,805.89,0.003
1/30/2020,12:54:06 am,0,806.09,0.000
1/30/2020,01:24:06 am,0,806.21,-0.003
1/30/2020,01:54:06 am,0,806.54,-0.005
1/30/2020,02:24:06 am,0,806.86,-0.010
1/30/2020,02:54:06 am,0,806.95,-0.015
1/30/2020,03:24:06 am,0,807.07,-0.021
1/30/2020,03:54:06 am,0,807.15,-0.031
1/30/2020,04:24:06 am,0,806.97,-0.039
1/30/2020,04:54:06 am,0,807.35,-0.043
1/30/2020,05:24:06 am,0,807.29,-0.047
1/30/2020,05:54:06 am,0,807.02,-0.047
1/30/2020,06:24:06 am,0,806.96,-0.047
1/30/2020,06:54:06 am,0,807.09,-0.046
1/30/2020,07:24:06 am,0,807.31,-0.046
1/30/2020,07:54:06 am,0,807.52,-0.046
1/30/2020,08:24:06 am,0,807.29,-0.045
1/30/2020,08:54:06 am,0,807.22,-0.045
1/30/2020,09:24:06 am,0,807.43,-0.044
1/30/2020,09:54:06 am,0,807.37,-0.043
1/30/2020,10:24:06 am,0,807.05,-0.042
1/30/2020,10:54:06 am,0,807.12,-0.042
1/30/2020,11:24:06 am,0,806.88,-0.042
1/30/2020,11:54:06 am,0,806.90,-0.042
1/30/2020,12:24:06 pm,0,807.00,-0.041
1/30/2020,12:54:06 pm,0,806.68,-0.039
1/30/2020,01:24:06 pm,0,806.56,-0.038
1/30/2020,01:54:06 pm,0,806.57,-0.036
1/30/2020,02:24:06 pm,0,806.68,-0.034
1/30/2020,02:54:06 pm,0,806.85,-0.032
1/30/2020,03:24:06 pm,0,807.00,-0.031
1/30/2020,03:54:06 pm,0,807.02,-0.029
1/30/2020,04:24:06 pm,0,807.38,-0.027
1/30/2020,04:54:06 pm,0,807.69,-0.026
1/30/2020,05:24:06 pm,0,807.68,-0.024
1/30/2020,05:54:06 pm,0,807.47,-0.025
1/30/2020,06:24:06 pm,0,807.62,-0.022
1/30/2020,06:54:06 pm,0,807.55,-0.021
1/30/2020,07:24:06 pm,0,807.65,-0.017
1/30/2020,07:54:06 pm,0,807.72,-0.012
1/30/2020,08:24:06 pm,0,807.48,-0.004
1/30/2020,08:54:06 pm,0,807.09,0.016
1/30/2020,09:24:06 pm,0,807.07,0.040
1/30/2020,09:54:06 pm,0,807.23,0.045
1/30/2020,10:24:06 pm,0,807.23,0.052
1/30/2020,10:54:06 pm,0,807.39,0.066
1/30/2020,11:24:06 pm,0,807.49,0.070
1/30/2020,11:54:06 pm,0,807.84,0.058
1/31/2020,12:24:06 am,0,808.08,0.040
1/31/2020,12:54:06 am,0,808.52,0.025
1/31/2020,01:24:06 am,0,809.01,0.015
1/31/2020,01:54:06 am,0,809.29,0.008
1/31/2020,02:24:06 am,0,809.29,0.003
1/31/2020,02:54:06 am,0,809.59,-0.002
1/31/2020,03:24:06 am,0,809.59,-0.006
1/31/2020,03:54:06 am,0,809.81,-0.012
1/31/2020,04:24:06 am,0,810.13,-0.017
1/31/2020,04:54:06 am,0,810.30,-0.026
1/31/2020,05:24:06 am,0,810.66,-0.034
1/31/2020,05:54:06 am,0,810.44,-0.036
1/31/2020,06:24:06 am,0,810.55,-0.037
1/31/2020,06:54:06 am,0,810.49,-0.036
1/31/2020,07:24:06 am,0,810.83,-0.036
1/31/2020,07:54:06 am,0,810.98,-0.036
1/31/2020,08:24:06 am,0,811.10,-0.036
1/31/2020,08:54:06 am,0,811.26,-0.035
1/31/2020,09:24:06 am,0,811.34,-0.034
1/31/2020,09:54:06 am,0,811.54,-0.034
1/31/2020,10:24:06 am,0,811.66,-0.034
1/31/2020,10:54:06 am,0,811.60,-0.034
1/31/2020,11:24:06 am,0,811.56,-0.034
1/31/2020,11:54:06 am,0,811.80,-0.033
1/31/2020,12:24:06 pm,0,812.05,-0.034
1/31/2020,12:54:06 pm,0,812.19,-0.034
1/31/2020,01:24:06 pm,0,812.13,-0.034
1/31/2020,01:54:06 pm,0,812.34,-0.033
1/31/2020,02:24:06 pm,0,812.47,-0.033
1/31/2020,02:54:06 pm,0,812.48,-0.033
1/31/2020,03:24:06 pm,0,812.51,-0.035
1/31/2020,03:54:06 pm,0,812.67,-0.034
1/31/2020,04:24:06 pm,0,812.91,-0.033
1/31/2020,04:54:06 pm,0,813.03,-0.032
1/31/2020,05:24:06 pm,0,813.13,-0.032
1/31/2020,05:54:06 pm,0,813.41,-0.030
1/31/2020,06:24:06 pm,0,813.71,-0.026
1/31/2020,06:54:06 pm,0,813.95,-0.030
1/31/2020,07:24:06 pm,0,813.90,-0.031
1/31/2020,07:54:06 pm,0,813.63,-0.026
1/31/2020,08:24:06 pm,0,813.38,-0.018
1/31/2020,08:54:06 pm,0,813.27,0.006
1/31/2020,09:24:06 pm,0,813.14,0.027
1/31/2020,09:54:06 pm,0,813.34,0.042
1/31/2020,10:24:06 pm,0,813.53,0.056
1/31/2020,10:54:06 pm,0,813.65,0.071
1/31/2020,11:24:06 pm,0,813.80,0.076
1/31/2020,11:54:06 pm,0,813.88,0.052
2/1/2020,12:24:06 am,0,814.01,0.029
2/1/2020,12:54:06 am,0,814.37,0.009
2/1/2020,01:24:06 am,0,814.76,-0.004
2/1/2020,01:54:06 am,0,815.06,-0.014
2/1/2020,02:24:06 am,0,815.25,-0.018
2/1/2020,02:54:06 am,0,815.39,-0.020
2/1/2020,03:24:06 am,0,815.53,-0.023
2/1/2020,03:54:06 am,0,815.62,-0.025
2/1/2020,04:24:06 am,0,815.77,-0.025
2/1/2020,04:54:06 am,0,815.91,-0.027
2/1/2020,05:24:06 am,0,815.98,-0.029
2/1/2020,05:54:06 am,0,815.96,-0.030
2/1/2020,06:24:06 am,0,815.98,-0.030
2/1/2020,06:54:06 am,0,816.11,-0.033
2/1/2020,07:24:06 am,0,816.11,-0.035
2/1/2020,07:54:06 am,0,815.97,-0.040
2/1/2020,08:24:06 am,0,815.74,-0.043
2/1/2020,08:54:06 am,0,815.61,-0.044
2/1/2020,09:24:06 am,0,815.62,-0.044
2/1/2020,09:54:06 am,0,815.71,-0.043
2/1/2020,10:24:06 am,0,815.57,-0.044
2/1/2020,10:54:06 am,0,815.42,-0.044
2/1/2020,11:24:06 am,0,815.25,-0.042
2/1/2020,11:54:06 am,0,815.22,-0.043
2/1/2020,12:24:06 pm,0,815.20,-0.042
2/1/2020,12:54:06 pm,0,815.23,-0.041
2/1/2020,01:24:06 pm,0,815.15,-0.043
2/1/2020,01:54:06 pm,0,815.25,-0.043
2/1/2020,02:24:06 pm,0,815.35,-0.043
2/1/2020,02:54:06 pm,0,815.52,-0.044
2/1/2020,03:24:06 pm,0,815.80,-0.043
2/1/2020,03:54:06 pm,0,815.76,-0.043
2/1/2020,04:24:06 pm,0,815.79,-0.044
2/1/2020,04:54:06 pm,0,815.73,-0.045
2/1/2020,05:24:06 pm,0,815.62,-0.042
2/1/2020,05:54:06 pm,0,815.58,-0.041
2/1/2020,06:24:06 pm,0,815.53,-0.040
2/1/2020,06:54:06 pm,0,815.57,-0.042
2/1/2020,07:24:06 pm,0,815.33,-0.057
2/1/2020,07:54:06 pm,0,814.96,-0.069
2/1/2020,08:24:06 pm,0,814.60,-0.069
2/1/2020,08:54:06 pm,0,814.14,-0.039
2/1/2020,09:24:06 pm,0,813.76,-0.007
2/1/2020,09:54:06 pm,0,813.70,-0.006
2/1/2020,10:24:06 pm,0,813.56,-0.007
2/1/2020,10:54:06 pm,0,813.35,0.006
2/1/2020,11:24:06 pm,0,813.27,0.012
2/1/2020,11:54:06 pm,0,812.97,0.002
2/2/2020,12:24:06 am,0,812.82,-0.010
2/2/2020,12:54:06 am,0,812.58,-0.029
2/2/2020,01:24:06 am,0,812.50,-0.045
2/2/2020,01:54:06 am,0,812.51,-0.051
2/2/2020,02:24:06 am,0,812.46,-0.052
2/2/2020,02:54:06 am,0,812.53,-0.061
2/2/2020,03:24:06 am,0,812.53,-0.084
2/2/2020,03:54:06 am,0,812.47,-0.096
2/2/2020,04:24:06 am,0,812.25,-0.101
2/2/2020,04:54:06 am,0,812.15,-0.104
2/2/2020,05:24:06 am,0,811.85,-0.101
2/2/2020,05:54:06 am,0,811.69,-0.101
2/2/2020,06:24:06 am,0,811.42,-0.098
2/2/2020,06:54:06 am,0,811.05,-0.100
2/2/2020,07:24:06 am,0,810.72,-0.105
2/2/2020,07:54:06 am,0,810.33,-0.105
2/2/2020,08:24:06 am,0,809.87,-0.104
2/2/2020,08:54:06 am,0,809.45,-0.102
2/2/2020,09:24:06 am,0,809.03,-0.098
2/2/2020,09:54:06 am,0,808.61,-0.096
2/2/2020,10:24:06 am,0,808.17,-0.093
2/2/2020,10:54:06 am,0,807.57,-0.091
2/2/2020,11:24:06 am,0,806.92,-0.088
2/2/2020,11:54:06 am,0,806.94,-0.087
2/2/2020,12:24:06 pm,0,806.85,-0.124
2/2/2020,12:54:06 pm,0,806.71,-0.158
2/2/2020,01:24:06 pm,0,806.44,-0.169
2/2/2020,01:54:06 pm,0,806.36,-0.173
2/2/2020,02:24:06 pm,0,806.11,-0.175
2/2/2020,02:54:06 pm,0,805.82,-0.183
2/2/2020,03:24:06 pm,0,805.23,-0.188
2/2/2020,03:54:06 pm,0,805.29,-0.190
2/2/2020,04:24:06 pm,0,804.95,-0.188
2/2/2020,04:54:06 pm,0,804.67,-0.187
2/2/2020,05:24:06 pm,0,804.28,-0.183
2/2/2020,05:54:06 pm,0,803.77,-0.181
2/2/2020,06:24:06 pm,0,803.17,-0.174
2/2/2020,06:54:06 pm,0,802.64,-0.169
2/2/2020,07:24:06 pm,0,801.69,-0.163
2/2/2020,07:54:06 pm,0,800.97,-0.154
2/2/2020,08:24:06 pm,0,799.38,-0.145
2/2/2020,08:54:06 pm,0,798.93,-0.135
2/2/2020,09:24:06 pm,0,798.68,-0.136
2/2/2020,09:54:06 pm,0,797.44,-0.137
2/2/2020,10:24:06 pm,0,797.24,-0.138
2/2/2020,10:54:06 pm,0,796.84,-0.137
2/2/2020,11:24:06 pm,0,796.84,-0.136
2/2/2020,11:54:06 pm,0,796.11,-0.135
2/3/2020,12:24:06 am,0,795.24,-0.135
2/3/2020,12:54:06 am,0,795.18,-0.138
2/3/2020,01:24:06 am,0,795.53,-0.139
2/3/2020,01:54:06 am,0,796.10,-0.141
2/3/2020,02:24:06 am,0,796.30,-0.143
2/3/2020,02:54:06 am,0,796.29,-0.143
2/3/2020,03:24:06 am,0,796.30,-0.144
2/3/2020,03:54:06 am,0,796.08,-0.146
2/3/2020,04:24:06 am,0,796.11,-0.146
2/3/2020,04:54:06 am,0,796.14,-0.145
2/3/2020,05:24:06 am,0,796.02,-0.144
2/3/2020,05:54:06 am,0,796.28,-0.143
2/3/2020,06:24:06 am,0,796.39,-0.143
2/3/2020,06:54:06 am,0,796.75,-0.142
2/3/2020,07:24:06 am,0,796.72,-0.143
2/3/2020,07:54:06 am,0,796.70,-0.144
2/3/2020,08:24:06 am,0,796.63,-0.145
2/3/2020,08:54:06 am,0,796.60,-0.146
2/3/2020,09:24:06 am,0,796.31,-0.148
2/3/2020,09:54:06 am,0,796.47,-0.149
2/3/2020,10:24:06 am,0,796.36,-0.149
2/3/2020,10:54:06 am,0,796.33,-0.150
2/3/2020,11:24:06 am,0,796.38,-0.151
2/3/2020,11:54:06 am,0,796.31,-0.152
2/3/2020,12:24:06 pm,0,796.21,-0.153
2/3/2020,12:54:06 pm,0,796.17,-0.155
2/3/2020,01:24:06 pm,0,795.89,-0.156
2/3/2020,01:54:06 pm,0,796.00,-0.157
2/3/2020,02:24:06 pm,0,795.85,-0.159
2/3/2020,02:54:06 pm,0,795.70,-0.157
2/3/2020,03:24:06 pm,0,795.78,-0.156
2/3/2020,03:54:06 pm,0,795.54,-0.158
2/3/2020,04:24:06 pm,0,796.00,-0.156
2/3/2020,04:54:06 pm,0,795.82,-0.155
2/3/2020,05:24:06 pm,0,796.04,-0.153
2/3/2020,05:54:06 pm,0,796.43,-0.149
2/3/2020,06:24:06 pm,0,796.62,-0.145
2/3/2020,06:54:06 pm,0,796.74,-0.141
2/3/2020,07:24:06 pm,0,796.84,-0.138
2/3/2020,07:54:06 pm,0,796.71,-0.134
2/3/2020,08:24:06 pm,0,796.83,-0.130
2/3/2020,08:54:06 pm,0,796.58,-0.118
2/3/2020,09:24:06 pm,0,796.62,-0.100
2/3/2020,09:54:06 pm,0,796.59,-0.097
2/3/2020,10:24:06 pm,0,796.60,-0.092
2/3/2020,10:54:06 pm,0,796.85,-0.084
2/3/2020,11:24:06 pm,0,797.17,-0.085
2/3/2020,11:54:06 pm,0,797.44,-0.093
2/4/2020,12:24:06 am,0,797.46,-0.100
2/4/2020,12:54:06 am,0,797.61,-0.104
2/4/2020,01:24:06 am,0,797.79,-0.109
2/4/2020,01:54:06 am,0,797.67,-0.113
2/4/2020,02:24:06 am,0,797.69,-0.116
2/4/2020,02:54:06 am,0,797.66,-0.119
2/4/2020,03:24:06 am,0,798.17,-0.120
2/4/2020,03:54:06 am,0,798.15,-0.122
2/4/2020,04:24:06 am,0,797.95,-0.122
2/4/2020,04:54:06 am,0,798.26,-0.123
2/4/2020,05:24:06 am,0,798.49,-0.124
2/4/2020,05:54:06 am,0,798.56,-0.125
2/4/2020,06:24:06 am,0,798.67,-0.125
2/4/2020,06:54:06 am,0,799.12,-0.125
2/4/2020,07:24:06 am,0,799.04,-0.126
2/4/2020,07:54:06 am,0,798.96,-0.127
2/4/2020,08:24:06 am,0,799.16,-0.128
2/4/2020,08:54:06 am,0,799.15,-0.130
2/4/2020,09:24:06 am,0,798.97,-0.130
2/4/2020,09:54:06 am,0,798.77,-0.130
2/4/2020,10:24:06 am,0,798.81,-0.131
2/4/2020,10:54:06 am,0,799.21,-0.129
2/4/2020,11:24:06 am,0,799.20,-0.128
2/4/2020,11:54:06 am,0,799.02,-0.128
2/4/2020,12:24:06 pm,0,799.17,-0.126
2/4/2020,12:54:06 pm,0,799.48,-0.125
2/4/2020,01:24:06 pm,0,799.32,-0.123
2/4/2020,01:54:06 pm,0,799.63,-0.124
2/4/2020,02:24:06 pm,0,799.52,-0.123
2/4/2020,02:54:06 pm,0,799.59,-0.125
2/4/2020,03:24:06 pm,0,799.48,-0.124
2/4/2020,03:54:06 pm,0,800.13,-0.125
2/4/2020,04:24:06 pm,0,800.37,-0.125
2/4/2020,04:54:06 pm,0,800.50,-0.124
2/4/2020,05:24:06 pm,0,800.44,-0.123
2/4/2020,05:54:06 pm,0,800.95,-0.122
2/4/2020,06:24:06 pm,0,801.29,-0.119
2/4/2020,06:54:06 pm,0,801.76,-0.115
2/4/2020,07:24:06 pm,0,801.90,-0.111
2/4/2020,07:54:06 pm,0,801.96,-0.107
2/4/2020,08:24:06 pm,0,802.18,-0.100
2/4/2020,08:54:06 pm,0,801.78,-0.080
2/4/2020,09:24:06 pm,0,801.69,-0.059
2/4/2020,09:54:06 pm,0,801.69,-0.054
2/4/2020,10:24:06 pm,0,801.65,-0.052
2/4/2020,10:54:06 pm,0,801.70,-0.042
2/4/2020,11:24:06 pm,0,801.81,-0.038
2/4/2020,11:54:06 pm,0,801.95,-0.043
2/5/2020,12:24:06 am,0,802.17,-0.051
2/5/2020,12:54:06 am,0,802.18,-0.057
2/5/2020,01:24:06 am,0,802.21,-0.062
2/5/2020,01:54:06 am,0,802.46,-0.066
2/5/2020,02:24:06 am,0,802.47,-0.072
2/5/2020,02:54:06 am,0,802.81,-0.074
2/5/2020,03:24:06 am,0,802.67,-0.077
2/5/2020,03:54:06 am,0,802.83,-0.079
2/5/2020,04:24:06 am,0,803.39,-0.081
2/5/2020,04:54:06 am,0,803.70,-0.081
2/5/2020,05:24:06 am,0,803.99,-0.081
2/5/2020,05:54:06 am,0,804.23,-0.082
2/5/2020,06:24:06 am,0,804.19,-0.082
2/5/2020,06:54:06 am,0,804.51,-0.081
2/5/2020,07:24:06 am,0,804.21,-0.082
2/5/2020,07:54:06 am,0,804.31,-0.084
2/5/2020,08:24:06 am,0,804.03,-0.085
2/5/2020,08:54:06 am,0,803.71,-0.086
2/5/2020,09:24:06 am,0,804.04,-0.086
2/5/2020,09:54:06 am,0,804.16,-0.087
2/5/2020,10:24:06 am,0,804.14,-0.087
2/5/2020,10:54:06 am,0,804.32,-0.088
2/5/2020,11:24:06 am,0,804.29,-0.090
2/5/2020,11:54:06 am,0,803.94,-0.090
2/5/2020,12:24:06 pm,0,804.36,-0.092
2/5/2020,12:54:06 pm,0,804.41,-0.091
2/5/2020,01:24:06 pm,0,804.67,-0.092
2/5/2020,01:54:06 pm,0,804.87,-0.094
2/5/2020,02:24:06 pm,0,804.98,-0.093
2/5/2020,02:54:06 pm,0,804.94,-0.093
2/5/2020,03:24:06 pm,0,804.84,-0.092
2/5/2020,03:54:06 pm,0,805.58,-0.092
2/5/2020,04:24:06 pm,0,805.76,-0.092
2/5/2020,04:54:06 pm,0,805.61,-0.090
2/5/2020,05:24:06 pm,0,805.68,-0.086
2/5/2020,05:54:06 pm,0,805.84,-0.082
2/5/2020,06:24:06 pm,0,805.75,-0.076
2/5/2020,06:54:06 pm,0,806.12,-0.072
2/5/2020,07:24:06 pm,0,806.00,-0.067
2/5/2020,07:54:06 pm,0,805.89,-0.062
2/5/2020,08:24:06 pm,0,805.86,-0.055
2/5/2020,08:54:06 pm,0,805.63,-0.039
2/5/2020,09:24:06 pm,0,805.23,-0.018
2/5/2020,09:54:06 pm,0,805.45,-0.011
2/5/2020,10:24:06 pm,0,805.41,-0.013
2/5/2020,10:54:06 pm,0,805.42,0.002
2/5/2020,11:24:06 pm,0,805.27,0.009
2/5/2020,11:54:06 pm,0,805.10,0.005
2/6/2020,12:24:06 am,0,805.16,-0.002
2/6/2020,12:54:06 am,0,805.20,-0.008
2/6/2020,01:24:06 am,0,805.60,-0.014
2/6/2020,01:54:06 am,0,805.99,-0.021
2/6/2020,02:24:06 am,0,806.40,-0.028
2/6/2020,02:54:06 am,0,806.58,-0.032
2/6/2020,03:24:06 am,0,806.57,-0.036
2/6/2020,03:54:06 am,0,806.64,-0.039
2/6/2020,04:24:06 am,0,806.73,-0.043
2/6/2020,04:54:06 am,0,807.04,-0.046
2/6/2020,05:24:06 am,0,807.08,-0.048
2/6/2020,05:54:06 am,0,806.91,-0.049
2/6/2020,06:24:06 am,0,807.07,-0.048
2/6/2020,06:54:06 am,0,806.86,-0.048
2/6/2020,07:24:06 am,0,806.55,-0.048
2/6/2020,07:54:06 am,0,806.54,-0.047
2/6/2020,08:24:06 am,0,806.54,-0.049
2/6/2020,08:54:06 am,0,806.42,-0.049
2/6/2020,09:24:06 am,0,806.52,-0.046
2/6/2020,09:54:06 am,0,806.58,-0.047
2/6/2020,10:24:06 am,0,806.25,-0.046
2/6/2020,10:54:06 am,0,806.21,-0.045
2/6/2020,11:24:06 am,0,806.31,-0.045
2/6/2020,11:54:06 am,0,806.26,-0.046
2/6/2020,12:24:06 pm,0,806.16,-0.047
2/6/2020,12:54:06 pm,0,806.26,-0.047
2/6/2020,01:24:06 pm,0,806.31,-0.047
2/6/2020,01:54:06 pm,0,806.58,-0.048
2/6/2020,02:24:06 pm,0,806.89,-0.050
2/6/2020,02:54:06 pm,0,806.95,-0.054
2/6/2020,03:24:06 pm,0,807.25,-0.057
2/6/2020,03:54:06 pm,0,807.23,-0.058
2/6/2020,04:24:06 pm,0,807.17,-0.059
2/6/2020,04:54:06 pm,0,807.12,-0.059
2/6/2020,05:24:06 pm,0,807.20,-0.058
2/6/2020,05:54:06 pm,0,807.33,-0.057
2/6/2020,06:24:06 pm,0,807.17,-0.055
2/6/2020,06:54:06 pm,0,807.09,-0.052
2/6/2020,07:24:06 pm,0,806.88,-0.047
2/6/2020,07:54:06 pm,0,806.66,-0.042
2/6/2020,08:24:06 pm,0,806.23,-0.030
2/6/2020,08:54:06 pm,0,806.04,0.006
2/6/2020,09:24:06 pm,0,805.86,0.048
2/6/2020,09:54:06 pm,0,805.58,0.047
2/6/2020,10:24:06 pm,0,805.55,0.040
2/6/2020,10:54:06 pm,0,805.54,0.060
2/6/2020,11:24:06 pm,0,805.84,0.068
2/6/2020,11:54:06 pm,0,805.84,0.048
2/7/2020,12:24:06 am,0,805.79,0.024
2/7/2020,12:54:06 am,0,805.76,0.006
2/7/2020,01:24:06 am,0,806.02,-0.005
2/7/2020,01:54:06 am,0,806.11,-0.012
2/7/2020,02:24:06 am,0,806.23,-0.019
2/7/2020,02:54:06 am,0,806.28,-0.023
2/7/2020,03:24:06 am,0,806.34,-0.026
2/7/2020,03:54:06 am,0,806.67,-0.029
2/7/2020,04:24:06 am,0,806.78,-0.034
2/7/2020,04:54:06 am,0,807.01,-0.039
2/7/2020,05:24:06 am,0,806.99,-0.044
2/7/2020,05:54:06 am,0,807.01,-0.047
2/7/2020,06:24:06 am,0,807.09,-0.049
2/7/2020,06:54:06 am,0,807.16,-0.049
2/7/2020,07:24:06 am,0,807.31,-0.049
2/7/2020,07:54:06 am,0,807.13,-0.050
2/7/2020,08:24:06 am,0,806.92,-0.050
2/7/2020,08:54:06 am,0,806.97,-0.051
2/7/2020,09:24:06 am,0,807.07,-0.052
2/7/2020,09:54:06 am,0,807.09,-0.053
2/7/2020,10:24:06 am,0,807.21,-0.054
2/7/2020,10:54:06 am,0,807.05,-0.054
2/7/2020,11:24:06 am,0,807.06,-0.055
2/7/2020,11:54:06 am,0,807.04,-0.056
2/7/2020,12:24:06 pm,0,807.04,-0.057
2/7/2020,12:54:06 pm,0,807.03,-0.058
2/7/2020,01:24:06 pm,0,807.19,-0.060
2/7/2020,01:54:06 pm,0,807.18,-0.063
2/7/2020,02:24:06 pm,0,807.30,-0.064
2/7/2020,02:54:06 pm,0,807.51,-0.067
2/7/2020,03:24:06 pm,0,807.68,-0.070
2/7/2020,03:54:06 pm,0,807.95,-0.072
2/7/2020,04:24:06 pm,0,808.01,-0.077
2/7/2020,04:54:06 pm,0,808.14,-0.081
2/7/2020,05:24:06 pm,0,808.16,-0.081
2/7/2020,05:54:06 pm,0,808.17,-0.082
2/7/2020,06:24:06 pm,0,808.09,-0.080
2/7/2020,06:54:06 pm,0,807.90,-0.076
2/7/2020,07:24:06 pm,0,807.67,-0.070
2/7/2020,07:54:06 pm,0,807.48,-0.063
2/7/2020,08:24:06 pm,0,807.30,-0.045
2/7/2020,08:54:06 pm,0,807.07,-0.003
2/7/2020,09:24:06 pm,0,806.64,0.045
2/7/2020,09:54:06 pm,0,806.53,0.040
2/7/2020,10:24:06 pm,0,806.65,0.039
2/7/2020,10:54:06 pm,0,806.61,0.064
2/7/2020,11:24:06 pm,0,806.65,0.068
2/7/2020,11:54:06 pm,0,806.69,0.053
2/8/2020,12:24:06 am,0,806.81,0.032
2/8/2020,12:54:06 am,0,806.93,0.015
2/8/2020,01:24:06 am,0,807.05,0.003
2/8/2020,01:54:06 am,0,807.41,-0.008
2/8/2020,02:24:06 am,0,807.77,-0.022
2/8/2020,02:54:06 am,0,807.80,-0.029
2/8/2020,03:24:06 am,0,807.83,-0.034
2/8/2020,03:54:06 am,0,807.82,-0.040
2/8/2020,04:24:06 am,0,807.92,-0.043
2/8/2020,04:54:06 am,0,807.91,-0.049
2/8/2020,05:24:06 am,0,807.82,-0.051
2/8/2020,05:54:06 am,0,807.75,-0.051
2/8/2020,06:24:06 am,0,807.59,-0.049
2/8/2020,06:54:06 am,0,807.55,-0.050
2/8/2020,07:24:06 am,0,807.40,-0.049
2/8/2020,07:54:06 am,0,807.29,-0.048
2/8/2020,08:24:06 am,0,807.05,-0.047
2/8/2020,08:54:06 am,0,806.89,-0.048
2/8/2020,09:24:06 am,0,806.73,-0.048
2/8/2020,09:54:06 am,0,806.45,-0.051
2/8/2020,10:24:06 am,0,806.22,-0.049
2/8/2020,10:54:06 am,0,805.96,-0.050
2/8/2020,11:24:06 am,0,805.55,-0.051
2/8/2020,11:54:06 am,0,805.57,-0.052
2/8/2020,12:24:06 pm,0,806.02,-0.056
2/8/2020,12:54:06 pm,0,806.26,-0.081
2/8/2020,01:24:06 pm,0,806.50,-0.104
2/8/2020,01:54:06 pm,0,806.46,-0.123
2/8/2020,02:24:06 pm,0,806.40,-0.132
2/8/2020,02:54:06 pm,0,806.37,-0.136
2/8/2020,03:24:06 pm,0,806.26,-0.138
2/8/2020,03:54:06 pm,0,806.32,-0.137
2/8/2020,04:24:06 pm,0,806.19,-0.133
2/8/2020,04:54:06 pm,0,805.91,-0.129
2/8/2020,05:24:06 pm,0,805.70,-0.125
2/8/2020,05:54:06 pm,0,805.46,-0.122
2/8/2020,06:24:06 pm,0,805.28,-0.114
2/8/2020,06:54:06 pm,0,805.00,-0.107
2/8/2020,07:24:06 pm,0,804.70,-0.099
2/8/2020,07:54:06 pm,0,804.20,-0.090
2/8/2020,08:24:06 pm,0,803.71,-0.071
2/8/2020,08:54:06 pm,0,803.34,-0.030
2/8/2020,09:24:06 pm,0,802.94,0.018
2/8/2020,09:54:06 pm,0,802.98,0.014
2/8/2020,10:24:06 pm,0,802.68,0.011
2/8/2020,10:54:06 pm,0,802.43,0.031
2/8/2020,11:24:06 pm,0,802.33,0.035
2/8/2020,11:54:06 pm,0,801.95,0.017
2/9/2020,12:24:06 am,0,801.81,-0.002
2/9/2020,12:54:06 am,0,801.64,-0.019
2/9/2020,01:24:06 am,0,801.49,-0.028
2/9/2020,01:54:06 am,0,801.15,-0.036
2/9/2020,02:24:06 am,0,800.85,-0.044
2/9/2020,02:54:06 am,0,800.65,-0.054
2/9/2020,03:24:06 am,0,800.42,-0.057
2/9/2020,03:54:06 am,0,800.05,-0.058
2/9/2020,04:24:06 am,0,799.49,-0.059
2/9/2020,04:54:06 am,0,798.98,-0.059
2/9/2020,05:24:06 am,0,798.70,-0.060
2/9/2020,05:54:06 am,0,798.36,-0.060
2/9/2020,06:24:06 am,0,797.97,-0.060
2/9/2020,06:54:06 am,0,797.81,-0.060
2/9/2020,07:24:06 am,0,797.47,-0.061
2/9/2020,07:54:06 am,0,797.30,-0.061
2/9/2020,08:24:06 am,0,797.24,-0.060
2/9/2020,08:54:06 am,0,797.07,-0.061
2/9/2020,09:24:06 am,0,797.17,-0.061
2/9/2020,09:54:06 am,0,796.94,-0.062
2/9/2020,10:24:06 am,0,797.15,-0.069
2/9/2020,10:54:06 am,0,797.31,-0.078
2/9/2020,11:24:06 am,0,797.21,-0.082
2/9/2020,11:54:06 am,0,797.76,-0.087
2/9/2020,12:24:06 pm,0,797.85,-0.106
2/9/2020,12:54:06 pm,0,797.55,-0.115
2/9/2020,01:24:06 pm,0,797.36,-0.122
2/9/2020,01:54:06 pm,0,797.02,-0.125
2/9/2020,02:24:06 pm,0,797.40,-0.127
2/9/2020,02:54:06 pm,0,797.63,-0.127
2/9/2020,03:24:06 pm,0,797.61,-0.125
2/9/2020,03:54:06 pm,0,797.23,-0.123
2/9/2020,04:24:06 pm,0,797.53,-0.120
2/9/2020,04:54:06 pm,0,797.34,-0.116
2/9/2020,05:24:06 pm,0,797.49,-0.110
2/9/2020,05:54:06 pm,0,797.84,-0.104
2/9/2020,06:24:06 pm,0,798.41,-0.096
2/9/2020,06:54:06 pm,0,798.19,-0.090
2/9/2020,07:24:06 pm,0,798.10,-0.083
2/9/2020,07:54:06 pm,0,798.50,-0.074
2/9/2020,08:24:06 pm,0,798.24,-0.068
2/9/2020,08:54:06 pm,0,798.41,-0.063
2/9/2020,09:24:06 pm,0,798.16,-0.058
2/9/2020,09:54:06 pm,0,798.02,-0.058
2/9/2020,10:24:06 pm,0,798.08,-0.058
2/9/2020,10:54:06 pm,0,797.86,-0.057
2/9/2020,11:24:06 pm,0,797.71,-0.059
2/9/2020,11:54:06 pm,0,797.80,-0.063
2/10/2020,12:24:06 am,0,798.06,-0.063
2/10/2020,12:54:06 am,0,798.32,-0.065
2/10/2020,01:24:06 am,0,798.37,-0.068
2/10/2020,01:54:06 am,0,798.45,-0.069
2/10/2020,02:24:06 am,0,798.79,-0.072
2/10/2020,02:54:06 am,0,799.05,-0.074
2/10/2020,03:24:06 am,0,799.33,-0.076
2/10/2020,03:54:06 am,0,799.72,-0.075
2/10/2020,04:24:06 am,0,800.13,-0.076
2/10/2020,04:54:06 am,0,800.55,-0.077
2/10/2020,05:24:06 am,0,801.01,-0.079
2/10/2020,05:54:06 am,0,801.11,-0.080
2/10/2020,06:24:06 am,0,801.12,-0.081
2/10/2020,06:54:06 am,0,800.81,-0.082
2/10/2020,07:24:06 am,0,800.89,-0.084
2/10/2020,07:54:06 am,0,800.94,-0.084
2/10/2020,08:24:06 am,0,800.73,-0.083
2/10/2020,08:54:06 am,0,801.13,-0.083
2/10/2020,09:24:06 am,0,801.27,-0.084
2/10/2020,09:54:06 am,0,801.47,-0.085
2/10/2020,10:24:06 am,0,801.42,-0.085
2/10/2020,10:54:06 am,0,801.55,-0.086
2/10/2020,11:24:06 am,0,801.50,-0.087
2/10/2020,11:54:06 am,0,801.56,-0.087
2/10/2020,12:24:06 pm,0,801.67,-0.087
2/10/2020,12:54:06 pm,0,801.62,-0.089
2/10/2020,01:24:06 pm,0,801.65,-0.087
2/10/2020,01:54:06 pm,0,801.69,-0.087
2/10/2020,02:24:06 pm,0,801.79,-0.089
2/10/2020,02:54:06 pm,0,802.14,-0.089
2/10/2020,03:24:06 pm,0,802.46,-0.089
2/10/2020,03:54:06 pm,0,802.98,-0.089
2/10/2020,04:24:06 pm,0,803.34,-0.090
2/10/2020,04:54:06 pm,0,803.34,-0.089
2/10/2020,05:24:06 pm,0,803.62,-0.088
2/10/2020,05:54:06 pm,0,803.59,-0.086
2/10/2020,06:24:06 pm,0,803.63,-0.081
2/10/2020,06:54:06 pm,0,803.62,-0.079
2/10/2020,07:24:06 pm,0,803.55,-0.075
2/10/2020,07:54:06 pm,0,803.40,-0.069
2/10/2020,08:24:06 pm,0,803.30,-0.058
2/10/2020,08:54:06 pm,0,803.24,-0.030
2/10/2020,09:24:06 pm,0,803.17,-0.005
2/10/2020,09:54:06 pm,0,803.07,0.003
2/10/2020,10:24:06 pm,0,803.05,0.007
2/10/2020,10:54:06 pm,0,803.02,0.035
2/10/2020,11:24:06 pm,0,803.03,0.045
2/10/2020,11:54:06 pm,0,803.13,0.033
2/11/2020,12:24:06 am,0,803.25,0.015
2/11/2020,12:54:06 am,0,803.58,0.004
2/11/2020,01:24:06 am,0,803.75,-0.006
2/11/2020,01:54:06 am,0,803.82,-0.013
2/11/2020,02:24:06 am,0,804.01,-0.020
2/11/2020,02:54:06 am,0,803.81,-0.028
2/11/2020,03:24:06 am,0,804.51,-0.032
2/11/2020,03:54:06 am,0,804.81,-0.036
2/11/2020,04:24:06 am,0,805.10,-0.038
2/11/2020,04:54:06 am,0,805.30,-0.043
2/11/2020,05:24:06 am,0,805.48,-0.045
2/11/2020,05:54:06 am,0,805.57,-0.048
2/11/2020,06:24:06 am,0,805.75,-0.050
2/11/2020,06:54:06 am,0,805.60,-0.052
2/11/2020,07:24:06 am,0,805.49,-0.054
2/11/2020,07:54:06 am,0,805.47,-0.055
2/11/2020,08:24:06 am,0,805.35,-0.056
2/11/2020,08:54:06 am,0,805.23,-0.057
2/11/2020,09:24:06 am,0,805.21,-0.059
2/11/2020,09:54:06 am,0,805.07,-0.059
2/11/2020,10:24:06 am,0,804.88,-0.060
2/11/2020,10:54:06 am,0,804.81,-0.063
2/11/2020,11:24:06 am,0,804.60,-0.063
2/11/2020,11:54:06 am,0,804.62,-0.065
2/11/2020,12:24:06 pm,0,804.65,-0.064
2/11/2020,12:54:06 pm,0,804.88,-0.064
2/11/2020,01:24:06 pm,0,804.71,-0.067
2/11/2020,01:54:06 pm,0,804.67,-0.068
2/11/2020,02:24:06 pm,0,804.68,-0.069
2/11/2020,02:54:06 pm,0,804.82,-0.070
2/11/2020,03:24:06 pm,0,804.60,-0.072
2/11/2020,03:54:06 pm,0,804.71,-0.073
2/11/2020,04:24:06 pm,0,804.64,-0.071
2/11/2020,04:54:06 pm,0,804.46,-0.070
2/11/2020,05:24:06 pm,0,804.68,-0.068
2/11/2020,05:54:06 pm,0,804.88,-0.066
2/11/2020,06:24:06 pm,0,805.19,-0.062
2/11/2020,06:54:06 pm,0,805.16,-0.058
2/11/2020,07:24:06 pm,0,805.05,-0.053
2/11/2020,07:54:06 pm,0,804.99,-0.048
2/11/2020,08:24:06 pm,0,804.89,-0.030
2/11/2020,08:54:06 pm,0,804.94,0.006
2/11/2020,09:24:06 pm,0,804.69,0.051
2/11/2020,09:54:06 pm,0,804.50,0.051
2/11/2020,10:24:06 pm,0,804.34,0.050
2/11/2020,10:54:06 pm,0,804.59,0.079
2/11/2020,11:24:06 pm,0,804.39,0.089
2/11/2020,11:54:06 pm,0,804.66,0.075
2/12/2020,12:24:06 am,0,804.81,0.054
2/12/2020,12:54:06 am,0,804.90,0.034
2/12/2020,01:24:06 am,0,804.91,0.020
2/12/2020,01:54:06 am,0,805.03,0.007
2/12/2020,02:24:06 am,0,805.17,-0.003
2/12/2020,02:54:06 am,0,805.43,-0.010
2/12/2020,03:24:06 am,0,805.42,-0.017
2/12/2020,03:54:06 am,0,805.63,-0.023
2/12/2020,04:24:06 am,0,805.57,-0.026
2/12/2020,04:54:06 am,0,805.59,-0.030
2/12/2020,05:24:06 am,0,805.84,-0.031
2/12/2020,05:54:06 am,0,805.72,-0.033
2/12/2020,06:24:06 am,0,805.81,-0.035
2/12/2020,06:54:06 am,0,805.52,-0.042
2/12/2020,07:24:06 am,0,805.54,-0.043
2/12/2020,07:54:06 am,0,805.33,-0.048
2/12/2020,08:24:06 am,0,805.00,-0.051
2/12/2020,08:54:06 am,0,804.93,-0.052
2/12/2020,09:24:06 am,0,804.73,-0.053
2/12/2020,09:54:06 am,0,804.65,-0.056
2/12/2020,10:24:06 am,0,804.52,-0.057
2/12/2020,10:54:06 am,0,804.42,-0.057
2/12/2020,11:24:06 am,0,804.15,-0.059
2/12/2020,11:54:06 am,0,804.04,-0.060
2/12/2020,12:24:06 pm,0,803.92,-0.061
2/12/2020,12:54:06 pm,0,803.74,-0.060
2/12/2020,01:24:06 pm,0,803.73,-0.062
2/12/2020,01:54:06 pm,0,803.94,-0.064
2/12/2020,02:24:06 pm,0,803.65,-0.065
2/12/2020,02:54:06 pm,0,803.55,-0.067
2/12/2020,03:24:06 pm,0,803.54,-0.069
2/12/2020,03:54:06 pm,0,803.83,-0.071
2/12/2020,04:24:06 pm,0,803.70,-0.073
2/12/2020,04:54:06 pm,0,803.85,-0.073
2/12/2020,05:24:06 pm,0,803.69,-0.073
2/12/2020,05:54:06 pm,0,803.77,-0.073
2/12/2020,06:24:06 pm,0,803.78,-0.072
2/12/2020,06:54:06 pm,0,803.69,-0.068
2/12/2020,07:24:06 pm,0,803.38,-0.063
2/12/2020,07:54:06 pm,0,803.11,-0.057
2/12/2020,08:24:06 pm,0,802.77,-0.026
2/12/2020,08:54:06 pm,0,802.69,0.023
2/12/2020,09:24:06 pm,0,802.52,0.063
2/12/2020,09:54:06 pm,0,802.55,0.055
2/12/2020,10:24:06 pm,0,802.48,0.048
2/12/2020,10:54:06 pm,0,802.48,0.079
2/12/2020,11:24:06 pm,0,802.65,0.085
2/12/2020,11:54:06 pm,0,802.76,0.062
2/13/2020,12:24:06 am,0,802.79,0.041
2/13/2020,12:54:06 am,0,802.81,0.026
2/13/2020,01:24:06 am,0,803.04,0.012
2/13/2020,01:54:06 am,0,803.21,0.001
2/13/2020,02:24:06 am,0,803.46,-0.008
2/13/2020,02:54:06 am,0,803.66,-0.017
2/13/2020,03:24:06 am,0,803.67,-0.022
2/13/2020,03:54:06 am,0,803.77,-0.026
2/13/2020,04:24:06 am,0,804.12,-0.031
2/13/2020,04:54:06 am,0,804.10,-0.036
2/13/2020,05:24:06 am,0,803.98,-0.039
2/13/2020,05:54:06 am,0,804.00,-0.044
2/13/2020,06:24:06 am,0,804.00,-0.045
2/13/2020,06:54:06 am,0,804.11,-0.049
2/13/2020,07:24:06 am,0,804.25,-0.051
2/13/2020,07:54:06 am,0,804.04,-0.052
2/13/2020,08:24:06 am,0,804.03,-0.054
2/13/2020,08:54:06 am,0,804.01,-0.055
2/13/2020,09:24:06 am,0,803.93,-0.055
2/13/2020,09:54:06 am,0,803.97,-0.057
2/13/2020,10:24:06 am,0,803.86,-0.060
2/13/2020,10:54:06 am,0,803.64,-0.064
2/13/2020,11:24:06 am,0,803.47,-0.066
2/13/2020,11:54:06 am,0,803.46,-0.068
2/13/2020,12:24:06 pm,0,803.51,-0.069
2/13/2020,12:54:06 pm,0,803.59,-0.073
2/13/2020,01:24:06 pm,0,803.60,-0.075
2/13/2020,01:54:06 pm,0,803.61,-0.076
2/13/2020,02:24:06 pm,0,803.99,-0.080
2/13/2020,02:54:06 pm,0,804.23,-0.084
2/13/2020,03:24:06 pm,0,804.57,-0.087
2/13/2020,03:54:06 pm,0,804.69,-0.091
2/13/2020,04:24:06 pm,0,804.65,-0.093
2/13/2020,04:54:06 pm,0,804.68,-0.094
2/13/2020,05:24:06 pm,0,804.52,-0.096
2/13/2020,05:54:06 pm,0,804.63,-0.096
2/13/2020,06:24:06 pm,0,804.69,-0.093
2/13/2020,06:54:06 pm,0,804.71,-0.090
2/13/2020,07:24:06 pm,0,804.64,-0.086
2/13/2020,07:54:06 pm,0,804.45,-0.079
2/13/2020,08:24:06 pm,0,804.07,-0.042
2/13/2020,08:54:06 pm,0,803.64,0.010
2/13/2020,09:24:06 pm,0,803.32,0.054
2/13/2020,09:54:06 pm,0,803.20,0.038
2/13/2020,10:24:06 pm,0,803.10,0.036
2/13/2020,10:54:06 pm,0,803.11,0.074
2/13/2020,11:24:06 pm,0,803.11,0.078
2/13/2020,11:54:06 pm,0,803.26,0.055
2/14/2020,12:24:06 am,0,803.29,0.032
2/14/2020,12:54:06 am,0,803.41,0.010
2/14/2020,01:24:06 am,0,803.58,0.002
2/14/2020,01:54:06 am,0,803.68,-0.007
2/14/2020,02:24:06 am,0,803.76,-0.017
2/14/2020,02:54:06 am,0,803.84,-0.029
2/14/2020,03:24:06 am,0,804.00,-0.038
2/14/2020,03:54:06 am,0,803.81,-0.044
2/14/2020,04:24:06 am,0,803.93,-0.051
2/14/2020,04:54:06 am,0,804.03,-0.053
2/14/2020,05:24:06 am,0,804.14,-0.053
2/14/2020,05:54:06 am,0,803.94,-0.051
2/14/2020,06:24:06 am,0,804.08,-0.053
2/14/2020,06:54:06 am,0,804.06,-0.054
2/14/2020,07:24:06 am,0,804.07,-0.055
2/14/2020,07:54:06 am,0,804.06,-0.056
2/14/2020,08:24:06 am,0,803.91,-0.058
2/14/2020,08:54:06 am,0,803.83,-0.059
2/14/2020,09:24:06 am,0,803.61,-0.060
2/14/2020,09:54:06 am,0,803.56,-0.063
2/14/2020,10:24:06 am,0,803.48,-0.064
2/14/2020,10:54:06 am,0,803.31,-0.062
2/14/2020,11:24:06 am,0,803.31,-0.064
2/14/2020,11:54:06 am,0,803.22,-0.066
2/14/2020,12:24:06 pm,0,803.34,-0.071
2/14/2020,12:54:06 pm,0,803.35,-0.072
2/14/2020,01:24:06 pm,0,803.53,-0.074
2/14/2020,01:54:06 pm,0,803.79,-0.083
2/14/2020,02:24:06 pm,0,803.85,-0.092
2/14/2020,02:54:06 pm,0,804.31,-0.099
2/14/2020,03:24:06 pm,0,804.35,-0.109
2/14/2020,03:54:06 pm,0,804.30,-0.119
2/14/2020,04:24:06 pm,0,804.50,-0.122
2/14/2020,04:54:06 pm,0,804.66,-0.124
2/14/2020,05:24:06 pm,0,804.54,-0.124
2/14/2020,05:54:06 pm,0,804.75,-0.122
2/14/2020,06:24:06 pm,0,804.84,-0.116
2/14/2020,06:54:06 pm,0,804.88,-0.112
2/14/2020,07:24:06 pm,0,804.93,-0.104
2/14/2020,07:54:06 pm,0,804.30,-0.093
2/14/2020,08:24:06 pm,0,803.92,-0.062
2/14/2020,08:54:06 pm,0,804.07,-0.028
2/14/2020,09:24:06 pm,0,803.96,-0.007
2/14/2020,09:54:06 pm,0,803.85,0.001
2/14/2020,10:24:06 pm,0,803.67,0.006
2/14/2020,10:54:06 pm,0,803.75,0.044
2/14/2020,11:24:06 pm,0,803.82,0.049
2/14/2020,11:54:06 pm,0,804.15,0.030
2/15/2020,12:24:06 am,0,804.52,0.012
2/15/2020,12:54:06 am,0,804.46,-0.001
2/15/2020,01:24:06 am,0,804.67,-0.014
2/15/2020,01:54:06 am,0,804.84,-0.026
2/15/2020,02:24:06 am,0,805.12,-0.033
2/15/2020,02:54:06 am,0,805.33,-0.038
2/15/2020,03:24:06 am,0,805.37,-0.044
2/15/2020,03:54:06 am,0,805.71,-0.050
2/15/2020,04:24:06 am,0,805.90,-0.051
2/15/2020,04:54:06 am,0,806.11,-0.053
2/15/2020,05:24:06 am,0,806.36,-0.055
2/15/2020,05:54:06 am,0,806.45,-0.057
2/15/2020,06:24:06 am,0,806.62,-0.058
2/15/2020,06:54:06 am,0,806.59,-0.060
2/15/2020,07:24:06 am,0,806.60,-0.060
2/15/2020,07:54:06 am,0,806.45,-0.061
2/15/2020,08:24:06 am,0,806.47,-0.062
2/15/2020,08:54:06 am,0,807.03,-0.064
2/15/2020,09:24:06 am,0,807.18,-0.066
2/15/2020,09:54:06 am,0,807.16,-0.067
2/15/2020,10:24:06 am,0,806.72,-0.067
2/15/2020,10:54:06 am,0,806.69,-0.070
2/15/2020,11:24:06 am,0,806.74,-0.075
2/15/2020,11:54:06 am,0,806.79,-0.079
2/15/2020,12:24:06 pm,0,806.89,-0.085
2/15/2020,12:54:06 pm,0,806.79,-0.090
2/15/2020,01:24:06 pm,0,807.15,-0.096
2/15/2020,01:54:06 pm,0,807.47,-0.097
2/15/2020,02:24:06 pm,0,807.61,-0.096
2/15/2020,02:54:06 pm,0,807.58,-0.096
2/15/2020,03:24:06 pm,0,807.90,-0.098
2/15/2020,03:54:06 pm,0,808.01,-0.102
2/15/2020,04:24:06 pm,0,808.14,-0.104
2/15/2020,04:54:06 pm,0,808.48,-0.100
2/15/2020,05:24:06 pm,0,808.34,-0.100
2/15/2020,05:54:06 pm,0,808.44,-0.102
2/15/2020,06:24:06 pm,0,808.36,-0.101
2/15/2020,06:54:06 pm,0,808.20,-0.095
2/15/2020,07:24:06 pm,0,808.10,-0.085
2/15/2020,07:54:06 pm,0,808.19,-0.074
2/15/2020,08:24:06 pm,0,808.21,-0.026
2/15/2020,08:54:06 pm,0,807.90,0.021
2/15/2020,09:24:06 pm,0,807.69,0.046
2/15/2020,09:54:06 pm,0,807.63,0.033
2/15/2020,10:24:06 pm,0,807.40,0.029
2/15/2020,10:54:06 pm,0,807.50,0.021
2/15/2020,11:24:06 pm,0,807.51,0.017
2/15/2020,11:54:06 pm,0,807.56,0.012
2/16/2020,12:24:06 am,0,807.75,0.004
2/16/2020,12:54:06 am,0,807.70,-0.005
2/16/2020,01:24:06 am,0,807.75,-0.013
2/16/2020,01:54:06 am,0,807.88,-0.022
2/16/2020,02:24:06 am,0,808.08,-0.033
2/16/2020,02:54:06 am,0,808.08,-0.042
2/16/2020,03:24:06 am,0,808.28,-0.049
2/16/2020,03:54:06 am,0,808.78,-0.054
2/16/2020,04:24:06 am,0,808.73,-0.055
2/16/2020,04:54:06 am,0,808.56,-0.056
2/16/2020,05:24:06 am,0,808.87,-0.054
2/16/2020,05:54:06 am,0,809.06,-0.053
2/16/2020,06:24:06 am,0,808.87,-0.052
2/16/2020,06:54:06 am,0,808.72,-0.050
2/16/2020,07:24:06 am,0,808.66,-0.047
2/16/2020,07:54:06 am,0,808.91,-0.045
2/16/2020,08:24:06 am,0,809.16,-0.044
2/16/2020,08:54:06 am,0,809.08,-0.044
2/16/2020,09:24:06 am,0,809.13,-0.043
2/16/2020,09:54:06 am,0,809.26,-0.041
2/16/2020,10:24:06 am,0,808.89,-0.039
2/16/2020,10:54:06 am,0,808.65,-0.037
2/16/2020,11:24:06 am,0,808.64,-0.037
2/16/2020,11:54:06 am,0,809.09,-0.070
2/16/2020,12:24:06 pm,0,809.22,-0.121
2/16/2020,12:54:06 pm,0,809.16,-0.140
2/16/2020,01:24:06 pm,0,809.18,-0.147
2/16/2020,01:54:06 pm,0,809.01,-0.149
2/16/2020,02:24:06 pm,0,808.94,-0.148
2/16/2020,02:54:06 pm,0,809.09,-0.147
2/16/2020,03:24:06 pm,0,809.18,-0.145
2/16/2020,03:54:06 pm,0,809.32,-0.142
2/16/2020,04:24:06 pm,0,809.26,-0.138
2/16/2020,04:54:06 pm,0,809.19,-0.135
2/16/2020,05:24:06 pm,0,809.41,-0.133
2/16/2020,05:54:06 pm,0,809.49,-0.127
2/16/2020,06:24:06 pm,0,809.64,-0.122
2/16/2020,06:54:06 pm,0,809.31,-0.118
2/16/2020,07:24:06 pm,0,809.03,-0.109
2/16/2020,07:54:06 pm,0,808.63,-0.099
2/16/2020,08:24:06 pm,0,808.40,-0.065
2/16/2020,08:54:06 pm,0,808.09,-0.029
2/16/2020,09:24:06 pm,0,807.56,-0.005
2/16/2020,09:54:06 pm,0,807.13,-0.003
2/16/2020,10:24:06 pm,0,807.02,-0.004
2/16/2020,10:54:06 pm,0,807.02,0.002
2/16/2020,11:24:06 pm,0,807.04,-0.016
2/16/2020,11:54:06 pm,0,806.98,-0.047
2/17/2020,12:24:06 am,0,806.87,-0.059
2/17/2020,12:54:06 am,0,807.10,-0.069
2/17/2020,01:24:06 am,0,807.09,-0.096
2/17/2020,01:54:06 am,0,806.92,-0.107
2/17/2020,02:24:06 am,0,806.89,-0.112
2/17/2020,02:54:06 am,0,806.79,-0.112
2/17/2020,03:24:06 am,0,806.71,-0.118
2/17/2020,03:54:06 am,0,806.61,-0.130
2/17/2020,04:24:06 am,0,806.61,-0.129
2/17/2020,04:54:06 am,0,806.63,-0.127
2/17/2020,05:24:06 am,0,806.71,-0.125
2/17/2020,05:54:06 am,0,806.76,-0.122
2/17/2020,06:24:06 am,0,806.59,-0.119
2/17/2020,06:54:06 am,0,806.26,-0.117
2/17/2020,07:24:06 am,0,806.21,-0.115
2/17/2020,07:54:06 am,0,806.40,-0.113
2/17/2020,08:24:06 am,0,806.35,-0.113
2/17/2020,08:54:06 am,0,806.16,-0.111
2/17/2020,09:24:06 am,0,806.24,-0.116
2/17/2020,09:54:06 am,0,806.21,-0.151
2/17/2020,10:24:06 am,0,806.12,-0.171
2/17/2020,10:54:06 am,0,805.90,-0.177
2/17/2020,11:24:06 am,0,805.91,-0.179
2/17/2020,11:54:06 am,0,805.73,-0.178
2/17/2020,12:24:06 pm,0,805.76,-0.177
2/17/2020,12:54:06 pm,0,805.68,-0.174
2/17/2020,01:24:06 pm,0,805.60,-0.172
2/17/2020,01:54:06 pm,0,805.55,-0.169
2/17/2020,02:24:06 pm,0,805.58,-0.167
2/17/2020,02:54:06 pm,0,805.60,-0.165
2/17/2020,03:24:06 pm,0,805.62,-0.162
2/17/2020,03:54:06 pm,0,805.76,-0.159
2/17/2020,04:24:06 pm,0,805.78,-0.156
2/17/2020,04:54:06 pm,0,805.93,-0.153
2/17/2020,05:24:06 pm,0,805.89,-0.150
2/17/2020,05:54:06 pm,0,806.03,-0.146
2/17/2020,06:24:06 pm,0,806.12,-0.139
2/17/2020,06:54:06 pm,0,805.96,-0.135
2/17/2020,07:24:06 pm,0,806.04,-0.126
2/17/2020,07:54:06 pm,0,806.03,-0.115
2/17/2020,08:24:06 pm,0,805.87,-0.085
2/17/2020,08:54:06 pm,0,805.56,-0.056
2/17/2020,09:24:06 pm,0,805.16,-0.020
2/17/2020,09:54:06 pm,0,804.98,-0.007
2/17/2020,10:24:06 pm,0,804.92,0.005
2/17/2020,10:54:06 pm,0,804.77,0.022
2/17/2020,11:24:06 pm,0,805.06,0.004
2/17/2020,11:54:06 pm,0,805.05,-0.021
2/18/2020,12:24:06 am,0,805.09,-0.039
2/18/2020,12:54:06 am,0,805.20,-0.051
2/18/2020,01:24:06 am,0,805.22,-0.063
2/18/2020,01:54:06 am,0,805.35,-0.076
2/18/2020,02:24:06 am,0,805.54,-0.083
2/18/2020,02:54:06 am,0,805.68,-0.091
2/18/2020,03:24:06 am,0,805.67,-0.101
2/18/2020,03:54:06 am,0,805.57,-0.108
2/18/2020,04:24:06 am,0,805.68,-0.109
2/18/2020,04:54:06 am,0,805.84,-0.110
2/18/2020,05:24:06 am,0,805.86,-0.110
2/18/2020,05:54:06 am,0,805.87,-0.110
2/18/2020,06:24:06 am,0,805.77,-0.111
2/18/2020,06:54:06 am,0,805.68,-0.112
2/18/2020,07:24:06 am,0,805.74,-0.113
2/18/2020,07:54:06 am,0,805.65,-0.115
2/18/2020,08:24:06 am,0,805.54,-0.117
2/18/2020,08:54:06 am,0,805.44,-0.118
2/18/2020,09:24:06 am,0,805.31,-0.119
2/18/2020,09:54:06 am,0,805.30,-0.122
2/18/2020,10:24:06 am,0,805.21,-0.131
2/18/2020,10:54:06 am,0,805.13,-0.145
2/18/2020,11:24:06 am,0,804.95,-0.150
2/18/2020,11:54:06 am,0,804.95,-0.150
2/18/2020,12:24:06 pm,0,804.89,-0.152
2/18/2020,12:54:06 pm,0,804.86,-0.164
2/18/2020,01:24:06 pm,0,804.91,-0.165
2/18/2020,01:54:06 pm,0,804.88,-0.165
2/18/2020,02:24:06 pm,0,804.95,-0.162
2/18/2020,02:54:06 pm,0,804.89,-0.159
2/18/2020,03:24:06 pm,0,804.92,-0.153
2/18/2020,03:54:06 pm,0,805.09,-0.149
2/18/2020,04:24:06 pm,0,805.08,-0.143
2/18/2020,04:54:06 pm,0,805.01,-0.139
2/18/2020,05:24:06 pm,0,804.97,-0.133
2/18/2020,05:54:06 pm,0,804.90,-0.124
2/18/2020,06:24:06 pm,0,804.91,-0.114
2/18/2020,06:54:06 pm,0,804.73,-0.105
2/18/2020,07:24:06 pm,0,804.64,-0.089
2/18/2020,07:54:06 pm,0,804.39,-0.069
2/18/2020,08:24:06 pm,0,804.10,-0.041
2/18/2020,08:54:06 pm,0,803.81,-0.019
2/18/2020,09:24:06 pm,0,803.69,0.006
2/18/2020,09:54:06 pm,0,803.66,0.018
2/18/2020,10:24:06 pm,0,803.53,0.029
2/18/2020,10:54:06 pm,0,803.50,0.039
2/18/2020,11:24:06 pm,0,803.46,0.030
2/18/2020,11:54:06 pm,0,803.35,0.022
2/19/2020,12:24:06 am,0,803.42,0.010
2/19/2020,12:54:06 am,0,803.53,-0.003
2/19/2020,01:24:06 am,0,803.67,-0.015
2/19/2020,01:54:06 am,0,803.90,-0.026
2/19/2020,02:24:06 am,0,804.10,-0.036
2/19/2020,02:54:06 am,0,804.09,-0.042
2/19/2020,03:24:06 am,0,804.07,-0.049
2/19/2020,03:54:06 am,0,804.01,-0.053
2/19/2020,04:24:06 am,0,804.04,-0.055
2/19/2020,04:54:06 am,0,804.22,-0.059
2/19/2020,05:24:06 am,0,804.26,-0.063
2/19/2020,05:54:06 am,0,804.37,-0.066
2/19/2020,06:24:06 am,0,804.31,-0.071
2/19/2020,06:54:06 am,0,804.37,-0.074
2/19/2020,07:24:06 am,0,804.51,-0.078
2/19/2020,07:54:06 am,0,804.58,-0.081
2/19/2020,08:24:06 am,0,804.49,-0.085
2/19/2020,08:54:06 am,0,804.69,-0.088
2/19/2020,09:24:06 am,0,804.86,-0.090
2/19/2020,09:54:06 am,0,804.66,-0.093
2/19/2020,10:24:06 am,0,804.45,-0.097
2/19/2020,10:54:06 am,0,804.41,-0.099
2/19/2020,11:24:06 am,0,804.36,-0.101
2/19/2020,11:54:06 am,0,804.26,-0.103
2/19/2020,12:24:06 pm,0,804.31,-0.106
2/19/2020,12:54:06 pm,0,804.58,-0.108
2/19/2020,01:24:06 pm,0,804.58,-0.110
2/19/2020,01:54:06 pm,0,804.64,-0.112
2/19/2020,02:24:06 pm,0,804.61,-0.114
2/19/2020,02:54:06 pm,0,804.78,-0.116
2/19/2020,03:24:06 pm,0,804.86,-0.117
2/19/2020,03:54:06 pm,0,805.11,-0.119
2/19/2020,04:24:06 pm,0,805.27,-0.119
2/19/2020,04:54:06 pm,0,805.34,-0.119
2/19/2020,05:24:06 pm,0,805.42,-0.118
2/19/2020,05:54:06 pm,0,805.68,-0.114
2/19/2020,06:24:06 pm,0,805.75,-0.106
2/19/2020,06:54:06 pm,0,805.62,-0.100
2/19/2020,07:24:06 pm,0,805.55,-0.089
2/19/2020,07:54:06 pm,0,805.44,-0.072
2/19/2020,08:24:06 pm,0,805.17,-0.029
2/19/2020,08:54:06 pm,0,805.05,0.026
2/19/2020,09:24:06 pm,0,804.95,0.059
2/19/2020,09:54:06 pm,0,804.85,0.055
2/19/2020,10:24:06 pm,0,804.94,0.070
2/19/2020,10:54:06 pm,0,805.08,0.100
2/19/2020,11:24:06 pm,0,805.22,0.074
2/19/2020,11:54:06 pm,0,805.15,0.040
2/20/2020,12:24:06 am,0,805.06,0.016
2/20/2020,12:54:06 am,0,805.21,0.002
2/20/2020,01:24:06 am,0,805.47,-0.013
2/20/2020,01:54:06 am,0,805.75,-0.026
2/20/2020,02:24:06 am,0,806.03,-0.037
2/20/2020,02:54:06 am,0,806.26,-0.046
2/20/2020,03:24:06 am,0,806.40,-0.050
2/20/2020,03:54:06 am,0,806.31,-0.055
2/20/2020,04:24:06 am,0,806.32,-0.057
2/20/2020,04:54:06 am,0,806.47,-0.058
2/20/2020,05:24:06 am,0,806.61,-0.060
2/20/2020,05:54:06 am,0,806.60,-0.063
2/20/2020,06:24:06 am,0,806.59,-0.064
2/20/2020,06:54:06 am,0,806.62,-0.066
2/20/2020,07:24:06 am,0,806.71,-0.069
2/20/2020,07:54:06 am,0,806.74,-0.071
2/20/2020,08:24:06 am,0,806.91,-0.074
2/20/2020,08:54:06 am,0,806.85,-0.077
2/20/2020,09:24:06 am,0,806.99,-0.080
2/20/2020,09:54:06 am,0,807.00,-0.083
2/20/2020,10:24:06 am,0,807.00,-0.087
2/20/2020,10:54:06 am,0,806.98,-0.090
2/20/2020,11:24:06 am,0,806.93,-0.093
2/20/2020,11:54:06 am,0,806.93,-0.096
2/20/2020,12:24:06 pm,0,806.99,-0.098
2/20/2020,12:54:06 pm,0,807.11,-0.101
2/20/2020,01:24:06 pm,0,807.18,-0.105
2/20/2020,01:54:06 pm,0,807.31,-0.108
2/20/2020,02:24:06 pm,0,807.38,-0.111
2/20/2020,02:54:06 pm,0,807.65,-0.112
2/20/2020,03:24:06 pm,0,807.95,-0.112
2/20/2020,03:54:06 pm,0,808.13,-0.112
2/20/2020,04:24:06 pm,0,808.25,-0.112
2/20/2020,04:54:06 pm,0,808.25,-0.109
2/20/2020,05:24:06 pm,0,808.21,-0.107
2/20/2020,05:54:06 pm,0,808.20,-0.102
2/20/2020,06:24:06 pm,0,808.26,-0.096
2/20/2020,06:54:06 pm,0,808.20,-0.088
2/20/2020,07:24:06 pm,0,808.07,-0.075
2/20/2020,07:54:06 pm,0,807.82,-0.053
2/20/2020,08:24:06 pm,0,807.43,-0.002
2/20/2020,08:54:06 pm,0,807.20,0.041
2/20/2020,09:24:06 pm,0,806.91,0.090
2/20/2020,09:54:06 pm,0,806.83,0.078
2/20/2020,10:24:06 pm,0,806.81,0.097
2/20/2020,10:54:06 pm,0,806.75,0.124
2/20/2020,11:24:06 pm,0,806.69,0.102
2/20/2020,11:54:06 pm,0,806.66,0.062
2/21/2020,12:24:06 am,0,806.64,0.033
2/21/2020,12:54:06 am,0,806.62,0.010
2/21/2020,01:24:06 am,0,806.88,-0.008
2/21/2020,01:54:06 am,0,807.09,-0.027
2/21/2020,02:24:06 am,0,807.43,-0.037
2/21/2020,02:54:06 am,0,807.67,-0.043
2/21/2020,03:24:06 am,0,807.77,-0.049
2/21/2020,03:54:06 am,0,807.87,-0.050
2/21/2020,04:24:06 am,0,807.91,-0.054
2/21/2020,04:54:06 am,0,808.16,-0.054
2/21/2020,05:24:06 am,0,808.38,-0.056
2/21/2020,05:54:06 am,0,808.44,-0.056
2/21/2020,06:24:06 am,0,808.11,-0.057
2/21/2020,06:54:06 am,0,808.12,-0.058
2/21/2020,07:24:06 am,0,808.11,-0.060
2/21/2020,07:54:06 am,0,807.98,-0.062
2/21/2020,08:24:06 am,0,807.81,-0.067
2/21/2020,08:54:06 am,0,807.69,-0.070
2/21/2020,09:24:06 am,0,807.44,-0.072
2/21/2020,09:54:06 am,0,807.47,-0.076
2/21/2020,10:24:06 am,0,807.39,-0.079
2/21/2020,10:54:06 am,0,807.20,-0.081
2/21/2020,11:24:06 am,0,807.01,-0.084
2/21/2020,11:54:06 am,0,807.03,-0.087
2/21/2020,12:24:06 pm,0,807.13,-0.091
2/21/2020,12:54:06 pm,0,807.07,-0.101
2/21/2020,01:24:06 pm,0,807.36,-0.108
2/21/2020,01:54:06 pm,0,807.42,-0.114
2/21/2020,02:24:06 pm,0,807.46,-0.117
2/21/2020,02:54:06 pm,0,807.51,-0.119
2/21/2020,03:24:06 pm,0,807.66,-0.122
2/21/2020,03:54:06 pm,0,807.81,-0.125
2/21/2020,04:24:06 pm,0,807.89,-0.124
2/21/2020,04:54:06 pm,0,807.65,-0.122
2/21/2020,05:24:06 pm,0,807.53,-0.118
2/21/2020,05:54:06 pm,0,807.36,-0.111
2/21/2020,06:24:06 pm,0,807.26,-0.098
2/21/2020,06:54:06 pm,0,807.26,-0.075
2/21/2020,07:24:06 pm,0,807.05,-0.048
2/21/2020,07:54:06 pm,0,806.88,-0.009
2/21/2020,08:24:06 pm,0,806.52,0.047
2/21/2020,08:54:06 pm,0,806.22,0.053
2/21/2020,09:24:06 pm,0,806.51,0.051
2/21/2020,09:54:06 pm,0,806.56,0.045
2/21/2020,10:24:06 pm,0,806.41,0.038
2/21/2020,10:54:06 pm,0,806.18,0.031
2/21/2020,11:24:06 pm,0,806.19,0.025
2/21/2020,11:54:06 pm,0,805.79,0.021
2/22/2020,12:24:06 am,0,805.31,0.018
2/22/2020,12:54:06 am,0,805.16,0.014
2/22/2020,01:24:06 am,0,805.12,0.007
2/22/2020,01:54:06 am,0,805.15,0.002
2/22/2020,02:24:06 am,0,805.39,-0.005
2/22/2020,02:54:06 am,0,805.36,-0.012
2/22/2020,03:24:06 am,0,805.32,-0.018
2/22/2020,03:54:06 am,0,805.33,-0.022
2/22/2020,04:24:06 am,0,805.25,-0.025
2/22/2020,04:54:06 am,0,805.24,-0.027
2/22/2020,05:24:06 am,0,805.43,-0.030
2/22/2020,05:54:06 am,0,805.44,-0.031
2/22/2020,06:24:06 am,0,805.47,-0.032
2/22/2020,06:54:06 am,0,805.37,-0.033
2/22/2020,07:24:06 am,0,804.92,-0.034
2/22/2020,07:54:06 am,0,804.38,-0.033
2/22/2020,08:24:06 am,0,804.01,-0.033
2/22/2020,08:54:06 am,0,803.73,-0.032
2/22/2020,09:24:06 am,0,803.46,-0.030
2/22/2020,09:54:06 am,0,802.96,-0.029
2/22/2020,10:24:06 am,0,802.71,-0.029
2/22/2020,10:54:06 am,0,802.39,-0.028
2/22/2020,11:24:06 am,0,802.08,-0.029
2/22/2020,11:54:06 am,0,802.09,-0.028
2/22/2020,12:24:06 pm,0,802.19,-0.028
2/22/2020,12:54:06 pm,0,802.17,-0.028
2/22/2020,01:24:06 pm,0,802.07,-0.027
2/22/2020,01:54:06 pm,0,802.03,-0.026
2/22/2020,02:24:06 pm,0,801.92,-0.025
2/22/2020,02:54:06 pm,0,801.98,-0.024
2/22/2020,03:24:06 pm,0,802.07,-0.023
2/22/2020,03:54:06 pm,0,802.28,-0.022
2/22/2020,04:24:06 pm,0,802.60,-0.020
2/22/2020,04:54:06 pm,0,802.57,-0.013
2/22/2020,05:24:06 pm,0,802.41,-0.004
2/22/2020,05:54:06 pm,0,802.56,0.003
2/22/2020,06:24:06 pm,0,802.43,0.017
2/22/2020,06:54:06 pm,0,802.15,0.031
2/22/2020,07:24:06 pm,0,801.94,0.049
2/22/2020,07:54:06 pm,0,801.87,0.069
2/22/2020,08:24:06 pm,0,801.85,0.081
2/22/2020,08:54:06 pm,0,801.60,0.081
2/22/2020,09:24:06 pm,0,801.33,0.084
2/22/2020,09:54:06 pm,0,801.34,0.086
2/22/2020,10:24:06 pm,0,801.53,0.093
2/22/2020,10:54:06 pm,0,801.63,0.093
2/22/2020,11:24:06 pm,0,801.59,0.089
2/22/2020,11:54:06 pm,0,801.57,0.082
2/23/2020,12:24:06 am,0,801.66,0.075
2/23/2020,12:54:06 am,0,801.90,0.065
2/23/2020,01:24:06 am,0,802.30,0.057
2/23/2020,01:54:06 am,0,802.51,0.047
2/23/2020,02:24:06 am,0,802.77,0.039
2/23/2020,02:54:06 am,0,802.87,0.031
2/23/2020,03:24:06 am,0,802.97,0.025
2/23/2020,03:54:06 am,0,803.08,0.016
2/23/2020,04:24:06 am,0,803.58,0.010
2/23/2020,04:54:06 am,0,804.01,0.005
2/23/2020,05:24:06 am,0,804.20,0.001
2/23/2020,05:54:06 am,0,804.49,-0.004
2/23/2020,06:24:06 am,0,804.64,-0.010
2/23/2020,06:54:06 am,0,805.11,-0.015
2/23/2020,07:24:06 am,0,804.95,-0.019
2/23/2020,07:54:06 am,0,804.97,-0.024
2/23/2020,08:24:06 am,0,805.33,-0.030
2/23/2020,08:54:06 am,0,805.60,-0.035
2/23/2020,09:24:06 am,0,805.82,-0.041
2/23/2020,09:54:06 am,0,805.82,-0.046
2/23/2020,10:24:06 am,0,805.97,-0.051
2/23/2020,10:54:06 am,0,805.91,-0.056
2/23/2020,11:24:06 am,0,806.16,-0.059
2/23/2020,11:54:06 am,0,806.52,-0.064
2/23/2020,12:24:06 pm,0,806.75,-0.066
2/23/2020,12:54:06 pm,0,807.10,-0.071
2/23/2020,01:24:06 pm,0,807.34,-0.075
2/23/2020,01:54:06 pm,0,807.68,-0.077
2/23/2020,02:24:06 pm,0,807.87,-0.082
2/23/2020,02:54:06 pm,0,808.15,-0.084
2/23/2020,03:24:06 pm,0,808.70,-0.086
2/23/2020,03:54:06 pm,0,809.14,-0.090
2/23/2020,04:24:06 pm,0,809.30,-0.091
2/23/2020,04:54:06 pm,0,809.42,-0.091
2/23/2020,05:24:06 pm,0,809.50,-0.092
2/23/2020,05:54:06 pm,0,809.69,-0.088
2/23/2020,06:24:06 pm,0,809.96,-0.082
2/23/2020,06:54:06 pm,0,809.82,-0.073
2/23/2020,07:24:06 pm,0,810.04,-0.054
2/23/2020,07:54:06 pm,0,809.94,-0.009
2/23/2020,08:24:06 pm,0,809.91,0.118
2/23/2020,08:54:06 pm,0,809.64,0.223
2/23/2020,09:24:06 pm,0,809.70,0.283
2/23/2020,09:54:06 pm,0,809.91,0.237
2/23/2020,10:24:06 pm,0,809.79,0.267
2/23/2020,10:54:06 pm,0,809.95,0.352
2/23/2020,11:24:06 pm,0,810.23,0.309
2/23/2020,11:54:06 pm,0,810.24,0.240
2/24/2020,12:24:06 am,0,810.20,0.169
2/24/2020,12:54:06 am,0,810.28,0.119
2/24/2020,01:24:06 am,0,810.57,0.077
2/24/2020,01:54:06 am,0,810.73,0.051
2/24/2020,02:24:06 am,0,811.06,0.028
2/24/2020,02:54:06 am,0,811.30,0.012
2/24/2020,03:24:06 am,0,811.25,0.004
2/24/2020,03:54:06 am,0,811.21,0.002
2/24/2020,04:24:06 am,0,811.25,-0.000
2/24/2020,04:54:06 am,0,811.41,-0.001
2/24/2020,05:24:06 am,0,811.45,-0.003
2/24/2020,05:54:06 am,0,811.37,-0.006
2/24/2020,06:24:06 am,0,811.29,-0.008
2/24/2020,06:54:06 am,0,811.39,-0.010
2/24/2020,07:24:06 am,0,811.41,-0.012
2/24/2020,07:54:06 am,0,811.69,-0.013
2/24/2020,08:24:06 am,0,811.70,-0.015
2/24/2020,08:54:06 am,0,811.82,-0.020
2/24/2020,09:24:06 am,0,811.73,-0.023
2/24/2020,09:54:06 am,0,811.72,-0.030
2/24/2020,10:24:06 am,0,811.45,-0.033
2/24/2020,10:54:06 am,0,811.32,-0.039
2/24/2020,11:24:06 am,0,811.17,-0.045
2/24/2020,11:54:06 am,0,811.43,-0.052
2/24/2020,12:24:06 pm,0,811.62,-0.057
2/24/2020,12:54:06 pm,0,811.54,-0.064
2/24/2020,01:24:06 pm,0,811.65,-0.072
2/24/2020,01:54:06 pm,0,811.77,-0.077
2/24/2020,02:24:06 pm,0,811.83,-0.086
2/24/2020,02:54:06 pm,0,811.90,-0.089
2/24/2020,03:24:06 pm,0,811.91,-0.092
2/24/2020,03:54:06 pm,0,812.10,-0.092
2/24/2020,04:24:06 pm,0,812.13,-0.090
2/24/2020,04:54:06 pm,0,812.00,-0.090
2/24/2020,05:24:06 pm,0,811.82,-0.087
2/24/2020,05:54:06 pm,0,811.71,-0.084
2/24/2020,06:24:06 pm,0,811.48,-0.073
2/24/2020,06:54:06 pm,0,811.49,-0.063
2/24/2020,07:24:06 pm,0,811.33,-0.046
2/24/2020,07:54:06 pm,0,811.14,0.022
2/24/2020,08:24:06 pm,0,810.71,0.202
2/24/2020,08:54:06 pm,0,810.49,0.296
2/24/2020,09:24:06 pm,0,810.34,0.354
2/24/2020,09:54:06 pm,0,810.30,0.274
2/24/2020,10:24:06 pm,0,810.27,0.303
2/24/2020,10:54:06 pm,0,810.34,0.344
2/24/2020,11:24:06 pm,0,810.54,0.285
2/24/2020,11:54:06 pm,0,810.36,0.203
2/25/2020,12:24:06 am,0,810.41,0.135
2/25/2020,12:54:06 am,0,810.31,0.091
2/25/2020,01:24:06 am,0,810.64,0.053
2/25/2020,01:54:06 am,0,810.91,0.014
2/25/2020,02:24:06 am,0,811.21,-0.013
2/25/2020,02:54:06 am,0,811.29,-0.029
2/25/2020,03:24:06 am,0,811.38,-0.041
2/25/2020,03:54:06 am,0,811.45,-0.049
2/25/2020,04:24:06 am,0,811.94,-0.055
2/25/2020,04:54:06 am,0,812.08,-0.058
2/25/2020,05:24:06 am,0,812.10,-0.059
2/25/2020,05:54:06 am,0,812.10,-0.060
2/25/2020,06:24:06 am,0,811.93,-0.061
2/25/2020,06:54:06 am,0,811.83,-0.061
2/25/2020,07:24:06 am,0,811.66,-0.061
2/25/2020,07:54:06 am,0,811.70,-0.061
2/25/2020,08:24:06 am,0,811.91,-0.062
2/25/2020,08:54:06 am,0,811.76,-0.063
2/25/2020,09:24:06 am,0,811.82,-0.064
2/25/2020,09:54:06 am,0,811.51,-0.065
2/25/2020,10:24:06 am,0,811.57,-0.066
2/25/2020,10:54:06 am,0,811.39,-0.066
2/25/2020,11:24:06 am,0,811.39,-0.069
2/25/2020,11:54:06 am,0,811.60,-0.071
2/25/2020,12:24:06 pm,0,811.76,-0.076
2/25/2020,12:54:06 pm,0,811.88,-0.091
2/25/2020,01:24:06 pm,0,812.04,-0.098
2/25/2020,01:54:06 pm,0,812.18,-0.105
2/25/2020,02:24:06 pm,0,812.39,-0.116
2/25/2020,02:54:06 pm,0,812.53,-0.123
2/25/2020,03:24:06 pm,0,812.85,-0.123
2/25/2020,03:54:06 pm,0,813.14,-0.122
2/25/2020,04:24:06 pm,0,813.56,-0.119
2/25/2020,04:54:06 pm,0,813.35,-0.116
2/25/2020,05:24:06 pm,0,813.22,-0.108
2/25/2020,05:54:06 pm,0,813.36,-0.098
2/25/2020,06:24:06 pm,0,813.49,-0.085
2/25/2020,06:54:06 pm,0,813.59,-0.071
2/25/2020,07:24:06 pm,0,813.58,-0.046
2/25/2020,07:54:06 pm,0,813.54,0.026
2/25/2020,08:24:06 pm,0,813.54,0.143
2/25/2020,08:54:06 pm,0,813.43,0.199
2/25/2020,09:24:06 pm,0,813.23,0.227
2/25/2020,09:54:06 pm,0,813.25,0.164
2/25/2020,10:24:06 pm,0,813.34,0.199
2/25/2020,10:54:06 pm,0,813.39,0.255
2/25/2020,11:24:06 pm,0,813.46,0.166
2/25/2020,11:54:06 pm,0,813.60,0.069
2/26/2020,12:24:06 am,0,813.45,0.026
2/26/2020,12:54:06 am,0,813.68,-0.016
2/26/2020,01:24:06 am,0,813.81,-0.056
2/26/2020,01:54:06 am,0,814.16,-0.079
2/26/2020,02:24:06 am,0,814.58,-0.101
2/26/2020,02:54:06 am,0,814.78,-0.116
2/26/2020,03:24:06 am,0,814.79,-0.125
2/26/2020,03:54:06 am,0,814.90,-0.129
2/26/2020,04:24:06 am,0,815.03,-0.130
2/26/2020,04:54:06 am,0,815.35,-0.133
2/26/2020,05:24:06 am,0,815.48,-0.137
2/26/2020,05:54:06 am,0,815.34,-0.139
2/26/2020,06:24:06 am,0,815.45,-0.139
2/26/2020,06:54:06 am,0,815.40,-0.140
2/26/2020,07:24:06 am,0,815.34,-0.142
2/26/2020,07:54:06 am,0,815.38,-0.145
2/26/2020,08:24:06 am,0,815.29,-0.147
2/26/2020,08:54:06 am,0,815.27,-0.148
2/26/2020,09:24:06 am,0,815.37,-0.149
2/26/2020,09:54:06 am,0,815.43,-0.153
2/26/2020,10:24:06 am,0,815.30,-0.166
2/26/2020,10:54:06 am,0,814.86,-0.174
2/26/2020,11:24:06 am,0,814.56,-0.175
2/26/2020,11:54:06 am,0,814.60,-0.176
2/26/2020,12:24:06 pm,0,814.69,-0.177
2/26/2020,12:54:06 pm,0,814.83,-0.178
2/26/2020,01:24:06 pm,0,815.05,-0.177
2/26/2020,01:54:06 pm,0,815.49,-0.176
2/26/2020,02:24:06 pm,0,815.73,-0.187
2/26/2020,02:54:06 pm,0,815.96,-0.195
2/26/2020,03:24:06 pm,0,816.25,-0.197
2/26/2020,03:54:06 pm,0,816.32,-0.195
2/26/2020,04:24:06 pm,0,816.51,-0.193
2/26/2020,04:54:06 pm,0,816.59,-0.192
2/26/2020,05:24:06 pm,0,816.64,-0.192
2/26/2020,05:54:06 pm,0,816.67,-0.190
2/26/2020,06:24:06 pm,0,816.96,-0.194
2/26/2020,06:54:06 pm,0,816.88,-0.195
2/26/2020,07:24:06 pm,0,816.78,-0.186
2/26/2020,07:54:06 pm,0,816.50,-0.143
2/26/2020,08:24:06 pm,0,816.03,-0.103
2/26/2020,08:54:06 pm,0,815.72,-0.072
2/26/2020,09:24:06 pm,0,815.47,-0.053
2/26/2020,09:54:06 pm,0,815.35,-0.057
2/26/2020,10:24:06 pm,0,815.34,-0.009
2/26/2020,10:54:06 pm,0,815.30,0.003
2/26/2020,11:24:06 pm,0,815.27,-0.042
2/26/2020,11:54:06 pm,0,815.26,-0.082
2/27/2020,12:24:06 am,0,815.22,-0.109
2/27/2020,12:54:06 am,0,815.21,-0.113
2/27/2020,01:24:06 am,0,815.32,-0.146
2/27/2020,01:54:06 am,0,815.34,-0.152
2/27/2020,02:24:06 am,0,815.48,-0.151
2/27/2020,02:54:06 am,0,815.64,-0.153
2/27/2020,03:24:06 am,0,815.56,-0.156
2/27/2020,03:54:06 am,0,815.51,-0.160
2/27/2020,04:24:06 am,0,815.63,-0.162
2/27/2020,04:54:06 am,0,815.71,-0.168
2/27/2020,05:24:06 am,0,815.80,-0.168
2/27/2020,05:54:06 am,0,815.69,-0.170
2/27/2020,06:24:06 am,0,815.49,-0.170
2/27/2020,06:54:06 am,0,815.50,-0.171
2/27/2020,07:24:06 am,0,815.42,-0.175
2/27/2020,07:54:06 am,0,815.16,-0.182
2/27/2020,08:24:06 am,0,815.07,-0.183
2/27/2020,08:54:06 am,0,814.98,-0.183
2/27/2020,09:24:06 am,0,815.00,-0.184
2/27/2020,09:54:06 am,0,814.84,-0.185
2/27/2020,10:24:06 am,0,814.80,-0.185
2/27/2020,10:54:06 am,0,814.93,-0.187
2/27/2020,11:24:06 am,0,815.03,-0.194
2/27/2020,11:54:06 am,0,815.21,-0.199
2/27/2020,12:24:06 pm,0,815.21,-0.200
2/27/2020,12:54:06 pm,0,815.22,-0.201
2/27/2020,01:24:06 pm,0,815.32,-0.201
2/27/2020,01:54:06 pm,0,815.27,-0.201
2/27/2020,02:24:06 pm,0,815.36,-0.201
2/27/2020,02:54:06 pm,0,815.40,-0.200
2/27/2020,03:24:06 pm,0,815.58,-0.197
2/27/2020,03:54:06 pm,0,815.51,-0.197
2/27/2020,04:24:06 pm,0,815.53,-0.195
2/27/2020,04:54:06 pm,0,815.50,-0.194
2/27/2020,05:24:06 pm,0,815.53,-0.194
2/27/2020,05:54:06 pm,0,816.04,-0.199
2/27/2020,06:24:06 pm,0,816.19,-0.201
2/27/2020,06:54:06 pm,0,815.94,-0.199
2/27/2020,07:24:06 pm,0,815.76,-0.188
2/27/2020,07:54:06 pm,0,815.29,-0.163
2/27/2020,08:24:06 pm,0,815.10,-0.127
2/27/2020,08:54:06 pm,0,814.77,-0.101
2/27/2020,09:24:06 pm,0,814.56,-0.068
2/27/2020,09:54:06 pm,0,814.33,-0.058
2/27/2020,10:24:06 pm,0,814.32,-0.030
2/27/2020,10:54:06 pm,0,814.35,-0.020
2/27/2020,11:24:06 pm,0,814.46,-0.046
2/27/2020,11:54:06 pm,0,814.51,-0.080
2/28/2020,12:24:06 am,0,814.55,-0.107
2/28/2020,12:54:06 am,0,814.58,-0.116
2/28/2020,01:24:06 am,0,814.73,-0.133
2/28/2020,01:54:06 am,0,814.98,-0.145
2/28/2020,02:24:06 am,0,815.18,-0.153
2/28/2020,02:54:06 am,0,815.28,-0.170
2/28/2020,03:24:06 am,0,815.39,-0.176
2/28/2020,03:54:06 am,0,815.16,-0.175
2/28/2020,04:24:06 am,0,815.40,-0.174
2/28/2020,04:54:06 am,0,815.38,-0.173
2/28/2020,05:24:06 am,0,815.28,-0.174
2/28/2020,05:54:06 am,0,815.51,-0.178
2/28/2020,06:24:06 am,0,815.42,-0.195
2/28/2020,06:54:06 am,0,815.32,-0.199
2/28/2020,07:24:06 am,0,815.08,-0.196
2/28/2020,07:54:06 am,0,814.85,-0.193
2/28/2020,08:24:06 am,0,814.25,-0.189
2/28/2020,08:54:06 am,0,813.64,-0.186
2/28/2020,09:24:06 am,0,813.38,-0.182
2/28/2020,09:54:06 am,0,813.59,-0.181
2/28/2020,10:24:06 am,0,814.06,-0.179
2/28/2020,10:54:06 am,0,814.12,-0.181
2/28/2020,11:24:06 am,0,813.97,-0.192
2/28/2020,11:54:06 am,0,813.89,-0.199
2/28/2020,12:24:06 pm,0,813.94,-0.204
2/28/2020,12:54:06 pm,0,814.07,-0.205
2/28/2020,01:24:06 pm,0,814.13,-0.205
2/28/2020,01:54:06 pm,0,814.12,-0.205
2/28/2020,02:24:06 pm,0,814.10,-0.204
2/28/2020,02:54:06 pm,0,814.20,-0.204
2/28/2020,03:24:06 pm,0,814.17,-0.203
2/28/2020,03:54:06 pm,0,814.15,-0.198
2/28/2020,04:24:06 pm,0,814.21,-0.193
2/28/2020,04:54:06 pm,0,814.24,-0.189
2/28/2020,05:24:06 pm,0,814.18,-0.184
2/28/2020,05:54:06 pm,0,814.23,-0.176
2/28/2020,06:24:06 pm,0,814.14,-0.167
2/28/2020,06:54:06 pm,0,813.91,-0.155
2/28/2020,07:24:06 pm,0,813.85,-0.138
2/28/2020,07:54:06 pm,0,813.25,-0.110
2/28/2020,08:24:06 pm,0,812.89,-0.078
2/28/2020,08:54:06 pm,0,812.51,-0.031
2/28/2020,09:24:06 pm,0,812.22,0.013
2/28/2020,09:54:06 pm,0,812.20,0.029
2/28/2020,10:24:06 pm,0,812.02,0.051
2/28/2020,10:54:06 pm,0,811.97,0.038
2/28/2020,11:24:06 pm,0,811.92,-0.022
2/28/2020,11:54:06 pm,0,812.02,-0.061
2/29/2020,12:24:06 am,0,811.85,-0.094
2/29/2020,12:54:06 am,0,811.74,-0.109
2/29/2020,01:24:06 am,0,811.63,-0.117
2/29/2020,01:54:06 am,0,811.56,-0.126
2/29/2020,02:24:06 am,0,811.46,-0.130
2/29/2020,02:54:06 am,0,811.36,-0.132
2/29/2020,03:24:06 am,0,811.26,-0.134
2/29/2020,03:54:06 am,0,811.22,-0.138
2/29/2020,04:24:06 am,0,811.40,-0.143
2/29/2020,04:54:06 am,0,811.34,-0.150
2/29/2020,05:24:06 am,0,811.02,-0.155
2/29/2020,05:54:06 am,0,810.71,-0.156
2/29/2020,06:24:06 am,0,810.46,-0.157
2/29/2020,06:54:06 am,0,810.15,-0.158
2/29/2020,07:24:06 am,0,809.73,-0.159
2/29/2020,07:54:06 am,0,809.17,-0.158
2/29/2020,08:24:06 am,0,808.51,-0.158
2/29/2020,08:54:06 am,0,807.86,-0.157
2/29/2020,09:24:06 am,0,807.32,-0.157
2/29/2020,09:54:06 am,0,808.40,-0.157
2/29/2020,10:24:06 am,0,808.81,-0.166
2/29/2020,10:54:06 am,0,808.68,-0.179
2/29/2020,11:24:06 am,0,808.32,-0.188
2/29/2020,11:54:06 am,0,808.05,-0.190
2/29/2020,12:24:06 pm,0,807.88,-0.188
2/29/2020,12:54:06 pm,0,807.69,-0.184
2/29/2020,01:24:06 pm,0,807.53,-0.180
2/29/2020,01:54:06 pm,0,807.30,-0.176
2/29/2020,02:24:06 pm,0,807.16,-0.174
2/29/2020,02:54:06 pm,0,806.93,-0.170
2/29/2020,03:24:06 pm,0,806.87,-0.167
2/29/2020,03:54:06 pm,0,806.74,-0.158
2/29/2020,04:24:06 pm,0,806.72,-0.147
2/29/2020,04:54:06 pm,0,806.82,-0.127
2/29/2020,05:24:06 pm,0,806.91,-0.107
2/29/2020,05:54:06 pm,0,806.64,-0.087
2/29/2020,06:24:06 pm,0,806.23,-0.075
2/29/2020,06:54:06 pm,0,806.11,-0.059
2/29/2020,07:24:06 pm,0,805.83,-0.037
2/29/2020,07:54:06 pm,0,805.57,-0.003
2/29/2020,08:24:06 pm,0,805.30,0.051
2/29/2020,08:54:06 pm,0,805.13,0.103
2/29/2020,09:24:06 pm,0,804.69,0.135
2/29/2020,09:54:06 pm,0,804.41,0.131
2/29/2020,10:24:06 pm,0,804.34,0.150
2/29/2020,10:54:06 pm,0,804.28,0.156
2/29/2020,11:24:06 pm,0,803.97,0.099
2/29/2020,11:54:06 pm,0,803.81,0.032
3/1/2020,12:24:06 am,0,803.60,-0.006
3/1/2020,12:54:06 am,0,803.35,-0.026
3/1/2020,01:24:06 am,0,802.90,-0.044
3/1/2020,01:54:06 am,0,802.93,-0.058
3/1/2020,02:24:06 am,0,802.55,-0.068
3/1/2020,02:54:06 am,0,802.63,-0.072
3/1/2020,03:24:06 am,0,802.49,-0.074
3/1/2020,03:54:06 am,0,802.40,-0.076
3/1/2020,04:24:06 am,0,802.40,-0.079
3/1/2020,04:54:06 am,0,802.36,-0.083
3/1/2020,05:24:06 am,0,802.11,-0.090
3/1/2020,05:54:06 am,0,801.59,-0.099
3/1/2020,06:24:06 am,0,801.23,-0.110
3/1/2020,06:54:06 am,0,800.89,-0.123
3/1/2020,07:24:06 am,0,800.38,-0.133
3/1/2020,07:54:06 am,0,799.98,-0.142
3/1/2020,08:24:06 am,0,799.64,-0.154
3/1/2020,08:54:06 am,0,799.45,-0.160
3/1/2020,09:24:06 am,0,799.06,-0.165
3/1/2020,09:54:06 am,0,798.75,-0.167
3/1/2020,10:24:06 am,0,798.37,-0.166
3/1/2020,10:54:06 am,0,798.09,-0.167
3/1/2020,11:24:06 am,0,797.86,-0.173
3/1/2020,11:54:06 am,0,797.68,-0.179
3/1/2020,12:24:06 pm,0,797.48,-0.186
3/1/2020,12:54:06 pm,0,797.50,-0.190
3/1/2020,01:24:06 pm,0,797.24,-0.192
3/1/2020,01:54:06 pm,0,797.18,-0.193
3/1/2020,02:24:06 pm,0,797.10,-0.194
3/1/2020,02:54:06 pm,0,796.95,-0.192
3/1/2020,03:24:06 pm,0,796.90,-0.188
3/1/2020,03:54:06 pm,0,796.78,-0.180
3/1/2020,04:24:06 pm,0,796.70,-0.171
3/1/2020,04:54:06 pm,0,796.97,-0.159
3/1/2020,05:24:06 pm,0,797.03,-0.147
3/1/2020,05:54:06 pm,0,797.12,-0.131
3/1/2020,06:24:06 pm,0,797.00,-0.120
3/1/2020,06:54:06 pm,0,797.04,-0.108
3/1/2020,07:24:06 pm,0,797.14,-0.094
3/1/2020,07:54:06 pm,0,797.31,-0.083
3/1/2020,08:24:06 pm,0,797.33,-0.083
3/1/2020,08:54:06 pm,0,797.45,-0.099
3/1/2020,09:24:06 pm,0,797.33,-0.115
3/1/2020,09:54:06 pm,0,797.39,-0.119
3/1/2020,10:24:06 pm,0,797.79,-0.118
3/1/2020,10:54:06 pm,0,797.98,-0.132
3/1/2020,11:24:06 pm,0,798.14,-0.145
3/1/2020,11:54:06 pm,0,798.46,-0.152
3/2/2020,12:24:06 am,0,798.78,-0.159
3/2/2020,12:54:06 am,0,798.91,-0.170
3/2/2020,01:24:06 am,0,799.20,-0.176
3/2/2020,01:54:06 am,0,799.60,-0.181
3/2/2020,02:24:06 am,0,799.93,-0.187
3/2/2020,02:54:06 am,0,800.36,-0.190
3/2/2020,03:24:06 am,0,800.43,-0.192
3/2/2020,03:54:06 am,0,800.85,-0.191
3/2/2020,04:24:06 am,0,801.03,-0.192
3/2/2020,04:54:06 am,0,801.28,-0.192
3/2/2020,05:24:06 am,0,801.60,-0.192
3/2/2020,05:54:06 am,0,802.03,-0.193
3/2/2020,06:24:06 am,0,802.15,-0.194
3/2/2020,06:54:06 am,0,802.07,-0.195
3/2/2020,07:24:06 am,0,802.02,-0.195
3/2/2020,07:54:06 am,0,802.21,-0.196
3/2/2020,08:24:06 am,0,802.28,-0.198
3/2/2020,08:54:06 am,0,802.39,-0.197
3/2/2020,09:24:06 am,0,802.48,-0.198
3/2/2020,09:54:06 am,0,802.16,-0.199
3/2/2020,10:24:06 am,0,802.04,-0.198
3/2/2020,10:54:06 am,0,801.70,-0.197
3/2/2020,11:24:06 am,0,801.80,-0.198
3/2/2020,11:54:06 am,0,801.83,-0.197
3/2/2020,12:24:06 pm,0,801.84,-0.196
3/2/2020,12:54:06 pm,0,801.96,-0.195
3/2/2020,01:24:06 pm,0,801.77,-0.195
3/2/2020,01:54:06 pm,0,801.84,-0.193
3/2/2020,02:24:06 pm,0,801.50,-0.194
3/2/2020,02:54:06 pm,0,801.76,-0.192
3/2/2020,03:24:06 pm,0,801.27,-0.191
3/2/2020,03:54:06 pm,0,801.54,-0.189
3/2/2020,04:24:06 pm,0,801.77,-0.187
3/2/2020,04:54:06 pm,0,801.87,-0.183
3/2/2020,05:24:06 pm,0,802.27,-0.179
3/2/2020,05:54:06 pm,0,802.85,-0.174
3/2/2020,06:24:06 pm,0,802.88,-0.166
3/2/2020,06:54:06 pm,0,802.79,-0.155
3/2/2020,07:24:06 pm,0,802.80,-0.140
3/2/2020,07:54:06 pm,0,802.44,-0.117
3/2/2020,08:24:06 pm,0,802.68,-0.082
3/2/2020,08:54:06 pm,0,803.10,-0.045
3/2/2020,09:24:06 pm,0,802.91,-0.004
3/2/2020,09:54:06 pm,0,803.17,0.016
3/2/2020,10:24:06 pm,0,802.96,0.058
3/2/2020,10:54:06 pm,0,803.49,0.071
3/2/2020,11:24:06 pm,0,803.70,0.044
3/2/2020,11:54:06 pm,0,804.26,0.017
3/3/2020,12:24:06 am,0,804.53,-0.005
3/3/2020,12:54:06 am,0,804.87,-0.028
3/3/2020,01:24:06 am,0,805.37,-0.046
3/3/2020,01:54:06 am,0,805.80,-0.062
3/3/2020,02:24:06 am,0,806.13,-0.075
3/3/2020,02:54:06 am,0,806.13,-0.084
3/3/2020,03:24:06 am,0,806.06,-0.090
3/3/2020,03:54:06 am,0,805.80,-0.092
3/3/2020,04:24:06 am,0,805.54,-0.094
3/3/2020,04:54:06 am,0,805.59,-0.093
3/3/2020,05:24:06 am,0,805.93,-0.093
3/3/2020,05:54:06 am,0,806.20,-0.092
3/3/2020,06:24:06 am,0,806.56,-0.092
3/3/2020,06:54:06 am,0,806.08,-0.093
3/3/2020,07:24:06 am,0,806.57,-0.093
3/3/2020,07:54:06 am,0,807.21,-0.093
3/3/2020,08:24:06 am,0,807.60,-0.093
3/3/2020,08:54:06 am,0,807.47,-0.094
3/3/2020,09:24:06 am,0,807.07,-0.096
3/3/2020,09:54:06 am,0,806.98,-0.100
3/3/2020,10:24:06 am,0,806.76,-0.102
3/3/2020,10:54:06 am,0,806.71,-0.102
3/3/2020,11:24:06 am,0,806.60,-0.103
3/3/2020,11:54:06 am,0,806.49,-0.105
3/3/2020,12:24:06 pm,0,806.63,-0.108
3/3/2020,12:54:06 pm,0,806.59,-0.112
3/3/2020,01:24:06 pm,0,806.45,-0.114
3/3/2020,01:54:06 pm,0,806.56,-0.118
3/3/2020,02:24:06 pm,0,806.76,-0.121
3/3/2020,02:54:06 pm,0,806.96,-0.123
3/3/2020,03:24:06 pm,0,806.73,-0.125
3/3/2020,03:54:06 pm,0,806.81,-0.125
3/3/2020,04:24:06 pm,0,807.04,-0.122
3/3/2020,04:54:06 pm,0,807.08,-0.119
3/3/2020,05:24:06 pm,0,807.24,-0.112
3/3/2020,05:54:06 pm,0,807.09,-0.101
3/3/2020,06:24:06 pm,0,807.53,-0.085
3/3/2020,06:54:06 pm,0,807.65,-0.069
3/3/2020,07:24:06 pm,0,807.35,-0.038
3/3/2020,07:54:06 pm,0,807.14,0.013
3/3/2020,08:24:06 pm,0,806.96,0.093
3/3/2020,08:54:06 pm,0,806.54,0.163
3/3/2020,09:24:06 pm,0,806.53,0.210
3/3/2020,09:54:06 pm,0,806.54,0.206
3/3/2020,10:24:06 pm,0,806.71,0.253
3/3/2020,10:54:06 pm,0,806.95,0.250
3/3/2020,11:24:06 pm,0,806.97,0.216
3/3/2020,11:54:06 pm,0,807.07,0.159
3/4/2020,12:24:06 am,0,807.26,0.113
3/4/2020,12:54:06 am,0,807.51,0.073
3/4/2020,01:24:06 am,0,807.69,0.037
3/4/2020,01:54:06 am,0,808.15,0.014
3/4/2020,02:24:06 am,0,808.40,-0.005
3/4/2020,02:54:06 am,0,808.47,-0.018
3/4/2020,03:24:06 am,0,808.72,-0.027
3/4/2020,03:54:06 am,0,808.72,-0.036
3/4/2020,04:24:06 am,0,808.82,-0.045
3/4/2020,04:54:06 am,0,808.99,-0.052
3/4/2020,05:24:06 am,0,809.17,-0.058
3/4/2020,05:54:06 am,0,809.22,-0.065
3/4/2020,06:24:06 am,0,809.25,-0.071
3/4/2020,06:54:06 am,0,809.16,-0.076
3/4/2020,07:24:06 am,0,809.09,-0.081
3/4/2020,07:54:06 am,0,809.13,-0.086
3/4/2020,08:24:06 am,0,809.28,-0.092
3/4/2020,08:54:06 am,0,809.38,-0.099
3/4/2020,09:24:06 am,0,809.45,-0.105
3/4/2020,09:54:06 am,0,809.54,-0.119
3/4/2020,10:24:06 am,0,809.51,-0.135
3/4/2020,10:54:06 am,0,809.25,-0.146
3/4/2020,11:24:06 am,0,809.16,-0.155
3/4/2020,11:54:06 am,0,809.16,-0.158
3/4/2020,12:24:06 pm,0,809.05,-0.159
3/4/2020,12:54:06 pm,0,809.36,-0.161
3/4/2020,01:24:06 pm,0,809.68,-0.164
3/4/2020,01:54:06 pm,0,809.85,-0.168
3/4/2020,02:24:06 pm,0,810.08,-0.174
3/4/2020,02:54:06 pm,0,810.28,-0.180
3/4/2020,03:24:06 pm,0,810.48,-0.184
3/4/2020,03:54:06 pm,0,810.58,-0.183
3/4/2020,04:24:06 pm,0,810.73,-0.180
3/4/2020,04:54:06 pm,0,810.78,-0.176
3/4/2020,05:24:06 pm,0,810.85,-0.168
3/4/2020,05:54:06 pm,0,811.11,-0.162
3/4/2020,06:24:06 pm,0,811.25,-0.154
3/4/2020,06:54:06 pm,0,811.06,-0.135
3/4/2020,07:24:06 pm,0,811.08,-0.095
3/4/2020,07:54:06 pm,0,810.85,-0.036
3/4/2020,08:24:06 pm,0,810.69,0.044
3/4/2020,08:54:06 pm,0,810.51,0.115
3/4/2020,09:24:06 pm,0,810.32,0.179
3/4/2020,09:54:06 pm,0,810.38,0.209
3/4/2020,10:24:06 pm,0,810.41,0.264
3/4/2020,10:54:06 pm,0,810.57,0.264
3/4/2020,11:24:06 pm,0,810.74,0.222
3/4/2020,11:54:06 pm,0,810.78,0.166
3/5/2020,12:24:06 am,0,810.95,0.105
3/5/2020,12:54:06 am,0,811.10,0.058
3/5/2020,01:24:06 am,0,810.29,-0.003
3/5/2020,01:54:06 am,0,811.45,-0.069
3/5/2020,02:24:06 am,0,811.32,-0.104
3/5/2020,02:54:06 am,0,811.55,-0.110
3/5/2020,03:24:06 am,0,811.80,-0.112
3/5/2020,03:54:06 am,0,812.01,-0.125
3/5/2020,04:24:06 am,0,812.08,-0.135
3/5/2020,04:54:06 am,0,812.16,-0.133
3/5/2020,05:24:06 am,0,812.16,-0.131
3/5/2020,05:54:06 am,0,812.23,-0.134
3/5/2020,06:24:06 am,0,812.17,-0.137
3/5/2020,06:54:06 am,0,812.10,-0.136
3/5/2020,07:24:06 am,0,812.00,-0.132
3/5/2020,07:54:06 am,0,811.83,-0.131
3/5/2020,08:24:06 am,0,811.84,-0.132
3/5/2020,08:54:06 am,0,812.42,-0.138
3/5/2020,09:24:06 am,0,812.34,-0.172
3/5/2020,09:54:06 am,0,812.19,-0.182
3/5/2020,10:24:06 am,0,812.31,-0.189
3/5/2020,10:54:06 am,0,812.22,-0.197
3/5/2020,11:24:06 am,0,812.11,-0.200
3/5/2020,11:54:06 am,0,812.36,-0.200
3/5/2020,12:24:06 pm,0,812.45,-0.200
3/5/2020,12:54:06 pm,0,812.52,-0.203
3/5/2020,01:24:06 pm,0,812.64,-0.205
3/5/2020,01:54:06 pm,0,812.74,-0.203
3/5/2020,02:24:06 pm,0,812.76,-0.201
3/5/2020,02:54:06 pm,0,812.83,-0.200
3/5/2020,03:24:06 pm,0,812.98,-0.199
3/5/2020,03:54:06 pm,0,813.20,-0.198
3/5/2020,04:24:06 pm,0,813.39,-0.197
3/5/2020,04:54:06 pm,0,813.93,-0.198
3/5/2020,05:24:06 pm,0,813.48,-0.198
3/5/2020,05:54:06 pm,0,813.47,-0.191
3/5/2020,06:24:06 pm,0,813.97,-0.191
3/5/2020,06:54:06 pm,0,814.07,-0.187
3/5/2020,07:24:06 pm,0,814.20,-0.178
3/5/2020,07:54:06 pm,0,813.86,-0.153
3/5/2020,08:24:06 pm,0,813.27,-0.103
3/5/2020,08:54:06 pm,0,812.72,-0.044
3/5/2020,09:24:06 pm,0,812.26,0.026
3/5/2020,09:54:06 pm,0,811.92,0.071
3/5/2020,10:24:06 pm,0,811.70,0.101
3/5/2020,10:54:06 pm,0,811.74,0.099
3/5/2020,11:24:06 pm,0,811.64,0.069
3/5/2020,11:54:06 pm,0,811.50,0.025
3/6/2020,12:24:06 am,0,811.39,-0.019
3/6/2020,12:54:06 am,0,811.53,-0.040
3/6/2020,01:24:06 am,0,811.45,-0.071
3/6/2020,01:54:06 am,0,811.59,-0.088
3/6/2020,02:24:06 am,0,811.66,-0.101
3/6/2020,02:54:06 am,0,811.64,-0.111
3/6/2020,03:24:06 am,0,811.71,-0.119
3/6/2020,03:54:06 am,0,811.51,-0.128
3/6/2020,04:24:06 am,0,811.35,-0.136
3/6/2020,04:54:06 am,0,811.37,-0.140
3/6/2020,05:24:06 am,0,811.39,-0.146
3/6/2020,05:54:06 am,0,811.18,-0.150
3/6/2020,06:24:06 am,0,810.92,-0.152
3/6/2020,06:54:06 am,0,810.62,-0.154
3/6/2020,07:24:06 am,0,810.53,-0.154
3/6/2020,07:54:06 am,0,810.51,-0.155
3/6/2020,08:24:06 am,0,810.41,-0.155
3/6/2020,08:54:06 am,0,810.48,-0.157
3/6/2020,09:24:06 am,0,810.81,-0.167
3/6/2020,09:54:06 am,0,810.64,-0.189
3/6/2020,10:24:06 am,0,810.30,-0.194
3/6/2020,10:54:06 am,0,809.97,-0.195
3/6/2020,11:24:06 am,0,809.66,-0.194
3/6/2020,11:54:06 am,0,809.55,-0.192
3/6/2020,12:24:06 pm,0,809.48,-0.189
3/6/2020,12:54:06 pm,0,809.40,-0.187
3/6/2020,01:24:06 pm,0,809.21,-0.185
3/6/2020,01:54:06 pm,0,809.02,-0.185
3/6/2020,02:24:06 pm,0,808.94,-0.186
3/6/2020,02:54:06 pm,0,809.02,-0.185
3/6/2020,03:24:06 pm,0,809.11,-0.181
3/6/2020,03:54:06 pm,0,809.27,-0.177
3/6/2020,04:24:06 pm,0,809.27,-0.168
3/6/2020,04:54:06 pm,0,809.21,-0.159
3/6/2020,05:24:06 pm,0,809.27,-0.148
3/6/2020,05:54:06 pm,0,809.12,-0.136
3/6/2020,06:24:06 pm,0,808.90,-0.099
3/6/2020,06:54:06 pm,0,809.01,-0.112
3/6/2020,07:24:06 pm,0,808.85,-0.083
3/6/2020,07:54:06 pm,0,808.88,-0.054
3/6/2020,08:24:06 pm,0,808.10,0.013
3/6/2020,08:54:06 pm,0,807.47,0.109
3/6/2020,09:24:06 pm,0,806.94,0.183
3/6/2020,09:54:06 pm,0,806.59,0.153
3/6/2020,10:24:06 pm,0,806.37,0.224
3/6/2020,10:54:06 pm,0,806.42,0.192
3/6/2020,11:24:06 pm,0,806.35,0.109
3/6/2020,11:54:06 pm,0,806.29,0.039
3/7/2020,12:24:06 am,0,806.01,-0.039
3/7/2020,12:54:06 am,0,805.81,-0.083
3/7/2020,01:24:06 am,0,805.83,-0.114
3/7/2020,01:54:06 am,0,805.74,-0.136
3/7/2020,02:24:06 am,0,805.72,-0.142
3/7/2020,02:54:06 am,0,805.51,-0.146
3/7/2020,03:24:06 am,0,805.36,-0.149
3/7/2020,03:54:06 am,0,804.98,-0.151
3/7/2020,04:24:06 am,0,805.06,-0.152
3/7/2020,04:54:06 am,0,805.16,-0.153
3/7/2020,05:24:06 am,0,804.81,-0.148
3/7/2020,05:54:06 am,0,804.48,-0.140
3/7/2020,06:24:06 am,0,804.10,-0.137
3/7/2020,06:54:06 am,0,803.93,-0.131
3/7/2020,07:24:06 am,0,803.79,-0.130
3/7/2020,07:54:06 am,0,803.57,-0.129
3/7/2020,08:24:06 am,0,803.57,-0.131
3/7/2020,08:54:06 am,0,803.58,-0.172
3/7/2020,09:24:06 am,0,803.20,-0.182
3/7/2020,09:54:06 am,0,802.94,-0.186
3/7/2020,10:24:06 am,0,802.53,-0.186
3/7/2020,10:54:06 am,0,802.25,-0.187
3/7/2020,11:24:06 am,0,801.81,-0.182
3/7/2020,11:54:06 am,0,801.55,-0.178
3/7/2020,12:24:06 pm,0,801.38,-0.172
3/7/2020,12:54:06 pm,0,800.92,-0.169
3/7/2020,01:24:06 pm,0,800.82,-0.170
3/7/2020,01:54:06 pm,0,800.63,-0.172
3/7/2020,02:24:06 pm,0,800.45,-0.172
3/7/2020,02:54:06 pm,0,800.26,-0.170
3/7/2020,03:24:06 pm,0,800.45,-0.164
3/7/2020,03:54:06 pm,0,800.56,-0.156
3/7/2020,04:24:06 pm,0,800.72,-0.154
3/7/2020,04:54:06 pm,0,800.81,-0.151
3/7/2020,05:24:06 pm,0,800.51,-0.141
3/7/2020,05:54:06 pm,0,800.54,-0.119
3/7/2020,06:24:06 pm,0,800.61,-0.079
3/7/2020,06:54:06 pm,0,800.56,-0.052
3/7/2020,07:24:06 pm,0,800.71,-0.042
3/7/2020,07:54:06 pm,0,800.59,-0.056
3/7/2020,08:24:06 pm,0,800.05,-0.064
3/7/2020,08:54:06 pm,0,799.85,-0.069
3/7/2020,09:24:06 pm,0,799.68,-0.066
3/7/2020,09:54:06 pm,0,799.67,-0.055
3/7/2020,10:24:06 pm,0,799.76,-0.047
3/7/2020,10:54:06 pm,0,799.61,-0.038
3/7/2020,11:24:06 pm,0,799.67,-0.050
3/7/2020,11:54:06 pm,0,799.81,-0.070
3/8/2020,12:24:06 am,0,799.75,-0.083
3/8/2020,12:54:06 am,0,799.77,-0.088
3/8/2020,01:24:06 am,0,799.87,-0.106
3/8/2020,01:54:06 am,0,800.06,-0.124
3/8/2020,02:24:06 am,0,800.23,-0.131
3/8/2020,02:54:06 am,0,800.30,-0.141
3/8/2020,03:24:06 am,0,800.44,-0.151
3/8/2020,03:54:06 am,0,800.56,-0.156
3/8/2020,04:24:06 am,0,800.54,-0.156
3/8/2020,04:54:06 am,0,800.62,-0.155
3/8/2020,05:24:06 am,0,800.75,-0.157
3/8/2020,05:54:06 am,0,800.95,-0.166
3/8/2020,06:24:06 am,0,800.99,-0.180
3/8/2020,06:54:06 am,0,801.16,-0.194
3/8/2020,07:24:06 am,0,800.90,-0.207
3/8/2020,07:54:06 am,0,800.64,-0.217
3/8/2020,08:24:06 am,0,800.41,-0.221
3/8/2020,08:54:06 am,0,800.15,-0.220
3/8/2020,09:24:06 am,0,800.34,-0.218
3/8/2020,09:54:06 am,0,800.33,-0.217
3/8/2020,10:24:06 am,0,800.02,-0.216
3/8/2020,10:54:06 am,0,799.59,-0.214
3/8/2020,11:24:06 am,0,799.54,-0.213
3/8/2020,11:54:06 am,0,799.56,-0.213
3/8/2020,12:24:06 pm,0,799.43,-0.213
3/8/2020,12:54:06 pm,0,799.36,-0.211
3/8/2020,01:24:06 pm,0,799.12,-0.210
3/8/2020,01:54:06 pm,0,799.24,-0.211
3/8/2020,02:24:06 pm,0,799.11,-0.210
3/8/2020,02:54:06 pm,0,799.12,-0.209
3/8/2020,03:24:06 pm,0,799.37,-0.208
3/8/2020,03:54:06 pm,0,799.57,-0.207
3/8/2020,04:24:06 pm,0,799.88,-0.205
3/8/2020,04:54:06 pm,0,800.18,-0.203
3/8/2020,05:24:06 pm,0,800.46,-0.198
3/8/2020,05:54:06 pm,0,800.90,-0.194
3/8/2020,06:24:06 pm,0,801.48,-0.185
3/8/2020,06:54:06 pm,0,802.22,-0.184
3/8/2020,07:24:06 pm,0,802.15,-0.175
3/8/2020,07:54:06 pm,0,802.35,-0.142
3/8/2020,08:24:06 pm,0,801.99,-0.102
3/8/2020,08:54:06 pm,0,801.91,-0.058
3/8/2020,09:24:06 pm,0,801.62,-0.016
3/8/2020,09:54:06 pm,0,801.32,0.020
3/8/2020,10:24:06 pm,0,801.42,0.048
3/8/2020,10:54:06 pm,0,801.41,0.049
3/8/2020,11:24:06 pm,0,801.47,0.037
3/8/2020,11:54:06 pm,0,801.34,0.023
3/9/2020,12:24:06 am,0,801.20,0.006
3/9/2020,12:54:06 am,0,801.34,-0.013
3/9/2020,01:24:06 am,0,801.60,-0.036
3/9/2020,01:54:06 am,0,801.80,-0.059
3/9/2020,02:24:06 am,0,801.85,-0.077
3/9/2020,02:54:06 am,0,802.19,-0.092
3/9/2020,03:24:06 am,0,802.52,-0.101
3/9/2020,03:54:06 am,0,802.80,-0.108
3/9/2020,04:24:06 am,0,802.88,-0.114
3/9/2020,04:54:06 am,0,803.60,-0.119
3/9/2020,05:24:06 am,0,803.85,-0.122
3/9/2020,05:54:06 am,0,804.06,-0.125
3/9/2020,06:24:06 am,0,803.79,-0.126
3/9/2020,06:54:06 am,0,803.87,-0.128
3/9/2020,07:24:06 am,0,804.01,-0.130
3/9/2020,07:54:06 am,0,803.80,-0.130
3/9/2020,08:24:06 am,0,803.95,-0.131
3/9/2020,08:54:06 am,0,804.31,-0.133
3/9/2020,09:24:06 am,0,804.46,-0.137
3/9/2020,09:54:06 am,0,804.17,-0.138
3/9/2020,10:24:06 am,0,803.93,-0.140
3/9/2020,10:54:06 am,0,803.77,-0.145
3/9/2020,11:24:06 am,0,803.75,-0.155
3/9/2020,11:54:06 am,0,804.00,-0.166
3/9/2020,12:24:06 pm,0,804.16,-0.173
3/9/2020,12:54:06 pm,0,804.19,-0.175
3/9/2020,01:24:06 pm,0,804.25,-0.176
3/9/2020,01:54:06 pm,0,804.15,-0.177
3/9/2020,02:24:06 pm,0,804.41,-0.180
3/9/2020,02:54:06 pm,0,804.52,-0.185
3/9/2020,03:24:06 pm,0,804.40,-0.190
3/9/2020,03:54:06 pm,0,804.39,-0.192
3/9/2020,04:24:06 pm,0,805.09,-0.194
3/9/2020,04:54:06 pm,0,805.27,-0.190
3/9/2020,05:24:06 pm,0,805.33,-0.182
3/9/2020,05:54:06 pm,0,805.43,-0.166
3/9/2020,06:24:06 pm,0,805.94,-0.131
3/9/2020,06:54:06 pm,0,805.53,-0.083
3/9/2020,07:24:06 pm,0,805.41,-0.025
3/9/2020,07:54:06 pm,0,805.37,0.030
3/9/2020,08:24:06 pm,0,805.03,0.074
3/9/2020,08:54:06 pm,0,804.84,0.120
3/9/2020,09:24:06 pm,0,804.80,0.170
3/9/2020,09:54:06 pm,0,804.91,0.208
3/9/2020,10:24:06 pm,0,805.05,0.233
3/9/2020,10:54:06 pm,0,805.24,0.247
3/9/2020,11:24:06 pm,0,805.32,0.225
3/9/2020,11:54:06 pm,0,805.15,0.193
3/10/2020,12:24:06 am,0,804.97,0.163
3/10/2020,12:54:06 am,0,804.91,0.133
3/10/2020,01:24:06 am,0,805.05,0.101
3/10/2020,01:54:06 am,0,805.30,0.072
3/10/2020,02:24:06 am,0,805.50,0.045
3/10/2020,02:54:06 am,0,805.65,0.024
3/10/2020,03:24:06 am,0,805.79,0.004
3/10/2020,03:54:06 am,0,805.87,-0.009
3/10/2020,04:24:06 am,0,806.16,-0.017
3/10/2020,04:54:06 am,0,806.49,-0.021
3/10/2020,05:24:06 am,0,806.54,-0.022
3/10/2020,05:54:06 am,0,806.71,-0.024
3/10/2020,06:24:06 am,0,806.82,-0.026
3/10/2020,06:54:06 am,0,806.60,-0.032
3/10/2020,07:24:06 am,0,806.60,-0.042
3/10/2020,07:54:06 am,0,806.42,-0.055
3/10/2020,08:24:06 am,0,806.17,-0.069
3/10/2020,08:54:06 am,0,806.16,-0.082
3/10/2020,09:24:06 am,0,806.27,-0.096
3/10/2020,09:54:06 am,0,805.96,-0.108
3/10/2020,10:24:06 am,0,805.78,-0.119
3/10/2020,10:54:06 am,0,805.69,-0.125
3/10/2020,11:24:06 am,0,805.54,-0.130
3/10/2020,11:54:06 am,0,805.43,-0.130
3/10/2020,12:24:06 pm,0,805.38,-0.130
3/10/2020,12:54:06 pm,0,805.28,-0.130
3/10/2020,01:24:06 pm,0,805.40,-0.130
3/10/2020,01:54:06 pm,0,805.46,-0.128
3/10/2020,02:24:06 pm,0,805.24,-0.125
3/10/2020,02:54:06 pm,0,805.59,-0.123
3/10/2020,03:24:06 pm,0,805.72,-0.117
3/10/2020,03:54:06 pm,0,806.02,-0.106
3/10/2020,04:24:06 pm,0,806.22,-0.101
3/10/2020,04:54:06 pm,0,806.15,-0.094
3/10/2020,05:24:06 pm,0,806.15,-0.087
3/10/2020,05:54:06 pm,0,806.15,-0.078
3/10/2020,06:24:06 pm,0,806.50,-0.047
3/10/2020,06:54:06 pm,0,806.47,-0.005
3/10/2020,07:24:06 pm,0,806.32,0.062
3/10/2020,07:54:06 pm,0,806.31,0.146
3/10/2020,08:24:06 pm,0,806.33,0.179
3/10/2020,08:54:06 pm,0,806.40,0.199
3/10/2020,09:24:06 pm,0,805.75,0.219
3/10/2020,09:54:06 pm,0,805.71,0.293
3/10/2020,10:24:06 pm,0,805.72,0.341
3/10/2020,10:54:06 pm,0,806.00,0.336
3/10/2020,11:24:06 pm,0,805.83,0.308
3/10/2020,11:54:06 pm,0,805.81,0.228
3/11/2020,12:24:06 am,0,805.66,0.204
3/11/2020,12:54:06 am,0,805.53,0.184
3/11/2020,01:24:06 am,0,805.64,0.155
3/11/2020,01:54:06 am,0,805.54,0.129
3/11/2020,02:24:06 am,0,805.50,0.102
3/11/2020,02:54:06 am,0,805.86,0.083
3/11/2020,03:24:06 am,0,805.96,0.068
3/11/2020,03:54:06 am,0,806.01,0.058
3/11/2020,04:24:06 am,0,805.88,0.053
3/11/2020,04:54:06 am,0,806.08,0.049
3/11/2020,05:24:06 am,0,805.90,0.044
3/11/2020,05:54:06 am,0,805.98,0.042
3/11/2020,06:24:06 am,0,805.93,0.035
3/11/2020,06:54:06 am,0,805.80,0.029
3/11/2020,07:24:06 am,0,805.96,0.026
3/11/2020,07:54:06 am,0,805.84,0.024
3/11/2020,08:24:06 am,0,805.72,0.025
3/11/2020,08:54:06 am,0,805.80,0.026
3/11/2020,09:24:06 am,0,805.83,0.025
3/11/2020,09:54:06 am,0,805.53,0.018
3/11/2020,10:24:06 am,0,805.46,0.014
3/11/2020,10:54:06 am,0,805.11,0.010
3/11/2020,11:24:06 am,0,804.99,0.005
3/11/2020,11:54:06 am,0,804.88,0.001
3/11/2020,12:24:06 pm,0,804.73,-0.009
3/11/2020,12:54:06 pm,0,804.70,-0.022
3/11/2020,01:24:06 pm,0,804.82,-0.036
3/11/2020,01:54:06 pm,0,804.82,-0.053
3/11/2020,02:24:06 pm,0,804.88,-0.066
3/11/2020,02:54:06 pm,0,804.98,-0.079
3/11/2020,03:24:06 pm,0,805.26,-0.087
3/11/2020,03:54:06 pm,0,805.32,-0.094
3/11/2020,04:24:06 pm,0,805.35,-0.094
3/11/2020,04:54:06 pm,0,805.50,-0.088
3/11/2020,05:24:06 pm,0,805.41,-0.056
3/11/2020,05:54:06 pm,0,805.15,-0.026
3/11/2020,06:24:06 pm,0,805.08,0.026
3/11/2020,06:54:06 pm,0,805.13,0.102
3/11/2020,07:24:06 pm,0,804.99,0.191
3/11/2020,07:54:06 pm,0,804.94,0.395
3/11/2020,08:24:06 pm,0,804.87,0.469
3/11/2020,08:54:06 pm,0,804.48,0.584
3/11/2020,09:24:06 pm,0,804.66,0.697
3/11/2020,09:54:06 pm,0,804.55,0.681
3/11/2020,10:24:06 pm,0,804.49,0.798
3/11/2020,10:54:06 pm,0,804.59,0.652
3/11/2020,11:24:06 pm,0,804.77,0.562
3/11/2020,11:54:06 pm,0,804.70,0.450
3/12/2020,12:24:06 am,0,804.84,0.374
3/12/2020,12:54:06 am,0,804.77,0.321
3/12/2020,01:24:06 am,0,804.91,0.282
3/12/2020,01:54:06 am,0,804.96,0.244
3/12/2020,02:24:06 am,0,805.12,0.209
3/12/2020,02:54:06 am,0,805.24,0.171
3/12/2020,03:24:06 am,0,805.48,0.132
3/12/2020,03:54:06 am,0,805.67,0.094
3/12/2020,04:24:06 am,0,805.59,0.069
3/12/2020,04:54:06 am,0,805.45,0.048
3/12/2020,05:24:06 am,0,805.62,0.030
3/12/2020,05:54:06 am,0,805.63,0.019
3/12/2020,06:24:06 am,0,805.40,0.009
3/12/2020,06:54:06 am,0,805.37,0.001
3/12/2020,07:24:06 am,0,805.38,-0.008
3/12/2020,07:54:06 am,0,805.18,-0.015
3/12/2020,08:24:06 am,0,805.15,-0.023
3/12/2020,08:54:06 am,0,805.12,-0.032
3/12/2020,09:24:06 am,0,805.12,-0.043
3/12/2020,09:54:06 am,0,805.02,-0.049
3/12/2020,10:24:06 am,0,805.17,-0.057
3/12/2020,10:54:06 am,0,805.10,-0.075
3/12/2020,11:24:06 am,0,805.11,-0.093
3/12/2020,11:54:06 am,0,805.13,-0.116
3/12/2020,12:24:06 pm,0,805.18,-0.130
3/12/2020,12:54:06 pm,0,805.33,-0.138
3/12/2020,01:24:06 pm,0,805.23,-0.141
3/12/2020,01:54:06 pm,0,804.82,-0.141
3/12/2020,02:24:06 pm,0,804.85,-0.137
3/12/2020,02:54:06 pm,0,804.80,-0.129
3/12/2020,03:24:06 pm,0,804.67,-0.114
3/12/2020,03:54:06 pm,0,804.80,-0.098
3/12/2020,04:24:06 pm,0,804.64,-0.073
3/12/2020,04:54:06 pm,0,804.33,-0.056
3/12/2020,05:24:06 pm,0,804.39,-0.032
3/12/2020,05:54:06 pm,0,804.13,-0.015
3/12/2020,06:24:06 pm,0,804.03,0.027
3/12/2020,06:54:06 pm,0,803.78,0.088
3/12/2020,07:24:06 pm,0,803.49,0.189
3/12/2020,07:54:06 pm,0,803.49,0.317
3/12/2020,08:24:06 pm,0,803.37,0.464
3/12/2020,08:54:06 pm,0,802.99,0.585
3/12/2020,09:24:06 pm,0,802.47,0.670
3/12/2020,09:54:06 pm,0,802.27,0.710
3/12/2020,10:24:06 pm,0,802.33,0.701
3/12/2020,10:54:06 pm,0,802.46,0.597
3/12/2020,11:24:06 pm,0,802.24,0.406
3/12/2020,11:54:06 pm,0,802.64,0.302
3/13/2020,12:24:06 am,0,802.24,0.119
3/13/2020,12:54:06 am,0,801.98,0.080
3/13/2020,01:24:06 am,0,802.30,0.040
3/13/2020,01:54:06 am,0,802.07,0.000
3/13/2020,02:24:06 am,0,801.89,-0.022
3/13/2020,02:54:06 am,0,801.60,-0.018
3/13/2020,03:24:06 am,0,801.31,-0.020
3/13/2020,03:54:06 am,0,801.47,-0.020
3/13/2020,04:24:06 am,0,801.55,-0.022
3/13/2020,04:54:06 am,0,801.61,-0.025
3/13/2020,05:24:06 am,0,801.26,-0.031
3/13/2020,05:54:06 am,0,800.95,-0.031
3/13/2020,06:24:06 am,0,800.80,-0.036
3/13/2020,06:54:06 am,0,800.98,-0.048
3/13/2020,07:24:06 am,0,800.65,-0.060
3/13/2020,07:54:06 am,0,800.46,-0.071
3/13/2020,08:24:06 am,0,800.13,-0.081
3/13/2020,08:54:06 am,0,800.28,-0.090
3/13/2020,09:24:06 am,0,800.78,-0.113
3/13/2020,09:54:06 am,0,800.64,-0.152
3/13/2020,10:24:06 am,0,800.28,-0.170
3/13/2020,10:54:06 am,0,799.60,-0.186
3/13/2020,11:24:06 am,0,799.05,-0.188
3/13/2020,11:54:06 am,0,798.86,-0.192
3/13/2020,12:24:06 pm,0,798.73,-0.194
3/13/2020,12:54:06 pm,0,798.73,-0.194
3/13/2020,01:24:06 pm,0,798.83,-0.194
3/13/2020,01:54:06 pm,0,799.03,-0.194
3/13/2020,02:24:06 pm,0,798.94,-0.198
3/13/2020,02:54:06 pm,0,798.72,-0.199
3/13/2020,03:24:06 pm,0,798.68,-0.202
3/13/2020,03:54:06 pm,0,798.67,-0.204
3/13/2020,04:24:06 pm,0,798.89,-0.200
3/13/2020,04:54:06 pm,0,798.95,-0.186
3/13/2020,05:24:06 pm,0,799.09,-0.156
3/13/2020,05:54:06 pm,0,799.37,-0.122
3/13/2020,06:24:06 pm,0,799.96,-0.081
3/13/2020,06:54:06 pm,0,800.31,-0.066
3/13/2020,07:24:06 pm,0,800.65,-0.074
3/13/2020,07:54:06 pm,0,800.36,0.015
3/13/2020,08:24:06 pm,0,800.16,0.159
3/13/2020,08:54:06 pm,0,800.01,0.356
3/13/2020,09:24:06 pm,0,800.05,0.509
3/13/2020,09:54:06 pm,0,800.39,0.512
3/13/2020,10:24:06 pm,0,800.53,0.357
3/13/2020,10:54:06 pm,0,800.67,0.251
3/13/2020,11:24:06 pm,0,800.74,0.190
3/13/2020,11:54:06 pm,0,800.55,0.156
3/14/2020,12:24:06 am,0,800.42,0.143
3/14/2020,12:54:06 am,0,800.38,0.095
3/14/2020,01:24:06 am,0,800.46,0.066
3/14/2020,01:54:06 am,0,800.39,0.041
3/14/2020,02:24:06 am,0,800.18,0.020
3/14/2020,02:54:06 am,0,800.36,0.018
3/14/2020,03:24:06 am,0,800.40,0.006
3/14/2020,03:54:06 am,0,800.34,0.006
3/14/2020,04:24:06 am,0,800.44,0.006
3/14/2020,04:54:06 am,0,800.24,0.005
3/14/2020,05:24:06 am,0,800.34,-0.018
3/14/2020,05:54:06 am,0,800.62,-0.031
3/14/2020,06:24:06 am,0,800.70,-0.036
3/14/2020,06:54:06 am,0,800.70,-0.039
3/14/2020,07:24:06 am,0,800.67,-0.049
3/14/2020,07:54:06 am,0,800.68,-0.063
3/14/2020,08:24:06 am,0,800.81,-0.082
3/14/2020,08:54:06 am,0,800.90,-0.093
3/14/2020,09:24:06 am,0,800.58,-0.101
3/14/2020,09:54:06 am,0,800.66,-0.105
3/14/2020,10:24:06 am,0,800.73,-0.118
3/14/2020,10:54:06 am,0,800.54,-0.128
3/14/2020,11:24:06 am,0,800.04,-0.147
3/14/2020,11:54:06 am,0,800.12,-0.154
3/14/2020,12:24:06 pm,0,800.51,-0.155
3/14/2020,12:54:06 pm,0,800.76,-0.157
3/14/2020,01:24:06 pm,0,801.01,-0.162
3/14/2020,01:54:06 pm,0,801.25,-0.164
3/14/2020,02:24:06 pm,0,801.21,-0.169
3/14/2020,02:54:06 pm,0,801.17,-0.175
3/14/2020,03:24:06 pm,0,801.28,-0.181
3/14/2020,03:54:06 pm,0,801.15,-0.184
3/14/2020,04:24:06 pm,0,801.05,-0.182
3/14/2020,04:54:06 pm,0,800.70,-0.171
3/14/2020,05:24:06 pm,0,800.75,-0.146
3/14/2020,05:54:06 pm,0,801.12,-0.126
3/14/2020,06:24:06 pm,0,801.22,-0.084
3/14/2020,06:54:06 pm,0,801.42,-0.038
3/14/2020,07:24:06 pm,0,801.50,0.082
3/14/2020,07:54:06 pm,0,801.58,0.206
3/14/2020,08:24:06 pm,0,801.50,0.355
3/14/2020,08:54:06 pm,0,801.54,0.446
3/14/2020,09:24:06 pm,0,801.03,0.513
3/14/2020,09:54:06 pm,0,800.94,0.553
3/14/2020,10:24:06 pm,0,800.97,0.464
3/14/2020,10:54:06 pm,0,801.24,0.350
3/14/2020,11:24:06 pm,0,800.82,0.221
3/14/2020,11:54:06 pm,0,801.07,0.156
3/15/2020,12:24:06 am,0,800.82,0.128
3/15/2020,12:54:06 am,0,800.52,0.108
3/15/2020,01:24:06 am,0,800.12,0.092
3/15/2020,01:54:06 am,0,799.90,0.074
3/15/2020,02:24:06 am,0,799.73,0.050
3/15/2020,02:54:06 am,0,799.76,0.028
3/15/2020,03:24:06 am,0,799.82,-0.014
3/15/2020,03:54:06 am,0,799.86,-0.043
3/15/2020,04:24:06 am,0,799.84,-0.097
3/15/2020,04:54:06 am,0,800.09,-0.156
3/15/2020,05:24:06 am,0,800.06,-0.202
3/15/2020,05:54:06 am,0,800.48,-0.210
3/15/2020,06:24:06 am,0,799.98,-0.212
3/15/2020,06:54:06 am,0,799.85,-0.214
3/15/2020,07:24:06 am,0,799.75,-0.213
3/15/2020,07:54:06 am,0,799.88,-0.214
3/15/2020,08:24:06 am,0,799.89,-0.213
3/15/2020,08:54:06 am,0,800.01,-0.212
3/15/2020,09:24:06 am,0,799.54,-0.211
3/15/2020,09:54:06 am,0,799.23,-0.210
3/15/2020,10:24:06 am,0,798.84,-0.210
3/15/2020,10:54:06 am,0,798.69,-0.210
3/15/2020,11:24:06 am,0,798.48,-0.209
3/15/2020,11:54:06 am,0,798.14,-0.207
3/15/2020,12:24:06 pm,0,797.80,-0.206
3/15/2020,12:54:06 pm,0,797.63,-0.205
3/15/2020,01:24:06 pm,0,797.81,-0.202
3/15/2020,01:54:06 pm,0,797.88,-0.200
3/15/2020,02:24:06 pm,0,797.99,-0.199
3/15/2020,02:54:06 pm,0,798.35,-0.201
3/15/2020,03:24:06 pm,0,798.71,-0.198
3/15/2020,03:54:06 pm,0,798.94,-0.192
3/15/2020,04:24:06 pm,0,799.51,-0.184
3/15/2020,04:54:06 pm,0,799.84,-0.176
3/15/2020,05:24:06 pm,0,800.17,-0.172
3/15/2020,05:54:06 pm,0,800.62,-0.168
3/15/2020,06:24:06 pm,0,800.99,-0.164
3/15/2020,06:54:06 pm,0,801.21,-0.157
3/15/2020,07:24:06 pm,0,801.17,-0.147
3/15/2020,07:54:06 pm,0,801.37,-0.142
3/15/2020,08:24:06 pm,0,801.33,-0.138
3/15/2020,08:54:06 pm,0,801.15,-0.139
3/15/2020,09:24:06 pm,0,801.15,-0.134
3/15/2020,09:54:06 pm,0,801.36,-0.145
3/15/2020,10:24:06 pm,0,801.55,-0.161
3/15/2020,10:54:06 pm,0,801.57,-0.162
3/15/2020,11:24:06 pm,0,801.70,-0.167
3/15/2020,11:54:06 pm,0,801.91,-0.173
3/16/2020,12:24:06 am,0,801.60,-0.178
3/16/2020,12:54:06 am,0,801.48,-0.186
3/16/2020,01:24:06 am,0,801.19,-0.196
3/16/2020,01:54:06 am,0,801.36,-0.208
3/16/2020,02:24:06 am,0,801.24,-0.205
3/16/2020,02:54:06 am,0,801.14,-0.208
3/16/2020,03:24:06 am,0,801.29,-0.203
3/16/2020,03:54:06 am,0,801.25,-0.203
3/16/2020,04:24:06 am,0,801.28,-0.202
3/16/2020,04:54:06 am,0,801.23,-0.204
3/16/2020,05:24:06 am,0,801.55,-0.206
3/16/2020,05:54:06 am,0,801.15,-0.204
3/16/2020,06:24:06 am,0,800.85,-0.206
3/16/2020,06:54:06 am,0,800.30,-0.203
3/16/2020,07:24:06 am,0,800.32,-0.208
3/16/2020,07:54:06 am,0,800.33,-0.205
3/16/2020,08:24:06 am,0,799.67,-0.202
3/16/2020,08:54:06 am,0,799.27,-0.202
3/16/2020,09:24:06 am,0,799.28,-0.201
3/16/2020,09:54:06 am,0,799.11,-0.204
3/16/2020,10:24:06 am,0,798.87,-0.205
3/16/2020,10:54:06 am,0,798.67,-0.206
3/16/2020,11:24:06 am,0,798.75,-0.205
3/16/2020,11:54:06 am,0,798.78,-0.208
3/16/2020,12:24:06 pm,0,798.23,-0.202
3/16/2020,12:54:06 pm,0,798.50,-0.207
3/16/2020,01:24:06 pm,0,798.54,-0.204
3/16/2020,01:54:06 pm,0,798.44,-0.202
3/16/2020,02:24:06 pm,0,798.81,-0.204
3/16/2020,02:54:06 pm,0,798.79,-0.201
3/16/2020,03:24:06 pm,0,799.09,-0.204
3/16/2020,03:54:06 pm,0,798.90,-0.208
3/16/2020,04:24:06 pm,0,798.65,-0.195
3/16/2020,04:54:06 pm,0,798.47,-0.197
3/16/2020,05:24:06 pm,0,798.57,-0.200
3/16/2020,05:54:06 pm,0,798.14,-0.189
3/16/2020,06:24:06 pm,0,798.30,-0.189
3/16/2020,06:54:06 pm,0,797.79,-0.184
3/16/2020,07:24:06 pm,0,798.13,-0.185
3/16/2020,07:54:06 pm,0,798.02,-0.187
3/16/2020,08:24:06 pm,0,797.54,-0.182
3/16/2020,08:54:06 pm,0,797.30,-0.186
3/16/2020,09:24:06 pm,0,796.63,-0.194
3/16/2020,09:54:06 pm,0,796.65,-0.189
3/16/2020,10:24:06 pm,0,796.62,-0.194
3/16/2020,10:54:06 pm,0,796.57,-0.194
3/16/2020,11:24:06 pm,0,796.29,-0.192
3/16/2020,11:54:06 pm,0,796.14,-0.190
3/17/2020,12:24:06 am,0,796.10,-0.191
3/17/2020,12:54:06 am,0,796.19,-0.188
3/17/2020,01:24:06 am,0,796.47,-0.190
3/17/2020,01:54:06 am,0,796.48,-0.191
3/17/2020,02:24:06 am,0,796.96,-0.194
3/17/2020,02:54:06 am,0,796.86,-0.201
3/17/2020,03:24:06 am,0,796.71,-0.202
3/17/2020,03:54:06 am,0,796.98,-0.203
3/17/2020,04:24:06 am,0,797.06,-0.204
3/17/2020,04:54:06 am,0,797.07,-0.204
3/17/2020,05:24:06 am,0,796.79,-0.204
3/17/2020,05:54:06 am,0,796.59,-0.205
3/17/2020,06:24:06 am,0,796.63,-0.205
3/17/2020,06:54:06 am,0,796.62,-0.206
3/17/2020,07:24:06 am,0,796.89,-0.207
3/17/2020,07:54:06 am,0,796.81,-0.204
3/17/2020,08:24:06 am,0,796.91,-0.206
3/17/2020,08:54:06 am,0,797.07,-0.205
3/17/2020,09:24:06 am,0,797.04,-0.206
3/17/2020,09:54:06 am,0,797.22,-0.208
3/17/2020,10:24:06 am,0,797.24,-0.209
3/17/2020,10:54:06 am,0,797.13,-0.208
3/17/2020,11:24:06 am,0,797.00,-0.207
3/17/2020,11:54:06 am,0,797.09,-0.208
3/17/2020,12:24:06 pm,0,797.39,-0.208
3/17/2020,12:54:06 pm,0,797.44,-0.209
3/17/2020,01:24:06 pm,0,797.55,-0.209
3/17/2020,01:54:06 pm,0,797.67,-0.209
3/17/2020,02:24:06 pm,0,797.79,-0.210
3/17/2020,02:54:06 pm,0,797.80,-0.210
3/17/2020,03:24:06 pm,0,797.75,-0.210
3/17/2020,03:54:06 pm,0,797.83,-0.208
3/17/2020,04:24:06 pm,0,797.94,-0.206
3/17/2020,04:54:06 pm,0,798.01,-0.204
3/17/2020,05:24:06 pm,0,798.18,-0.202
3/17/2020,05:54:06 pm,0,798.45,-0.200
3/17/2020,06:24:06 pm,0,798.72,-0.197
3/17/2020,06:54:06 pm,0,798.80,-0.191
3/17/2020,07:24:06 pm,0,798.49,-0.166
3/17/2020,07:54:06 pm,0,798.56,-0.148
3/17/2020,08:24:06 pm,0,798.49,-0.145
3/17/2020,08:54:06 pm,0,798.40,-0.162
3/17/2020,09:24:06 pm,0,798.16,-0.171
3/17/2020,09:54:06 pm,0,798.16,-0.180
3/17/2020,10:24:06 pm,0,797.92,-0.172
3/17/2020,10:54:06 pm,0,797.71,-0.176
3/17/2020,11:24:06 pm,0,797.73,-0.185
3/17/2020,11:54:06 pm,0,797.62,-0.187
3/18/2020,12:24:06 am,0,797.58,-0.187
3/18/2020,12:54:06 am,0,797.49,-0.189
3/18/2020,01:24:06 am,0,797.43,-0.191
3/18/2020,01:54:06 am,0,797.46,-0.196
3/18/2020,02:24:06 am,0,797.61,-0.198
3/18/2020,02:54:06 am,0,797.54,-0.202
3/18/2020,03:24:06 am,0,797.61,-0.204
3/18/2020,03:54:06 am,0,797.81,-0.205
3/18/2020,04:24:06 am,0,797.87,-0.207
3/18/2020,04:54:06 am,0,797.76,-0.207
3/18/2020,05:24:06 am,0,797.52,-0.207
3/18/2020,05:54:06 am,0,797.71,-0.208
3/18/2020,06:24:06 am,0,797.79,-0.208
3/18/2020,06:54:06 am,0,797.69,-0.208
3/18/2020,07:24:06 am,0,797.84,-0.208
3/18/2020,07:54:06 am,0,797.66,-0.208
3/18/2020,08:24:06 am,0,797.52,-0.208
3/18/2020,08:54:06 am,0,797.38,-0.207
3/18/2020,09:24:06 am,0,797.21,-0.207
3/18/2020,09:54:06 am,0,796.93,-0.207
3/18/2020,10:24:06 am,0,796.57,-0.207
3/18/2020,10:54:06 am,0,796.35,-0.207
3/18/2020,11:24:06 am,0,796.08,-0.207
3/18/2020,11:54:06 am,0,796.08,-0.207
3/18/2020,12:24:06 pm,0,795.90,-0.205
3/18/2020,12:54:06 pm,0,795.80,-0.205
3/18/2020,01:24:06 pm,0,795.82,-0.204
3/18/2020,01:54:06 pm,0,795.76,-0.206
3/18/2020,02:24:06 pm,0,795.74,-0.205
3/18/2020,02:54:06 pm,0,795.82,-0.203
3/18/2020,03:24:06 pm,0,795.94,-0.201
3/18/2020,03:54:06 pm,0,795.98,-0.196
3/18/2020,04:24:06 pm,0,796.07,-0.192
3/18/2020,04:54:06 pm,0,796.20,-0.190
3/18/2020,05:24:06 pm,0,796.14,-0.191
3/18/2020,05:54:06 pm,0,796.22,-0.190
3/18/2020,06:24:06 pm,0,796.15,-0.177
3/18/2020,06:54:06 pm,0,796.26,-0.180
3/18/2020,07:24:06 pm,0,796.03,-0.174
3/18/2020,07:54:06 pm,0,795.84,-0.142
3/18/2020,08:24:06 pm,0,795.55,-0.139
3/18/2020,08:54:06 pm,0,795.35,-0.131
3/18/2020,09:24:06 pm,0,795.09,-0.135
3/18/2020,09:54:06 pm,0,794.94,-0.129
3/18/2020,10:24:06 pm,0,794.93,-0.129
3/18/2020,10:54:06 pm,0,795.00,-0.143
3/18/2020,11:24:06 pm,0,795.02,-0.159
3/18/2020,11:54:06 pm,0,794.84,-0.167
3/19/2020,12:24:06 am,0,794.75,-0.174
3/19/2020,12:54:06 am,0,794.77,-0.180
3/19/2020,01:24:06 am,0,794.82,-0.184
3/19/2020,01:54:06 am,0,794.85,-0.187
3/19/2020,02:24:06 am,0,794.87,-0.188
3/19/2020,02:54:06 am,0,794.91,-0.188
3/19/2020,03:24:06 am,0,794.91,-0.192
3/19/2020,03:54:06 am,0,795.10,-0.193
3/19/2020,04:24:06 am,0,795.27,-0.194
3/19/2020,04:54:06 am,0,795.11,-0.194
3/19/2020,05:24:06 am,0,795.40,-0.193
3/19/2020,05:54:06 am,0,795.52,-0.193
3/19/2020,06:24:06 am,0,795.65,-0.193
3/19/2020,06:54:06 am,0,795.77,-0.193
3/19/2020,07:24:06 am,0,795.87,-0.194
3/19/2020,07:54:06 am,0,795.83,-0.194
3/19/2020,08:24:06 am,0,795.80,-0.195
3/19/2020,08:54:06 am,0,796.01,-0.195
3/19/2020,09:24:06 am,0,795.94,-0.196
3/19/2020,09:54:06 am,0,795.90,-0.197
3/19/2020,10:24:06 am,0,795.96,-0.197
3/19/2020,10:54:06 am,0,796.05,-0.197
3/19/2020,11:24:06 am,0,796.11,-0.198
3/19/2020,11:54:06 am,0,796.24,-0.198
3/19/2020,12:24:06 pm,0,796.47,-0.199
3/19/2020,12:54:06 pm,0,796.79,-0.200
3/19/2020,01:24:06 pm,0,796.89,-0.203
3/19/2020,01:54:06 pm,0,797.14,-0.201
3/19/2020,02:24:06 pm,0,797.41,-0.201
3/19/2020,02:54:06 pm,0,797.74,-0.199
3/19/2020,03:24:06 pm,0,797.96,-0.197
3/19/2020,03:54:06 pm,0,798.29,-0.195
3/19/2020,04:24:06 pm,0,798.50,-0.193
3/19/2020,04:54:06 pm,0,798.72,-0.192
3/19/2020,05:24:06 pm,0,798.94,-0.191
3/19/2020,05:54:06 pm,0,799.07,-0.189
3/19/2020,06:24:06 pm,0,799.27,-0.183
3/19/2020,06:54:06 pm,0,799.39,-0.179
3/19/2020,07:24:06 pm,0,799.86,-0.173
3/19/2020,07:54:06 pm,0,800.17,-0.172
3/19/2020,08:24:06 pm,0,800.35,-0.174
3/19/2020,08:54:06 pm,0,800.33,-0.177
3/19/2020,09:24:06 pm,0,800.21,-0.172
3/19/2020,09:54:06 pm,0,800.23,-0.165
3/19/2020,10:24:06 pm,0,800.29,-0.162
3/19/2020,10:54:06 pm,0,800.58,-0.164
3/19/2020,11:24:06 pm,0,800.80,-0.166
3/19/2020,11:54:06 pm,0,800.90,-0.168
3/20/2020,12:24:06 am,0,801.08,-0.170
3/20/2020,12:54:06 am,0,801.27,-0.171
3/20/2020,01:24:06 am,0,801.47,-0.173
3/20/2020,01:54:06 am,0,801.69,-0.175
3/20/2020,02:24:06 am,0,801.95,-0.178
3/20/2020,02:54:06 am,0,802.09,-0.182
3/20/2020,03:24:06 am,0,802.54,-0.186
3/20/2020,03:54:06 am,0,802.91,-0.190
3/20/2020,04:24:06 am,0,803.16,-0.194
3/20/2020,04:54:06 am,0,803.38,-0.197
3/20/2020,05:24:06 am,0,803.67,-0.199
3/20/2020,05:54:06 am,0,803.74,-0.202
3/20/2020,06:24:06 am,0,803.92,-0.202
3/20/2020,06:54:06 am,0,804.18,-0.201
3/20/2020,07:24:06 am,0,804.22,-0.201
3/20/2020,07:54:06 am,0,804.11,-0.201
3/20/2020,08:24:06 am,0,804.11,-0.202
3/20/2020,08:54:06 am,0,804.26,-0.202
3/20/2020,09:24:06 am,0,804.35,-0.201
3/20/2020,09:54:06 am,0,804.42,-0.201
3/20/2020,10:24:06 am,0,804.40,-0.201
3/20/2020,10:54:06 am,0,804.26,-0.201
3/20/2020,11:24:06 am,0,804.17,-0.202
3/20/2020,11:54:06 am,0,804.26,-0.201
3/20/2020,12:24:06 pm,0,804.32,-0.201
3/20/2020,12:54:06 pm,0,804.32,-0.201
3/20/2020,01:24:06 pm,0,804.62,-0.201
3/20/2020,01:54:06 pm,0,804.57,-0.202
3/20/2020,02:24:06 pm,0,804.68,-0.201
3/20/2020,02:54:06 pm,0,804.78,-0.201
3/20/2020,03:24:06 pm,0,804.86,-0.200
3/20/2020,03:54:06 pm,0,804.83,-0.199
3/20/2020,04:24:06 pm,0,804.99,-0.198
3/20/2020,04:54:06 pm,0,805.22,-0.198
3/20/2020,05:24:06 pm,0,805.32,-0.196
3/20/2020,05:54:06 pm,0,805.55,-0.194
3/20/2020,06:24:06 pm,0,805.50,-0.189
3/20/2020,06:54:06 pm,0,805.67,-0.187
3/20/2020,07:24:06 pm,0,805.69,-0.180
3/20/2020,07:54:06 pm,0,805.69,-0.173
3/20/2020,08:24:06 pm,0,805.50,-0.161
3/20/2020,08:54:06 pm,0,805.32,-0.149
3/20/2020,09:24:06 pm,0,805.25,-0.144
3/20/2020,09:54:06 pm,0,805.18,-0.145
3/20/2020,10:24:06 pm,0,805.31,-0.149
3/20/2020,10:54:06 pm,0,805.25,-0.152
3/20/2020,11:24:06 pm,0,805.16,-0.154
3/20/2020,11:54:06 pm,0,805.33,-0.155
3/21/2020,12:24:06 am,0,805.34,-0.158
3/21/2020,12:54:06 am,0,805.44,-0.160
3/21/2020,01:24:06 am,0,805.48,-0.163
3/21/2020,01:54:06 am,0,805.67,-0.166
3/21/2020,02:24:06 am,0,805.71,-0.167
3/21/2020,02:54:06 am,0,805.67,-0.168
3/21/2020,03:24:06 am,0,805.80,-0.170
3/21/2020,03:54:06 am,0,805.98,-0.171
3/21/2020,04:24:06 am,0,805.94,-0.172
3/21/2020,04:54:06 am,0,805.99,-0.172
3/21/2020,05:24:06 am,0,806.01,-0.172
3/21/2020,05:54:06 am,0,805.98,-0.173
3/21/2020,06:24:06 am,0,805.94,-0.174
3/21/2020,06:54:06 am,0,805.85,-0.176
3/21/2020,07:24:06 am,0,805.89,-0.175
3/21/2020,07:54:06 am,0,805.87,-0.177
3/21/2020,08:24:06 am,0,805.80,-0.179
3/21/2020,08:54:06 am,0,805.89,-0.181
3/21/2020,09:24:06 am,0,805.75,-0.183
3/21/2020,09:54:06 am,0,805.49,-0.184
3/21/2020,10:24:06 am,0,805.28,-0.183
3/21/2020,10:54:06 am,0,804.84,-0.184
3/21/2020,11:24:06 am,0,804.61,-0.183
3/21/2020,11:54:06 am,0,804.48,-0.182
3/21/2020,12:24:06 pm,0,804.53,-0.181
3/21/2020,12:54:06 pm,0,804.47,-0.182
3/21/2020,01:24:06 pm,0,804.61,-0.182
3/21/2020,01:54:06 pm,0,804.68,-0.181
3/21/2020,02:24:06 pm,0,804.64,-0.181
3/21/2020,02:54:06 pm,0,804.78,-0.179
3/21/2020,03:24:06 pm,0,804.90,-0.177
3/21/2020,03:54:06 pm,0,804.87,-0.173
3/21/2020,04:24:06 pm,0,804.93,-0.168
3/21/2020,04:54:06 pm,0,805.04,-0.161
3/21/2020,05:24:06 pm,0,805.05,-0.158
3/21/2020,05:54:06 pm,0,805.13,-0.152
3/21/2020,06:24:06 pm,0,805.31,-0.147
3/21/2020,06:54:06 pm,0,805.30,-0.145
3/21/2020,07:24:06 pm,0,805.08,-0.140
3/21/2020,07:54:06 pm,0,805.04,-0.134
3/21/2020,08:24:06 pm,0,804.97,-0.129
3/21/2020,08:54:06 pm,0,805.09,-0.127
3/21/2020,09:24:06 pm,0,804.88,-0.126
3/21/2020,09:54:06 pm,0,804.71,-0.125
3/21/2020,10:24:06 pm,0,804.57,-0.124
3/21/2020,10:54:06 pm,0,804.39,-0.120
3/21/2020,11:24:06 pm,0,804.31,-0.119
3/21/2020,11:54:06 pm,0,804.37,-0.115
3/22/2020,12:24:06 am,0,804.52,-0.114
3/22/2020,12:54:06 am,0,804.71,-0.117
3/22/2020,01:24:06 am,0,804.84,-0.123
3/22/2020,01:54:06 am,0,805.04,-0.130
3/22/2020,02:24:06 am,0,805.26,-0.135
3/22/2020,02:54:06 am,0,805.32,-0.140
3/22/2020,03:24:06 am,0,805.44,-0.144
3/22/2020,03:54:06 am,0,805.70,-0.147
3/22/2020,04:24:06 am,0,805.69,-0.150
3/22/2020,04:54:06 am,0,805.72,-0.155
3/22/2020,05:24:06 am,0,805.66,-0.161
3/22/2020,05:54:06 am,0,805.64,-0.165
3/22/2020,06:24:06 am,0,805.60,-0.169
3/22/2020,06:54:06 am,0,805.43,-0.173
3/22/2020,07:24:06 am,0,805.36,-0.176
3/22/2020,07:54:06 am,0,805.33,-0.180
3/22/2020,08:24:06 am,0,805.20,-0.182
3/22/2020,08:54:06 am,0,805.19,-0.184
3/22/2020,09:24:06 am,0,805.16,-0.186
3/22/2020,09:54:06 am,0,805.34,-0.188
3/22/2020,10:24:06 am,0,805.23,-0.190
3/22/2020,10:54:06 am,0,805.06,-0.192
3/22/2020,11:24:06 am,0,805.01,-0.193
3/22/2020,11:54:06 am,0,804.99,-0.194
3/22/2020,12:24:06 pm,0,804.97,-0.195
3/22/2020,12:54:06 pm,0,805.08,-0.195
3/22/2020,01:24:06 pm,0,804.73,-0.197
3/22/2020,01:54:06 pm,0,804.74,-0.196
3/22/2020,02:24:06 pm,0,804.82,-0.196
3/22/2020,02:54:06 pm,0,804.97,-0.196
3/22/2020,03:24:06 pm,0,804.63,-0.195
3/22/2020,03:54:06 pm,0,804.58,-0.193
3/22/2020,04:24:06 pm,0,804.55,-0.189
3/22/2020,04:54:06 pm,0,804.58,-0.183
3/22/2020,05:24:06 pm,0,804.69,-0.177
3/22/2020,05:54:06 pm,0,804.79,-0.170
3/22/2020,06:24:06 pm,0,804.72,-0.164
3/22/2020,06:54:06 pm,0,804.73,-0.160
3/22/2020,07:24:06 pm,0,804.68,-0.159
3/22/2020,07:54:06 pm,0,804.91,-0.156
3/22/2020,08:24:06 pm,0,804.56,-0.153
3/22/2020,08:54:06 pm,0,804.53,-0.150
3/22/2020,09:24:06 pm,0,804.34,-0.149
3/22/2020,09:54:06 pm,0,804.11,-0.147
3/22/2020,10:24:06 pm,0,804.04,-0.146
3/22/2020,10:54:06 pm,0,803.87,-0.145
3/22/2020,11:24:06 pm,0,803.65,-0.142
3/22/2020,11:54:06 pm,0,803.48,-0.139
3/23/2020,12:24:06 am,0,803.14,-0.137
3/23/2020,12:54:06 am,0,802.96,-0.137
3/23/2020,01:24:06 am,0,803.10,-0.136
3/23/2020,01:54:06 am,0,803.12,-0.136
3/23/2020,02:24:06 am,0,802.99,-0.136
3/23/2020,02:54:06 am,0,802.90,-0.138
3/23/2020,03:24:06 am,0,802.77,-0.141
3/23/2020,03:54:06 am,0,802.75,-0.144
3/23/2020,04:24:06 am,0,802.44,-0.148
3/23/2020,04:54:06 am,0,802.47,-0.151
3/23/2020,05:24:06 am,0,802.48,-0.155
3/23/2020,05:54:06 am,0,802.39,-0.159
3/23/2020,06:24:06 am,0,802.46,-0.163
3/23/2020,06:54:06 am,0,802.42,-0.167
3/23/2020,07:24:06 am,0,801.99,-0.170
3/23/2020,07:54:06 am,0,801.51,-0.171
3/23/2020,08:24:06 am,0,801.33,-0.171
3/23/2020,08:54:06 am,0,801.37,-0.171
3/23/2020,09:24:06 am,0,801.11,-0.174
3/23/2020,09:54:06 am,0,800.81,-0.176
3/23/2020,10:24:06 am,0,800.68,-0.177
3/23/2020,10:54:06 am,0,800.42,-0.179
3/23/2020,11:24:06 am,0,800.48,-0.181
3/23/2020,11:54:06 am,0,800.44,-0.181
3/23/2020,12:24:06 pm,0,800.62,-0.181
3/23/2020,12:54:06 pm,0,800.70,-0.180
3/23/2020,01:24:06 pm,0,800.80,-0.178
3/23/2020,01:54:06 pm,0,801.11,-0.178
3/23/2020,02:24:06 pm,0,801.47,-0.178
3/23/2020,02:54:06 pm,0,801.71,-0.178
3/23/2020,03:24:06 pm,0,802.00,-0.177
3/23/2020,03:54:06 pm,0,802.26,-0.174
3/23/2020,04:24:06 pm,0,802.57,-0.172
3/23/2020,04:54:06 pm,0,802.80,-0.168
3/23/2020,05:24:06 pm,0,803.01,-0.164
3/23/2020,05:54:06 pm,0,803.22,-0.160
3/23/2020,06:24:06 pm,0,803.40,-0.151
3/23/2020,06:54:06 pm,0,803.47,-0.143
3/23/2020,07:24:06 pm,0,803.56,-0.132
3/23/2020,07:54:06 pm,0,803.64,-0.122
3/23/2020,08:24:06 pm,0,803.67,-0.111
3/23/2020,08:54:06 pm,0,803.57,-0.101
3/23/2020,09:24:06 pm,0,803.70,-0.096
3/23/2020,09:54:06 pm,0,803.61,-0.088
3/23/2020,10:24:06 pm,0,803.70,-0.085
3/23/2020,10:54:06 pm,0,804.13,-0.075
3/23/2020,11:24:06 pm,0,803.97,-0.072
3/23/2020,11:54:06 pm,0,804.10,-0.068
3/24/2020,12:24:06 am,0,804.27,-0.068
3/24/2020,12:54:06 am,0,804.34,-0.074
3/24/2020,01:24:06 am,0,804.36,-0.082
3/24/2020,01:54:06 am,0,804.19,-0.089
3/24/2020,02:24:06 am,0,804.31,-0.097
3/24/2020,02:54:06 am,0,804.46,-0.104
3/24/2020,03:24:06 am,0,804.64,-0.110
3/24/2020,03:54:06 am,0,804.76,-0.116
3/24/2020,04:24:06 am,0,805.00,-0.119
3/24/2020,04:54:06 am,0,804.93,-0.120
3/24/2020,05:24:06 am,0,804.83,-0.119
3/24/2020,05:54:06 am,0,804.72,-0.118
3/24/2020,06:24:06 am,0,804.75,-0.119
3/24/2020,06:54:06 am,0,804.72,-0.119
3/24/2020,07:24:06 am,0,804.55,-0.118
3/24/2020,07:54:06 am,0,804.46,-0.118
3/24/2020,08:24:06 am,0,804.34,-0.119
3/24/2020,08:54:06 am,0,804.38,-0.121
3/24/2020,09:24:06 am,0,804.27,-0.124
3/24/2020,09:54:06 am,0,804.12,-0.128
3/24/2020,10:24:06 am,0,804.04,-0.131
3/24/2020,10:54:06 am,0,803.75,-0.132
3/24/2020,11:24:06 am,0,803.62,-0.132
3/24/2020,11:54:06 am,0,803.52,-0.132
3/24/2020,12:24:06 pm,0,803.41,-0.133
3/24/2020,12:54:06 pm,0,803.31,-0.135
3/24/2020,01:24:06 pm,0,803.16,-0.135
3/24/2020,01:54:06 pm,0,803.03,-0.136
3/24/2020,02:24:06 pm,0,803.26,-0.138
3/24/2020,02:54:06 pm,0,803.05,-0.141
3/24/2020,03:24:06 pm,0,803.03,-0.144
3/24/2020,03:54:06 pm,0,803.13,-0.144
3/24/2020,04:24:06 pm,0,803.05,-0.142
3/24/2020,04:54:06 pm,0,803.07,-0.135
3/24/2020,05:24:06 pm,0,803.05,-0.124
3/24/2020,05:54:06 pm,0,803.05,-0.111
3/24/2020,06:24:06 pm,0,803.02,-0.096
3/24/2020,06:54:06 pm,0,802.95,-0.078
3/24/2020,07:24:06 pm,0,802.61,-0.047
3/24/2020,07:54:06 pm,0,802.17,-0.011
3/24/2020,08:24:06 pm,0,802.08,0.011
3/24/2020,08:54:06 pm,0,801.80,0.019
3/24/2020,09:24:06 pm,0,801.39,0.040
3/24/2020,09:54:06 pm,0,801.54,0.035
3/24/2020,10:24:06 pm,0,801.10,0.019
3/24/2020,10:54:06 pm,0,800.99,0.006
3/24/2020,11:24:06 pm,0,800.90,-0.013
3/24/2020,11:54:06 pm,0,800.59,-0.033
3/25/2020,12:24:06 am,0,800.38,-0.047
3/25/2020,12:54:06 am,0,800.55,-0.057
3/25/2020,01:24:06 am,0,800.61,-0.072
3/25/2020,01:54:06 am,0,800.70,-0.087
3/25/2020,02:24:06 am,0,800.62,-0.101
3/25/2020,02:54:06 am,0,800.58,-0.111
3/25/2020,03:24:06 am,0,800.46,-0.119
3/25/2020,03:54:06 am,0,800.74,-0.122
3/25/2020,04:24:06 am,0,800.74,-0.125
3/25/2020,04:54:06 am,0,800.53,-0.128
3/25/2020,05:24:06 am,0,800.50,-0.131
3/25/2020,05:54:06 am,0,800.37,-0.135
3/25/2020,06:24:06 am,0,800.09,-0.138
3/25/2020,06:54:06 am,0,799.84,-0.141
3/25/2020,07:24:06 am,0,799.70,-0.144
3/25/2020,07:54:06 am,0,799.64,-0.147
3/25/2020,08:24:06 am,0,799.58,-0.149
3/25/2020,08:54:06 am,0,799.64,-0.151
3/25/2020,09:24:06 am,0,799.28,-0.155
3/25/2020,09:54:06 am,0,799.10,-0.160
3/25/2020,10:24:06 am,0,798.79,-0.164
3/25/2020,10:54:06 am,0,798.63,-0.169
3/25/2020,11:24:06 am,0,798.55,-0.173
3/25/2020,11:54:06 am,0,798.31,-0.177
3/25/2020,12:24:06 pm,0,798.33,-0.179
3/25/2020,12:54:06 pm,0,798.34,-0.181
3/25/2020,01:24:06 pm,0,798.51,-0.183
3/25/2020,01:54:06 pm,0,798.48,-0.183
3/25/2020,02:24:06 pm,0,798.48,-0.184
3/25/2020,02:54:06 pm,0,798.50,-0.183
3/25/2020,03:24:06 pm,0,798.56,-0.182
3/25/2020,03:54:06 pm,0,798.50,-0.179
3/25/2020,04:24:06 pm,0,798.32,-0.177
3/25/2020,04:54:06 pm,0,798.54,-0.173
3/25/2020,05:24:06 pm,0,798.70,-0.169
3/25/2020,05:54:06 pm,0,798.39,-0.164
3/25/2020,06:24:06 pm,0,798.43,-0.161
3/25/2020,06:54:06 pm,0,798.40,-0.155
3/25/2020,07:24:06 pm,0,798.30,-0.146
3/25/2020,07:54:06 pm,0,798.40,-0.139
3/25/2020,08:24:06 pm,0,798.25,-0.140
3/25/2020,08:54:06 pm,0,797.79,-0.145
3/25/2020,09:24:06 pm,0,797.52,-0.148
3/25/2020,09:54:06 pm,0,797.38,-0.149
3/25/2020,10:24:06 pm,0,797.05,-0.148
3/25/2020,10:54:06 pm,0,796.79,-0.148
3/25/2020,11:24:06 pm,0,796.71,-0.147
3/25/2020,11:54:06 pm,0,796.64,-0.146
3/26/2020,12:24:06 am,0,796.32,-0.145
3/26/2020,12:54:06 am,0,796.09,-0.145
3/26/2020,01:24:06 am,0,796.32,-0.147
3/26/2020,01:54:06 am,0,796.32,-0.152
3/26/2020,02:24:06 am,0,796.39,-0.160
3/26/2020,02:54:06 am,0,796.42,-0.171
3/26/2020,03:24:06 am,0,796.48,-0.180
3/26/2020,03:54:06 am,0,796.58,-0.187
3/26/2020,04:24:06 am,0,796.62,-0.189
3/26/2020,04:54:06 am,0,796.66,-0.191
3/26/2020,05:24:06 am,0,796.54,-0.192
3/26/2020,05:54:06 am,0,796.53,-0.192
3/26/2020,06:24:06 am,0,796.39,-0.192
3/26/2020,06:54:06 am,0,796.49,-0.193
3/26/2020,07:24:06 am,0,796.60,-0.192
3/26/2020,07:54:06 am,0,796.51,-0.192
3/26/2020,08:24:06 am,0,796.54,-0.192
3/26/2020,08:54:06 am,0,796.57,-0.192
3/26/2020,09:24:06 am,0,796.57,-0.193
3/26/2020,09:54:06 am,0,796.56,-0.193
3/26/2020,10:24:06 am,0,796.60,-0.194
3/26/2020,10:54:06 am,0,796.51,-0.195
3/26/2020,11:24:06 am,0,796.58,-0.195
3/26/2020,11:54:06 am,0,796.63,-0.197
3/26/2020,12:24:06 pm,0,796.52,-0.197
3/26/2020,12:54:06 pm,0,796.66,-0.199
3/26/2020,01:24:06 pm,0,796.75,-0.200
3/26/2020,01:54:06 pm,0,796.88,-0.201
3/26/2020,02:24:06 pm,0,797.17,-0.200
3/26/2020,02:54:06 pm,0,797.11,-0.202
3/26/2020,03:24:06 pm,0,797.27,-0.202
3/26/2020,03:54:06 pm,0,797.17,-0.201
3/26/2020,04:24:06 pm,0,797.29,-0.201
3/26/2020,04:54:06 pm,0,797.36,-0.200
3/26/2020,05:24:06 pm,0,797.55,-0.197
3/26/2020,05:54:06 pm,0,797.51,-0.195
3/26/2020,06:24:06 pm,0,797.56,-0.192
3/26/2020,06:54:06 pm,0,797.56,-0.190
3/26/2020,07:24:06 pm,0,797.45,-0.184
3/26/2020,07:54:06 pm,0,797.48,-0.177
3/26/2020,08:24:06 pm,0,797.14,-0.168
3/26/2020,08:54:06 pm,0,797.01,-0.160
3/26/2020,09:24:06 pm,0,796.95,-0.154
3/26/2020,09:54:06 pm,0,796.99,-0.152
3/26/2020,10:24:06 pm,0,797.12,-0.152
3/26/2020,10:54:06 pm,0,797.08,-0.155
3/26/2020,11:24:06 pm,0,797.11,-0.160
3/26/2020,11:54:06 pm,0,797.03,-0.162
3/27/2020,12:24:06 am,0,796.91,-0.164
3/27/2020,12:54:06 am,0,797.00,-0.165
3/27/2020,01:24:06 am,0,797.07,-0.164
3/27/2020,01:54:06 am,0,797.24,-0.164
3/27/2020,02:24:06 am,0,797.39,-0.165
3/27/2020,02:54:06 am,0,797.60,-0.167
3/27/2020,03:24:06 am,0,797.83,-0.169
3/27/2020,03:54:06 am,0,798.02,-0.170
3/27/2020,04:24:06 am,0,798.19,-0.172
3/27/2020,04:54:06 am,0,798.39,-0.176
3/27/2020,05:24:06 am,0,798.44,-0.180
3/27/2020,05:54:06 am,0,798.55,-0.185
3/27/2020,06:24:06 am,0,798.55,-0.189
3/27/2020,06:54:06 am,0,798.54,-0.191
3/27/2020,07:24:06 am,0,798.66,-0.194
3/27/2020,07:54:06 am,0,798.64,-0.195
3/27/2020,08:24:06 am,0,798.56,-0.197
3/27/2020,08:54:06 am,0,798.58,-0.198
3/27/2020,09:24:06 am,0,798.40,-0.198
3/27/2020,09:54:06 am,0,798.35,-0.200
3/27/2020,10:24:06 am,0,798.41,-0.200
3/27/2020,10:54:06 am,0,798.13,-0.200
3/27/2020,11:24:06 am,0,798.40,-0.200
3/27/2020,11:54:06 am,0,798.41,-0.201
3/27/2020,12:24:06 pm,0,798.48,-0.201
3/27/2020,12:54:06 pm,0,798.50,-0.201
3/27/2020,01:24:06 pm,0,798.63,-0.201
3/27/2020,01:54:06 pm,0,798.96,-0.200
3/27/2020,02:24:06 pm,0,799.27,-0.200
3/27/2020,02:54:06 pm,0,799.57,-0.199
3/27/2020,03:24:06 pm,0,799.66,-0.199
3/27/2020,03:54:06 pm,0,799.82,-0.199
3/27/2020,04:24:06 pm,0,800.14,-0.197
3/27/2020,04:54:06 pm,0,800.36,-0.196
3/27/2020,05:24:06 pm,0,800.59,-0.192
3/27/2020,05:54:06 pm,0,800.91,-0.190
3/27/2020,06:24:06 pm,0,801.37,-0.185
3/27/2020,06:54:06 pm,0,801.52,-0.183
3/27/2020,07:24:06 pm,0,801.53,-0.175
3/27/2020,07:54:06 pm,0,801.61,-0.165
3/27/2020,08:24:06 pm,0,801.69,-0.151
3/27/2020,08:54:06 pm,0,801.73,-0.139
3/27/2020,09:24:06 pm,0,801.84,-0.126
3/27/2020,09:54:06 pm,0,801.91,-0.114
3/27/2020,10:24:06 pm,0,802.06,-0.106
3/27/2020,10:54:06 pm,0,802.17,-0.100
3/27/2020,11:24:06 pm,0,802.21,-0.097
3/27/2020,11:54:06 pm,0,802.24,-0.098
3/28/2020,12:24:06 am,0,802.38,-0.103
3/28/2020,12:54:06 am,0,802.67,-0.110
3/28/2020,01:24:06 am,0,802.84,-0.116
3/28/2020,01:54:06 am,0,802.93,-0.120
3/28/2020,02:24:06 am,0,803.16,-0.126
3/28/2020,02:54:06 am,0,803.29,-0.131
3/28/2020,03:24:06 am,0,803.48,-0.135
3/28/2020,03:54:06 am,0,803.70,-0.140
3/28/2020,04:24:06 am,0,803.96,-0.143
3/28/2020,04:54:06 am,0,803.97,-0.145
3/28/2020,05:24:06 am,0,804.13,-0.147
3/28/2020,05:54:06 am,0,804.24,-0.148
3/28/2020,06:24:06 am,0,804.28,-0.149
3/28/2020,06:54:06 am,0,804.04,-0.150
3/28/2020,07:24:06 am,0,804.00,-0.151
3/28/2020,07:54:06 am,0,804.10,-0.153
3/28/2020,08:24:06 am,0,804.11,-0.155
3/28/2020,08:54:06 am,0,803.95,-0.157
3/28/2020,09:24:06 am,0,803.95,-0.159
3/28/2020,09:54:06 am,0,803.73,-0.161
3/28/2020,10:24:06 am,0,803.48,-0.163
3/28/2020,10:54:06 am,0,803.39,-0.165
3/28/2020,11:24:06 am,0,803.34,-0.166
3/28/2020,11:54:06 am,0,803.24,-0.167
3/28/2020,12:24:06 pm,0,803.21,-0.169
3/28/2020,12:54:06 pm,0,803.23,-0.170
3/28/2020,01:24:06 pm,0,803.20,-0.171
3/28/2020,01:54:06 pm,0,803.27,-0.171
3/28/2020,02:24:06 pm,0,803.36,-0.171
3/28/2020,02:54:06 pm,0,803.55,-0.171
3/28/2020,03:24:06 pm,0,803.60,-0.168
3/28/2020,03:54:06 pm,0,803.66,-0.165
3/28/2020,04:24:06 pm,0,803.68,-0.162
3/28/2020,04:54:06 pm,0,803.71,-0.157
3/28/2020,05:24:06 pm,0,803.77,-0.152
3/28/2020,05:54:06 pm,0,803.64,-0.145
3/28/2020,06:24:06 pm,0,803.67,-0.135
3/28/2020,06:54:06 pm,0,803.60,-0.125
3/28/2020,07:24:06 pm,0,803.44,-0.114
3/28/2020,07:54:06 pm,0,803.27,-0.102
3/28/2020,08:24:06 pm,0,803.15,-0.094
3/28/2020,08:54:06 pm,0,802.83,-0.086
3/28/2020,09:24:06 pm,0,802.64,-0.081
3/28/2020,09:54:06 pm,0,802.54,-0.081
3/28/2020,10:24:06 pm,0,802.37,-0.081
3/28/2020,10:54:06 pm,0,802.23,-0.082
3/28/2020,11:24:06 pm,0,802.18,-0.087
3/28/2020,11:54:06 pm,0,802.05,-0.089
3/29/2020,12:24:06 am,0,801.99,-0.092
3/29/2020,12:54:06 am,0,801.88,-0.097
3/29/2020,01:24:06 am,0,801.97,-0.101
3/29/2020,01:54:06 am,0,802.00,-0.106
3/29/2020,02:24:06 am,0,801.85,-0.110
3/29/2020,02:54:06 am,0,801.80,-0.118
3/29/2020,03:24:06 am,0,801.92,-0.125
3/29/2020,03:54:06 am,0,801.98,-0.130
3/29/2020,04:24:06 am,0,801.99,-0.133
3/29/2020,04:54:06 am,0,802.04,-0.135
3/29/2020,05:24:06 am,0,802.01,-0.136
3/29/2020,05:54:06 am,0,802.00,-0.138
3/29/2020,06:24:06 am,0,801.88,-0.137
3/29/2020,06:54:06 am,0,801.80,-0.138
3/29/2020,07:24:06 am,0,801.76,-0.139
3/29/2020,07:54:06 am,0,801.65,-0.139
3/29/2020,08:24:06 am,0,801.60,-0.141
3/29/2020,08:54:06 am,0,801.41,-0.140
3/29/2020,09:24:06 am,0,801.43,-0.140
3/29/2020,09:54:06 am,0,801.20,-0.141
3/29/2020,10:24:06 am,0,801.17,-0.141
3/29/2020,10:54:06 am,0,800.98,-0.143
3/29/2020,11:24:06 am,0,800.82,-0.144
3/29/2020,11:54:06 am,0,800.72,-0.145
3/29/2020,12:24:06 pm,0,800.69,-0.146
3/29/2020,12:54:06 pm,0,800.72,-0.147
3/29/2020,01:24:06 pm,0,800.85,-0.149
3/29/2020,01:54:06 pm,0,800.92,-0.151
3/29/2020,02:24:06 pm,0,801.15,-0.151
3/29/2020,02:54:06 pm,0,801.50,-0.152
3/29/2020,03:24:06 pm,0,801.61,-0.152
3/29/2020,03:54:06 pm,0,801.65,-0.152
3/29/2020,04:24:06 pm,0,801.95,-0.151
3/29/2020,04:54:06 pm,0,802.00,-0.149
3/29/2020,05:24:06 pm,0,802.01,-0.144
3/29/2020,05:54:06 pm,0,802.16,-0.139
3/29/2020,06:24:06 pm,0,802.20,-0.130
3/29/2020,06:54:06 pm,0,802.36,-0.123
3/29/2020,07:24:06 pm,0,802.43,-0.120
3/29/2020,07:54:06 pm,0,802.52,-0.118
3/29/2020,08:24:06 pm,0,802.51,-0.115
3/29/2020,08:54:06 pm,0,802.31,-0.118
3/29/2020,09:24:06 pm,0,802.21,-0.111
3/29/2020,09:54:06 pm,0,802.35,-0.113
3/29/2020,10:24:06 pm,0,802.27,-0.107
3/29/2020,10:54:06 pm,0,802.34,-0.108
3/29/2020,11:24:06 pm,0,802.42,-0.114
3/29/2020,11:54:06 pm,0,802.61,-0.116
3/30/2020,12:24:06 am,0,802.85,-0.115
3/30/2020,12:54:06 am,0,803.03,-0.112
3/30/2020,01:24:06 am,0,803.15,-0.112
3/30/2020,01:54:06 am,0,803.42,-0.112
3/30/2020,02:24:06 am,0,803.64,-0.114
3/30/2020,02:54:06 am,0,803.82,-0.121
3/30/2020,03:24:06 am,0,803.88,-0.127
3/30/2020,03:54:06 am,0,804.07,-0.132
3/30/2020,04:24:06 am,0,804.31,-0.139
3/30/2020,04:54:06 am,0,804.53,-0.145
3/30/2020,05:24:06 am,0,804.77,-0.151
3/30/2020,05:54:06 am,0,805.21,-0.156
3/30/2020,06:24:06 am,0,805.14,-0.161
3/30/2020,06:54:06 am,0,805.09,-0.166
3/30/2020,07:24:06 am,0,805.26,-0.169
3/30/2020,07:54:06 am,0,805.48,-0.172
3/30/2020,08:24:06 am,0,805.42,-0.175
3/30/2020,08:54:06 am,0,805.41,-0.178
3/30/2020,09:24:06 am,0,805.66,-0.179
3/30/2020,09:54:06 am,0,805.85,-0.181
3/30/2020,10:24:06 am,0,805.83,-0.183
3/30/2020,10:54:06 am,0,805.96,-0.185
3/30/2020,11:24:06 am,0,806.16,-0.185
3/30/2020,11:54:06 am,0,806.34,-0.186
3/30/2020,12:24:06 pm,0,806.64,-0.187
3/30/2020,12:54:06 pm,0,806.71,-0.185
3/30/2020,01:24:06 pm,0,807.11,-0.185
3/30/2020,01:54:06 pm,0,807.50,-0.184
3/30/2020,02:24:06 pm,0,807.76,-0.184
3/30/2020,02:54:06 pm,0,807.90,-0.184
3/30/2020,03:24:06 pm,0,807.87,-0.185
3/30/2020,03:54:06 pm,0,808.00,-0.185
3/30/2020,04:24:06 pm,0,808.09,-0.183
3/30/2020,04:54:06 pm,0,808.34,-0.179
3/30/2020,05:24:06 pm,0,808.51,-0.176
3/30/2020,05:54:06 pm,0,808.67,-0.168
3/30/2020,06:24:06 pm,0,808.73,-0.160
3/30/2020,06:54:06 pm,0,808.77,-0.149
3/30/2020,07:24:06 pm,0,809.09,-0.135
3/30/2020,07:54:06 pm,0,808.89,-0.118
3/30/2020,08:24:06 pm,0,808.91,-0.104
3/30/2020,08:54:06 pm,0,808.86,-0.091
3/30/2020,09:24:06 pm,0,809.07,-0.081
3/30/2020,09:54:06 pm,0,809.00,-0.065
3/30/2020,10:24:06 pm,0,809.00,-0.057
3/30/2020,10:54:06 pm,0,809.10,-0.049
3/30/2020,11:24:06 pm,0,809.28,-0.042
3/30/2020,11:54:06 pm,0,809.33,-0.039
3/31/2020,12:24:06 am,0,809.15,-0.043
3/31/2020,12:54:06 am,0,809.32,-0.048
3/31/2020,01:24:06 am,0,809.34,-0.060
3/31/2020,01:54:06 am,0,809.49,-0.071
3/31/2020,02:24:06 am,0,809.56,-0.077
3/31/2020,02:54:06 am,0,809.67,-0.085
3/31/2020,03:24:06 am,0,809.91,-0.094
3/31/2020,03:54:06 am,0,810.06,-0.101
3/31/2020,04:24:06 am,0,810.21,-0.107
3/31/2020,04:54:06 am,0,810.34,-0.112
3/31/2020,05:24:06 am,0,810.38,-0.116
3/31/2020,05:54:06 am,0,810.41,-0.117
3/31/2020,06:24:06 am,0,810.29,-0.117
3/31/2020,06:54:06 am,0,810.17,-0.118
3/31/2020,07:24:06 am,0,810.07,-0.118
3/31/2020,07:54:06 am,0,810.11,-0.119
3/31/2020,08:24:06 am,0,809.94,-0.119
3/31/2020,08:54:06 am,0,809.89,-0.117
3/31/2020,09:24:06 am,0,809.75,-0.116
3/31/2020,09:54:06 am,0,809.47,-0.114
3/31/2020,10:24:06 am,0,809.31,-0.111
3/31/2020,10:54:06 am,0,809.11,-0.108
3/31/2020,11:24:06 am,0,808.93,-0.107
3/31/2020,11:54:06 am,0,808.84,-0.105
3/31/2020,12:24:06 pm,0,808.67,-0.104
3/31/2020,12:54:06 pm,0,808.56,-0.105
3/31/2020,01:24:06 pm,0,808.49,-0.107
3/31/2020,01:54:06 pm,0,808.63,-0.108
3/31/2020,02:24:06 pm,0,808.67,-0.108
3/31/2020,02:54:06 pm,0,808.61,-0.106
3/31/2020,03:24:06 pm,0,808.78,-0.101
3/31/2020,03:54:06 pm,0,808.70,-0.095
3/31/2020,04:24:06 pm,0,808.76,-0.086
3/31/2020,04:54:06 pm,0,808.85,-0.074
3/31/2020,05:24:06 pm,0,808.97,-0.059
3/31/2020,05:54:06 pm,0,808.87,-0.047
3/31/2020,06:24:06 pm,0,808.77,-0.031
3/31/2020,06:54:06 pm,0,808.36,-0.019
3/31/2020,07:24:06 pm,0,808.41,-0.008
3/31/2020,07:54:06 pm,0,808.12,0.018
3/31/2020,08:24:06 pm,0,807.83,0.066
3/31/2020,08:54:06 pm,0,807.57,0.109
3/31/2020,09:24:06 pm,0,807.42,0.131
3/31/2020,09:54:06 pm,0,807.35,0.148
3/31/2020,10:24:06 pm,0,807.28,0.125
3/31/2020,10:54:06 pm,0,807.31,0.072
3/31/2020,11:24:06 pm,0,807.15,0.033
3/31/2020,11:54:06 pm,0,807.09,-0.007
4/1/2020,12:24:06 am,0,807.18,-0.041
4/1/2020,12:54:06 am,0,807.23,-0.062
4/1/2020,01:24:06 am,0,807.34,-0.119
4/1/2020,01:54:06 am,0,807.29,-0.141
4/1/2020,02:24:06 am,0,807.30,-0.152
4/1/2020,02:54:06 am,0,807.25,-0.159
4/1/2020,03:24:06 am,0,807.28,-0.164
4/1/2020,03:54:06 am,0,807.28,-0.170
4/1/2020,04:24:06 am,0,807.07,-0.174
4/1/2020,04:54:06 am,0,807.06,-0.178
4/1/2020,05:24:06 am,0,806.81,-0.180
4/1/2020,05:54:06 am,0,806.36,-0.183
4/1/2020,06:24:06 am,0,806.07,-0.183
4/1/2020,06:54:06 am,0,805.72,-0.184
4/1/2020,07:24:06 am,0,805.51,-0.184
4/1/2020,07:54:06 am,0,805.41,-0.186
4/1/2020,08:24:06 am,0,805.22,-0.188
4/1/2020,08:54:06 am,0,805.14,-0.192
4/1/2020,09:24:06 am,0,804.90,-0.199
4/1/2020,09:54:06 am,0,804.57,-0.206
4/1/2020,10:24:06 am,0,804.27,-0.209
4/1/2020,10:54:06 am,0,803.82,-0.209
4/1/2020,11:24:06 am,0,803.51,-0.209
4/1/2020,11:54:06 am,0,803.03,-0.208
4/1/2020,12:24:06 pm,0,802.80,-0.208
4/1/2020,12:54:06 pm,0,802.74,-0.208
4/1/2020,01:24:06 pm,0,802.77,-0.208
4/1/2020,01:54:06 pm,0,802.92,-0.208
4/1/2020,02:24:06 pm,0,802.94,-0.207
4/1/2020,02:54:06 pm,0,802.87,-0.206
4/1/2020,03:24:06 pm,0,803.06,-0.204
4/1/2020,03:54:06 pm,0,803.10,-0.206
4/1/2020,04:24:06 pm,0,803.32,-0.207
4/1/2020,04:54:06 pm,0,804.29,-0.206
4/1/2020,05:24:06 pm,0,803.54,-0.208
4/1/2020,05:54:06 pm,0,803.29,-0.196
4/1/2020,06:24:06 pm,0,803.32,-0.184
4/1/2020,06:54:06 pm,0,803.24,-0.174
4/1/2020,07:24:06 pm,0,803.34,-0.148
4/1/2020,07:54:06 pm,0,802.79,-0.090
4/1/2020,08:24:06 pm,0,802.14,-0.014
4/1/2020,08:54:06 pm,0,801.96,0.049
4/1/2020,09:24:06 pm,0,801.94,0.115
4/1/2020,09:54:06 pm,0,801.79,0.166
4/1/2020,10:24:06 pm,0,801.87,0.173
4/1/2020,10:54:06 pm,0,801.73,0.146
4/1/2020,11:24:06 pm,0,801.56,0.115
4/1/2020,11:54:06 pm,0,801.56,0.079
4/2/2020,12:24:06 am,0,801.48,0.041
4/2/2020,12:54:06 am,0,801.66,0.009
4/2/2020,01:24:06 am,0,801.58,-0.018
4/2/2020,01:54:06 am,0,801.46,-0.041
4/2/2020,02:24:06 am,0,801.27,-0.063
4/2/2020,02:54:06 am,0,801.37,-0.084
4/2/2020,03:24:06 am,0,801.40,-0.101
4/2/2020,03:54:06 am,0,801.39,-0.113
4/2/2020,04:24:06 am,0,801.27,-0.124
4/2/2020,04:54:06 am,0,801.16,-0.135
4/2/2020,05:24:06 am,0,801.05,-0.146
4/2/2020,05:54:06 am,0,800.86,-0.159
4/2/2020,06:24:06 am,0,800.84,-0.170
4/2/2020,06:54:06 am,0,800.85,-0.182
4/2/2020,07:24:06 am,0,800.79,-0.193
4/2/2020,07:54:06 am,0,800.73,-0.204
4/2/2020,08:24:06 am,0,800.77,-0.215
4/2/2020,08:54:06 am,0,800.66,-0.219
4/2/2020,09:24:06 am,0,800.43,-0.222
4/2/2020,09:54:06 am,0,800.09,-0.223
4/2/2020,10:24:06 am,0,800.01,-0.224
4/2/2020,10:54:06 am,0,799.93,-0.225
4/2/2020,11:24:06 am,0,799.84,-0.224
4/2/2020,11:54:06 am,0,799.86,-0.223
4/2/2020,12:24:06 pm,0,799.90,-0.219
4/2/2020,12:54:06 pm,0,800.07,-0.218
4/2/2020,01:24:06 pm,0,800.65,-0.217
4/2/2020,01:54:06 pm,0,801.46,-0.217
4/2/2020,02:24:06 pm,0,801.62,-0.214
4/2/2020,02:54:06 pm,0,801.63,-0.212
4/2/2020,03:24:06 pm,0,801.71,-0.209
4/2/2020,03:54:06 pm,0,801.76,-0.208
4/2/2020,04:24:06 pm,0,801.78,-0.205
4/2/2020,04:54:06 pm,0,802.14,-0.200
4/2/2020,05:24:06 pm,0,802.33,-0.192
4/2/2020,05:54:06 pm,0,802.65,-0.181
4/2/2020,06:24:06 pm,0,803.19,-0.172
4/2/2020,06:54:06 pm,0,802.59,-0.169
4/2/2020,07:24:06 pm,0,802.76,-0.106
4/2/2020,07:54:06 pm,0,802.92,-0.047
4/2/2020,08:24:06 pm,0,802.52,0.023
4/2/2020,08:54:06 pm,0,802.36,0.085
4/2/2020,09:24:06 pm,0,802.19,0.149
4/2/2020,09:54:06 pm,0,802.25,0.213
4/2/2020,10:24:06 pm,0,802.38,0.250
4/2/2020,10:54:06 pm,0,802.40,0.236
4/2/2020,11:24:06 pm,0,802.55,0.207
4/2/2020,11:54:06 pm,0,802.60,0.178
4/3/2020,12:24:06 am,0,802.75,0.150
4/3/2020,12:54:06 am,0,802.83,0.122
4/3/2020,01:24:06 am,0,802.81,0.087
4/3/2020,01:54:06 am,0,802.95,0.046
4/3/2020,02:24:06 am,0,803.06,0.014
4/3/2020,02:54:06 am,0,803.16,-0.014
4/3/2020,03:24:06 am,0,803.36,-0.036
4/3/2020,03:54:06 am,0,803.52,-0.053
4/3/2020,04:24:06 am,0,803.60,-0.067
4/3/2020,04:54:06 am,0,803.58,-0.080
4/3/2020,05:24:06 am,0,803.65,-0.094
4/3/2020,05:54:06 am,0,803.58,-0.108
4/3/2020,06:24:06 am,0,803.73,-0.124
4/3/2020,06:54:06 am,0,803.51,-0.137
4/3/2020,07:24:06 am,0,803.44,-0.153
4/3/2020,07:54:06 am,0,803.47,-0.168
4/3/2020,08:24:06 am,0,803.35,-0.182
4/3/2020,08:54:06 am,0,803.25,-0.194
4/3/2020,09:24:06 am,0,803.04,-0.206
4/3/2020,09:54:06 am,0,802.93,-0.213
4/3/2020,10:24:06 am,0,802.82,-0.217
4/3/2020,10:54:06 am,0,802.64,-0.219
4/3/2020,11:24:06 am,0,802.15,-0.220
4/3/2020,11:54:06 am,0,801.81,-0.219
4/3/2020,12:24:06 pm,0,801.67,-0.217
4/3/2020,12:54:06 pm,0,801.66,-0.216
4/3/2020,01:24:06 pm,0,801.70,-0.216
4/3/2020,01:54:06 pm,0,802.03,-0.213
4/3/2020,02:24:06 pm,0,802.42,-0.212
4/3/2020,02:54:06 pm,0,802.50,-0.209
4/3/2020,03:24:06 pm,0,802.57,-0.204
4/3/2020,03:54:06 pm,0,802.78,-0.195
4/3/2020,04:24:06 pm,0,803.43,-0.184
4/3/2020,04:54:06 pm,0,803.87,-0.183
4/3/2020,05:24:06 pm,0,803.18,-0.165
4/3/2020,05:54:06 pm,0,803.23,-0.150
4/3/2020,06:24:06 pm,0,803.30,-0.129
4/3/2020,06:54:06 pm,0,802.65,-0.107
4/3/2020,07:24:06 pm,0,802.50,-0.050
4/3/2020,07:54:06 pm,0,802.30,0.037
4/3/2020,08:24:06 pm,0,802.13,0.152
4/3/2020,08:54:06 pm,0,801.98,0.261
4/3/2020,09:24:06 pm,0,801.85,0.341
4/3/2020,09:54:06 pm,0,801.72,0.408
4/3/2020,10:24:06 pm,0,801.60,0.400
4/3/2020,10:54:06 pm,0,801.61,0.359
4/3/2020,11:24:06 pm,0,801.37,0.321
4/3/2020,11:54:06 pm,0,801.27,0.265
4/4/2020,12:24:06 am,0,801.02,0.220
4/4/2020,12:54:06 am,0,801.13,0.195
4/4/2020,01:24:06 am,0,801.05,0.169
4/4/2020,01:54:06 am,0,801.11,0.144
4/4/2020,02:24:06 am,0,801.17,0.112
4/4/2020,02:54:06 am,0,801.25,0.078
4/4/2020,03:24:06 am,0,801.34,0.046
4/4/2020,03:54:06 am,0,801.43,0.019
4/4/2020,04:24:06 am,0,801.48,-0.003
4/4/2020,04:54:06 am,0,801.55,-0.019
4/4/2020,05:24:06 am,0,801.65,-0.032
4/4/2020,05:54:06 am,0,801.62,-0.045
4/4/2020,06:24:06 am,0,801.43,-0.058
4/4/2020,06:54:06 am,0,801.26,-0.071
4/4/2020,07:24:06 am,0,801.12,-0.086
4/4/2020,07:54:06 am,0,800.96,-0.101
4/4/2020,08:24:06 am,0,800.97,-0.115
4/4/2020,08:54:06 am,0,800.77,-0.129
4/4/2020,09:24:06 am,0,800.61,-0.143
4/4/2020,09:54:06 am,0,800.45,-0.157
4/4/2020,10:24:06 am,0,800.26,-0.168
4/4/2020,10:54:06 am,0,800.09,-0.180
4/4/2020,11:24:06 am,0,800.06,-0.189
4/4/2020,11:54:06 am,0,799.85,-0.198
4/4/2020,12:24:06 pm,0,799.57,-0.205
4/4/2020,12:54:06 pm,0,799.55,-0.210
4/4/2020,01:24:06 pm,0,799.44,-0.213
4/4/2020,01:54:06 pm,0,799.25,-0.215
4/4/2020,02:24:06 pm,0,798.90,-0.213
4/4/2020,02:54:06 pm,0,798.75,-0.210
4/4/2020,03:24:06 pm,0,798.69,-0.206
4/4/2020,03:54:06 pm,0,798.92,-0.199
4/4/2020,04:24:06 pm,0,799.11,-0.193
4/4/2020,04:54:06 pm,0,799.37,-0.185
4/4/2020,05:24:06 pm,0,799.44,-0.159
4/4/2020,05:54:06 pm,0,799.18,-0.122
4/4/2020,06:24:06 pm,0,799.15,-0.079
4/4/2020,06:54:06 pm,0,798.87,-0.024
4/4/2020,07:24:06 pm,0,798.62,0.045
4/4/2020,07:54:06 pm,0,798.48,0.087
4/4/2020,08:24:06 pm,0,798.48,0.125
4/4/2020,08:54:06 pm,0,798.18,0.122
4/4/2020,09:24:06 pm,0,797.90,0.126
4/4/2020,09:54:06 pm,0,798.03,0.113
4/4/2020,10:24:06 pm,0,797.75,0.088
4/4/2020,10:54:06 pm,0,797.63,0.074
4/4/2020,11:24:06 pm,0,797.36,0.059
4/4/2020,11:54:06 pm,0,797.26,0.046
4/5/2020,12:24:06 am,0,796.96,0.039
4/5/2020,12:54:06 am,0,796.93,0.029
4/5/2020,01:24:06 am,0,797.07,0.011
4/5/2020,01:54:06 am,0,797.22,-0.018
4/5/2020,02:24:06 am,0,797.16,-0.044
4/5/2020,02:54:06 am,0,797.14,-0.077
4/5/2020,03:24:06 am,0,797.01,-0.095
4/5/2020,03:54:06 am,0,796.96,-0.103
4/5/2020,04:24:06 am,0,796.93,-0.106
4/5/2020,04:54:06 am,0,796.87,-0.113
4/5/2020,05:24:06 am,0,796.53,-0.124
4/5/2020,05:54:06 am,0,796.34,-0.126
4/5/2020,06:24:06 am,0,796.11,-0.130
4/5/2020,06:54:06 am,0,796.02,-0.132
4/5/2020,07:24:06 am,0,795.93,-0.137
4/5/2020,07:54:06 am,0,795.72,-0.140
4/5/2020,08:24:06 am,0,795.45,-0.148
4/5/2020,08:54:06 am,0,795.39,-0.157
4/5/2020,09:24:06 am,0,795.14,-0.161
4/5/2020,09:54:06 am,0,794.80,-0.161
4/5/2020,10:24:06 am,0,794.71,-0.172
4/5/2020,10:54:06 am,0,794.32,-0.170
4/5/2020,11:24:06 am,0,794.18,-0.177
4/5/2020,11:54:06 am,0,794.18,-0.183
4/5/2020,12:24:06 pm,0,793.83,-0.186
4/5/2020,12:54:06 pm,0,793.46,-0.188
4/5/2020,01:24:06 pm,0,793.42,-0.183
4/5/2020,01:54:06 pm,0,793.13,-0.182
4/5/2020,02:24:06 pm,0,793.06,-0.181
4/5/2020,02:54:06 pm,0,792.81,-0.175
4/5/2020,03:24:06 pm,0,793.18,-0.171
4/5/2020,03:54:06 pm,0,793.14,-0.161
4/5/2020,04:24:06 pm,0,793.25,-0.145
4/5/2020,04:54:06 pm,0,793.55,-0.128
4/5/2020,05:24:06 pm,0,793.50,-0.109
4/5/2020,05:54:06 pm,0,793.75,-0.097
4/5/2020,06:24:06 pm,0,793.98,-0.091
4/5/2020,06:54:06 pm,0,793.81,-0.096
4/5/2020,07:24:06 pm,0,794.15,-0.108
4/5/2020,07:54:06 pm,0,794.12,-0.128
4/5/2020,08:24:06 pm,0,793.96,-0.143
4/5/2020,08:54:06 pm,0,793.59,-0.157
4/5/2020,09:24:06 pm,0,793.47,-0.168
4/5/2020,09:54:06 pm,0,793.42,-0.184
4/5/2020,10:24:06 pm,0,793.60,-0.205
4/5/2020,10:54:06 pm,0,793.33,-0.209
4/5/2020,11:24:06 pm,0,793.07,-0.205
4/5/2020,11:54:06 pm,0,792.63,-0.214
4/6/2020,12:24:06 am,0,792.69,-0.214
4/6/2020,12:54:06 am,0,792.78,-0.219
4/6/2020,01:24:06 am,0,792.99,-0.218
4/6/2020,01:54:06 am,0,792.59,-0.216
4/6/2020,02:24:06 am,0,792.39,-0.217
4/6/2020,02:54:06 am,0,792.11,-0.215
4/6/2020,03:24:06 am,0,792.08,-0.215
4/6/2020,03:54:06 am,0,792.02,-0.212
4/6/2020,04:24:06 am,0,792.11,-0.212
4/6/2020,04:54:06 am,0,792.18,-0.213
4/6/2020,05:24:06 am,0,791.94,-0.212
4/6/2020,05:54:06 am,0,791.34,-0.211
4/6/2020,06:24:06 am,0,791.20,-0.209
4/6/2020,06:54:06 am,0,791.13,-0.206
4/6/2020,07:24:06 am,0,791.36,-0.208
4/6/2020,07:54:06 am,0,791.64,-0.208
4/6/2020,08:24:06 am,0,791.67,-0.206
4/6/2020,08:54:06 am,0,791.90,-0.206
4/6/2020,09:24:06 am,0,791.99,-0.207
4/6/2020,09:54:06 am,0,792.18,-0.207
4/6/2020,10:24:06 am,0,792.36,-0.208
4/6/2020,10:54:06 am,0,792.68,-0.208
4/6/2020,11:24:06 am,0,793.02,-0.209
4/6/2020,11:54:06 am,0,793.09,-0.209
4/6/2020,12:24:06 pm,0,793.04,-0.209
4/6/2020,12:54:06 pm,0,793.47,-0.208
4/6/2020,01:24:06 pm,0,793.80,-0.208
4/6/2020,01:54:06 pm,0,794.06,-0.209
4/6/2020,02:24:06 pm,0,794.75,-0.209
4/6/2020,02:54:06 pm,0,794.90,-0.211
4/6/2020,03:24:06 pm,0,794.95,-0.211
4/6/2020,03:54:06 pm,0,795.30,-0.211
4/6/2020,04:24:06 pm,0,795.53,-0.211
4/6/2020,04:54:06 pm,0,795.46,-0.210
4/6/2020,05:24:06 pm,0,795.85,-0.207
4/6/2020,05:54:06 pm,0,796.30,-0.208
4/6/2020,06:24:06 pm,0,796.48,-0.206
4/6/2020,06:54:06 pm,0,796.66,-0.206
4/6/2020,07:24:06 pm,0,797.33,-0.206
4/6/2020,07:54:06 pm,0,797.60,-0.201
4/6/2020,08:24:06 pm,0,797.96,-0.188
4/6/2020,08:54:06 pm,0,798.02,-0.177
4/6/2020,09:24:06 pm,0,798.32,-0.175
4/6/2020,09:54:06 pm,0,798.52,-0.172
4/6/2020,10:24:06 pm,0,798.69,-0.184
4/6/2020,10:54:06 pm,0,798.89,-0.195
4/6/2020,11:24:06 pm,0,799.19,-0.201
4/6/2020,11:54:06 pm,0,799.72,-0.203
4/7/2020,12:24:06 am,0,800.07,-0.207
4/7/2020,12:54:06 am,0,800.22,-0.211
4/7/2020,01:24:06 am,0,800.59,-0.212
4/7/2020,01:54:06 am,0,800.88,-0.213
4/7/2020,02:24:06 am,0,801.29,-0.213
4/7/2020,02:54:06 am,0,801.69,-0.215
4/7/2020,03:24:06 am,0,802.07,-0.215
4/7/2020,03:54:06 am,0,802.25,-0.214
4/7/2020,04:24:06 am,0,802.48,-0.214
4/7/2020,04:54:06 am,0,802.79,-0.213
4/7/2020,05:24:06 am,0,802.45,-0.213
4/7/2020,05:54:06 am,0,802.48,-0.213
4/7/2020,06:24:06 am,0,802.85,-0.213
4/7/2020,06:54:06 am,0,802.99,-0.213
4/7/2020,07:24:06 am,0,803.11,-0.213
4/7/2020,07:54:06 am,0,803.21,-0.213
4/7/2020,08:24:06 am,0,803.29,-0.214
4/7/2020,08:54:06 am,0,802.97,-0.213
4/7/2020,09:24:06 am,0,802.79,-0.214
4/7/2020,09:54:06 am,0,802.69,-0.214
4/7/2020,10:24:06 am,0,802.40,-0.212
4/7/2020,10:54:06 am,0,802.21,-0.213
4/7/2020,11:24:06 am,0,802.19,-0.213
4/7/2020,11:54:06 am,0,802.20,-0.212
4/7/2020,12:24:06 pm,0,802.27,-0.213
4/7/2020,12:54:06 pm,0,802.47,-0.213
4/7/2020,01:24:06 pm,0,802.69,-0.211
4/7/2020,01:54:06 pm,0,802.92,-0.211
4/7/2020,02:24:06 pm,0,803.24,-0.210
4/7/2020,02:54:06 pm,0,803.15,-0.209
4/7/2020,03:24:06 pm,0,803.29,-0.208
4/7/2020,03:54:06 pm,0,803.43,-0.206
4/7/2020,04:24:06 pm,0,803.54,-0.204
4/7/2020,04:54:06 pm,0,803.87,-0.202
4/7/2020,05:24:06 pm,0,803.98,-0.198
4/7/2020,05:54:06 pm,0,804.10,-0.191
4/7/2020,06:24:06 pm,0,804.06,-0.187
4/7/2020,06:54:06 pm,0,804.08,-0.178
4/7/2020,07:24:06 pm,0,804.18,-0.163
4/7/2020,07:54:06 pm,0,804.30,-0.141
4/7/2020,08:24:06 pm,0,804.34,-0.116
4/7/2020,08:54:06 pm,0,804.30,-0.094
4/7/2020,09:24:06 pm,0,804.35,-0.104
4/7/2020,09:54:06 pm,0,804.46,-0.114
4/7/2020,10:24:06 pm,0,804.55,-0.132
4/7/2020,10:54:06 pm,0,804.62,-0.143
4/7/2020,11:24:06 pm,0,804.75,-0.145
4/7/2020,11:54:06 pm,0,804.46,-0.161
4/8/2020,12:24:06 am,0,804.51,-0.164
4/8/2020,12:54:06 am,0,804.52,-0.165
4/8/2020,01:24:06 am,0,804.56,-0.168
4/8/2020,01:54:06 am,0,804.44,-0.172
4/8/2020,02:24:06 am,0,804.19,-0.173
4/8/2020,02:54:06 am,0,803.40,-0.175
4/8/2020,03:24:06 am,0,803.52,-0.175
4/8/2020,03:54:06 am,0,803.43,-0.176
4/8/2020,04:24:06 am,0,803.81,-0.174
4/8/2020,04:54:06 am,0,803.68,-0.175
4/8/2020,05:24:06 am,0,803.57,-0.173
4/8/2020,05:54:06 am,0,803.20,-0.172
4/8/2020,06:24:06 am,0,802.79,-0.170
4/8/2020,06:54:06 am,0,802.88,-0.168
4/8/2020,07:24:06 am,0,802.84,-0.166
4/8/2020,07:54:06 am,0,802.86,-0.164
4/8/2020,08:24:06 am,0,802.39,-0.162
4/8/2020,08:54:06 am,0,801.71,-0.159
4/8/2020,09:24:06 am,0,801.90,-0.157
4/8/2020,09:54:06 am,0,801.96,-0.155
4/8/2020,10:24:06 am,0,801.82,-0.151
4/8/2020,10:54:06 am,0,801.66,-0.149
4/8/2020,11:24:06 am,0,801.63,-0.147
4/8/2020,11:54:06 am,0,801.32,-0.144
4/8/2020,12:24:06 pm,0,801.28,-0.143
4/8/2020,12:54:06 pm,0,801.44,-0.143
4/8/2020,01:24:06 pm,0,801.33,-0.142
4/8/2020,01:54:06 pm,0,801.48,-0.140
4/8/2020,02:24:06 pm,0,801.33,-0.140
4/8/2020,02:54:06 pm,0,801.55,-0.137
4/8/2020,03:24:06 pm,0,801.59,-0.133
4/8/2020,03:54:06 pm,0,801.63,-0.126
4/8/2020,04:24:06 pm,0,801.71,-0.116
4/8/2020,04:54:06 pm,0,802.12,-0.108
4/8/2020,05:24:06 pm,0,802.35,-0.103
4/8/2020,05:54:06 pm,0,802.26,-0.098
4/8/2020,06:24:06 pm,0,801.96,-0.085
4/8/2020,06:54:06 pm,0,802.16,-0.061
4/8/2020,07:24:06 pm,0,802.35,-0.041
4/8/2020,07:54:06 pm,0,802.10,-0.032
4/8/2020,08:24:06 pm,0,802.28,-0.032
4/8/2020,08:54:06 pm,0,801.98,-0.034
4/8/2020,09:24:06 pm,0,801.98,-0.002
4/8/2020,09:54:06 pm,0,801.81,0.005
4/8/2020,10:24:06 pm,0,801.76,0.021
4/8/2020,10:54:06 pm,0,801.83,0.015
4/8/2020,11:24:06 pm,0,801.38,0.005
4/8/2020,11:54:06 pm,0,800.99,-0.006
4/9/2020,12:24:06 am,0,801.17,-0.013
4/9/2020,12:54:06 am,0,801.15,-0.022
4/9/2020,01:24:06 am,0,801.71,-0.035
4/9/2020,01:54:06 am,0,801.86,-0.050
4/9/2020,02:24:06 am,0,802.12,-0.064
4/9/2020,02:54:06 am,0,802.13,-0.082
4/9/2020,03:24:06 am,0,801.88,-0.101
4/9/2020,03:54:06 am,0,802.04,-0.121
4/9/2020,04:24:06 am,0,802.04,-0.135
4/9/2020,04:54:06 am,0,801.99,-0.146
4/9/2020,05:24:06 am,0,801.87,-0.156
4/9/2020,05:54:06 am,0,801.56,-0.166
4/9/2020,06:24:06 am,0,801.39,-0.168
4/9/2020,06:54:06 am,0,801.38,-0.169
4/9/2020,07:24:06 am,0,801.43,-0.171
4/9/2020,07:54:06 am,0,801.45,-0.177
4/9/2020,08:24:06 am,0,801.35,-0.176
4/9/2020,08:54:06 am,0,801.14,-0.177
4/9/2020,09:24:06 am,0,801.17,-0.177
4/9/2020,09:54:06 am,0,801.06,-0.176
4/9/2020,10:24:06 am,0,800.93,-0.174
4/9/2020,10:54:06 am,0,800.78,-0.170
4/9/2020,11:24:06 am,0,800.57,-0.168
4/9/2020,11:54:06 am,0,800.64,-0.165
4/9/2020,12:24:06 pm,0,800.82,-0.163
4/9/2020,12:54:06 pm,0,800.93,-0.163
4/9/2020,01:24:06 pm,0,800.98,-0.162
4/9/2020,01:54:06 pm,0,801.12,-0.161
4/9/2020,02:24:06 pm,0,801.17,-0.159
4/9/2020,02:54:06 pm,0,801.27,-0.155
4/9/2020,03:24:06 pm,0,801.56,-0.151
4/9/2020,03:54:06 pm,0,801.77,-0.146
4/9/2020,04:24:06 pm,0,801.83,-0.139
4/9/2020,04:54:06 pm,0,802.49,-0.131
4/9/2020,05:24:06 pm,0,803.00,-0.126
4/9/2020,05:54:06 pm,0,803.32,-0.118
4/9/2020,06:24:06 pm,0,803.57,-0.107
4/9/2020,06:54:06 pm,0,803.71,-0.099
4/9/2020,07:24:06 pm,0,803.87,-0.066
4/9/2020,07:54:06 pm,0,803.85,-0.013
4/9/2020,08:24:06 pm,0,803.90,0.030
4/9/2020,08:54:06 pm,0,803.84,0.051
4/9/2020,09:24:06 pm,0,804.10,0.071
4/9/2020,09:54:06 pm,0,804.03,0.072
4/9/2020,10:24:06 pm,0,804.11,0.010
4/9/2020,10:54:06 pm,0,804.14,-0.013
4/9/2020,11:24:06 pm,0,804.19,-0.037
4/9/2020,11:54:06 pm,0,804.58,-0.089
4/10/2020,12:24:06 am,0,804.54,-0.096
4/10/2020,12:54:06 am,0,804.87,-0.117
4/10/2020,01:24:06 am,0,804.98,-0.154
4/10/2020,01:54:06 am,0,805.02,-0.150
4/10/2020,02:24:06 am,0,805.00,-0.156
4/10/2020,02:54:06 am,0,804.88,-0.157
4/10/2020,03:24:06 am,0,805.21,-0.159
4/10/2020,03:54:06 am,0,805.33,-0.159
4/10/2020,04:24:06 am,0,805.27,-0.159
4/10/2020,04:54:06 am,0,805.40,-0.158
4/10/2020,05:24:06 am,0,805.33,-0.157
4/10/2020,05:54:06 am,0,805.33,-0.159
4/10/2020,06:24:06 am,0,805.39,-0.166
4/10/2020,06:54:06 am,0,805.23,-0.174
4/10/2020,07:24:06 am,0,805.41,-0.180
4/10/2020,07:54:06 am,0,805.34,-0.186
4/10/2020,08:24:06 am,0,805.32,-0.191
4/10/2020,08:54:06 am,0,805.19,-0.196
4/10/2020,09:24:06 am,0,805.07,-0.198
4/10/2020,09:54:06 am,0,804.83,-0.201
4/10/2020,10:24:06 am,0,804.50,-0.203
4/10/2020,10:54:06 am,0,804.29,-0.207
4/10/2020,11:24:06 am,0,803.99,-0.209
4/10/2020,11:54:06 am,0,803.90,-0.210
4/10/2020,12:24:06 pm,0,803.76,-0.209
4/10/2020,12:54:06 pm,0,803.91,-0.209
4/10/2020,01:24:06 pm,0,803.95,-0.210
4/10/2020,01:54:06 pm,0,804.02,-0.211
4/10/2020,02:24:06 pm,0,803.80,-0.211
4/10/2020,02:54:06 pm,0,803.77,-0.209
4/10/2020,03:24:06 pm,0,803.70,-0.208
4/10/2020,03:54:06 pm,0,803.75,-0.204
4/10/2020,04:24:06 pm,0,803.72,-0.196
4/10/2020,04:54:06 pm,0,804.08,-0.182
4/10/2020,05:24:06 pm,0,804.19,-0.164
4/10/2020,05:54:06 pm,0,804.44,-0.132
4/10/2020,06:24:06 pm,0,804.49,-0.103
4/10/2020,06:54:06 pm,0,804.41,-0.058
4/10/2020,07:24:06 pm,0,804.47,0.033
4/10/2020,07:54:06 pm,0,804.41,0.135
4/10/2020,08:24:06 pm,0,804.38,0.194
4/10/2020,08:54:06 pm,0,804.47,0.253
4/10/2020,09:24:06 pm,0,804.73,0.295
4/10/2020,09:54:06 pm,0,804.68,0.321
4/10/2020,10:24:06 pm,0,804.44,0.307
4/10/2020,10:54:06 pm,0,804.38,0.267
4/10/2020,11:24:06 pm,0,804.57,0.227
4/10/2020,11:54:06 pm,0,804.34,0.191
4/11/2020,12:24:06 am,0,804.56,0.160
4/11/2020,12:54:06 am,0,804.67,0.124
4/11/2020,01:24:06 am,0,804.72,0.080
4/11/2020,01:54:06 am,0,804.68,0.046
4/11/2020,02:24:06 am,0,804.73,0.012
4/11/2020,02:54:06 am,0,804.82,-0.008
4/11/2020,03:24:06 am,0,805.02,-0.026
4/11/2020,03:54:06 am,0,805.07,-0.038
4/11/2020,04:24:06 am,0,805.10,-0.048
4/11/2020,04:54:06 am,0,805.32,-0.056
4/11/2020,05:24:06 am,0,805.20,-0.063
4/11/2020,05:54:06 am,0,805.17,-0.068
4/11/2020,06:24:06 am,0,805.27,-0.076
4/11/2020,06:54:06 am,0,805.19,-0.082
4/11/2020,07:24:06 am,0,805.12,-0.090
4/11/2020,07:54:06 am,0,805.27,-0.100
4/11/2020,08:24:06 am,0,805.16,-0.110
4/11/2020,08:54:06 am,0,805.35,-0.122
4/11/2020,09:24:06 am,0,805.14,-0.130
4/11/2020,09:54:06 am,0,804.76,-0.139
4/11/2020,10:24:06 am,0,804.64,-0.148
4/11/2020,10:54:06 am,0,804.42,-0.153
4/11/2020,11:24:06 am,0,804.14,-0.159
4/11/2020,11:54:06 am,0,804.28,-0.168
4/11/2020,12:24:06 pm,0,803.91,-0.175
4/11/2020,12:54:06 pm,0,804.03,-0.180
4/11/2020,01:24:06 pm,0,804.30,-0.183
4/11/2020,01:54:06 pm,0,804.45,-0.185
4/11/2020,02:24:06 pm,0,804.52,-0.188
4/11/2020,02:54:06 pm,0,804.76,-0.189
4/11/2020,03:24:06 pm,0,804.95,-0.187
4/11/2020,03:54:06 pm,0,804.71,-0.182
4/11/2020,04:24:06 pm,0,804.63,-0.167
4/11/2020,04:54:06 pm,0,804.99,-0.141
4/11/2020,05:24:06 pm,0,805.26,-0.098
4/11/2020,05:54:06 pm,0,805.20,-0.036
4/11/2020,06:24:06 pm,0,805.14,0.029
4/11/2020,06:54:06 pm,0,805.01,0.086
4/11/2020,07:24:06 pm,0,804.54,0.243
4/11/2020,07:54:06 pm,0,804.91,0.404
4/11/2020,08:24:06 pm,0,804.94,0.545
4/11/2020,08:54:06 pm,0,805.06,0.647
4/11/2020,09:24:06 pm,0,805.17,0.702
4/11/2020,09:54:06 pm,0,805.42,0.719
4/11/2020,10:24:06 pm,0,805.23,0.683
4/11/2020,10:54:06 pm,0,805.59,0.598
4/11/2020,11:24:06 pm,0,805.86,0.505
4/11/2020,11:54:06 pm,0,806.19,0.406
4/12/2020,12:24:06 am,0,806.62,0.300
4/12/2020,12:54:06 am,0,806.98,0.206
4/12/2020,01:24:06 am,0,807.35,0.133
4/12/2020,01:54:06 am,0,807.32,0.041
4/12/2020,02:24:06 am,0,807.64,-0.053
4/12/2020,02:54:06 am,0,807.69,-0.079
4/12/2020,03:24:06 am,0,807.97,-0.109
4/12/2020,03:54:06 am,0,807.93,-0.115
4/12/2020,04:24:06 am,0,807.90,-0.118
4/12/2020,04:54:06 am,0,808.20,-0.132
4/12/2020,05:24:06 am,0,808.04,-0.150
4/12/2020,05:54:06 am,0,807.81,-0.150
4/12/2020,06:24:06 am,0,807.72,-0.148
4/12/2020,06:54:06 am,0,807.63,-0.148
4/12/2020,07:24:06 am,0,807.48,-0.145
4/12/2020,07:54:06 am,0,807.35,-0.142
4/12/2020,08:24:06 am,0,807.07,-0.141
4/12/2020,08:54:06 am,0,807.33,-0.143
4/12/2020,09:24:06 am,0,807.36,-0.154
4/12/2020,09:54:06 am,0,807.51,-0.178
4/12/2020,10:24:06 am,0,807.30,-0.198
4/12/2020,10:54:06 am,0,807.31,-0.200
4/12/2020,11:24:06 am,0,807.08,-0.199
4/12/2020,11:54:06 am,0,806.77,-0.199
4/12/2020,12:24:06 pm,0,806.90,-0.199
4/12/2020,12:54:06 pm,0,807.20,-0.200
4/12/2020,01:24:06 pm,0,807.21,-0.209
4/12/2020,01:54:06 pm,0,807.42,-0.213
4/12/2020,02:24:06 pm,0,807.74,-0.209
4/12/2020,02:54:06 pm,0,807.73,-0.204
4/12/2020,03:24:06 pm,0,808.00,-0.198
4/12/2020,03:54:06 pm,0,808.17,-0.202
4/12/2020,04:24:06 pm,0,808.33,-0.197
4/12/2020,04:54:06 pm,0,808.42,-0.186
4/12/2020,05:24:06 pm,0,808.72,-0.173
4/12/2020,05:54:06 pm,0,808.78,-0.147
4/12/2020,06:24:06 pm,0,808.62,-0.120
4/12/2020,06:54:06 pm,0,808.32,-0.052
4/12/2020,07:24:06 pm,0,808.08,0.055
4/12/2020,07:54:06 pm,0,808.00,0.106
4/12/2020,08:24:06 pm,0,808.00,0.105
4/12/2020,08:54:06 pm,0,807.86,0.139
4/12/2020,09:24:06 pm,0,808.07,0.122
4/12/2020,09:54:06 pm,0,807.69,0.136
4/12/2020,10:24:06 pm,0,807.88,0.107
4/12/2020,10:54:06 pm,0,807.94,0.064
4/12/2020,11:24:06 pm,0,808.02,0.022
4/12/2020,11:54:06 pm,0,807.71,-0.012
4/13/2020,12:24:06 am,0,807.88,0.003
4/13/2020,12:54:06 am,0,807.86,-0.010
4/13/2020,01:24:06 am,0,808.06,-0.095
4/13/2020,01:54:06 am,0,808.20,-0.169
4/13/2020,02:24:06 am,0,808.16,-0.209
4/13/2020,02:54:06 am,0,808.22,-0.215
4/13/2020,03:24:06 am,0,808.51,-0.218
4/13/2020,03:54:06 am,0,808.60,-0.208
4/13/2020,04:24:06 am,0,808.88,-0.196
4/13/2020,04:54:06 am,0,808.69,-0.186
4/13/2020,05:24:06 am,0,808.66,-0.191
4/13/2020,05:54:06 am,0,808.26,-0.196
4/13/2020,06:24:06 am,0,808.09,-0.203
4/13/2020,06:54:06 am,0,808.12,-0.209
4/13/2020,07:24:06 am,0,807.97,-0.214
4/13/2020,07:54:06 am,0,808.20,-0.218
4/13/2020,08:24:06 am,0,808.31,-0.223
4/13/2020,08:54:06 am,0,808.30,-0.225
4/13/2020,09:24:06 am,0,808.32,-0.225
4/13/2020,09:54:06 am,0,808.38,-0.224
4/13/2020,10:24:06 am,0,808.35,-0.223
4/13/2020,10:54:06 am,0,808.37,-0.223
4/13/2020,11:24:06 am,0,808.42,-0.222
4/13/2020,11:54:06 am,0,808.44,-0.221
4/13/2020,12:24:06 pm,0,808.46,-0.221
4/13/2020,12:54:06 pm,0,808.72,-0.220
4/13/2020,01:24:06 pm,0,808.78,-0.220
4/13/2020,01:54:06 pm,0,808.98,-0.218
4/13/2020,02:24:06 pm,0,809.23,-0.216
4/13/2020,02:54:06 pm,0,809.43,-0.215
4/13/2020,03:24:06 pm,0,809.70,-0.213
4/13/2020,03:54:06 pm,0,809.74,-0.209
4/13/2020,04:24:06 pm,0,810.10,-0.205
4/13/2020,04:54:06 pm,0,810.77,-0.202
4/13/2020,05:24:06 pm,0,810.73,-0.202
4/13/2020,05:54:06 pm,0,810.95,-0.177
4/13/2020,06:24:06 pm,0,811.22,-0.166
4/13/2020,06:54:06 pm,0,811.56,-0.158
4/13/2020,07:24:06 pm,0,811.72,-0.103
4/13/2020,07:54:06 pm,0,811.59,-0.038
4/13/2020,08:24:06 pm,0,811.47,0.035
4/13/2020,08:54:06 pm,0,811.43,0.103
4/13/2020,09:24:06 pm,0,811.40,0.171
4/13/2020,09:54:06 pm,0,811.17,0.210
4/13/2020,10:24:06 pm,0,810.78,0.204
4/13/2020,10:54:06 pm,0,811.28,0.108
4/13/2020,11:24:06 pm,0,811.25,0.045
4/13/2020,11:54:06 pm,0,811.30,0.027
4/14/2020,12:24:06 am,0,811.52,-0.003
4/14/2020,12:54:06 am,0,811.51,-0.034
4/14/2020,01:24:06 am,0,811.54,-0.087
4/14/2020,01:54:06 am,0,811.48,-0.099
4/14/2020,02:24:06 am,0,811.31,-0.100
4/14/2020,02:54:06 am,0,811.60,-0.109
4/14/2020,03:24:06 am,0,811.80,-0.122
4/14/2020,03:54:06 am,0,812.04,-0.141
4/14/2020,04:24:06 am,0,812.27,-0.151
4/14/2020,04:54:06 am,0,812.61,-0.159
4/14/2020,05:24:06 am,0,812.67,-0.168
4/14/2020,05:54:06 am,0,812.66,-0.183
4/14/2020,06:24:06 am,0,812.73,-0.201
4/14/2020,06:54:06 am,0,812.58,-0.213
4/14/2020,07:24:06 am,0,812.43,-0.225
4/14/2020,07:54:06 am,0,812.62,-0.231
4/14/2020,08:24:06 am,0,812.79,-0.230
4/14/2020,08:54:06 am,0,812.88,-0.228
4/14/2020,09:24:06 am,0,812.84,-0.228
4/14/2020,09:54:06 am,0,812.46,-0.228
4/14/2020,10:24:06 am,0,812.44,-0.228
4/14/2020,10:54:06 am,0,812.29,-0.227
4/14/2020,11:24:06 am,0,812.29,-0.226
4/14/2020,11:54:06 am,0,812.28,-0.226
4/14/2020,12:24:06 pm,0,812.40,-0.227
4/14/2020,12:54:06 pm,0,812.70,-0.226
4/14/2020,01:24:06 pm,0,812.65,-0.225
4/14/2020,01:54:06 pm,0,813.26,-0.224
4/14/2020,02:24:06 pm,0,813.51,-0.224
4/14/2020,02:54:06 pm,0,813.51,-0.222
4/14/2020,03:24:06 pm,0,813.53,-0.219
4/14/2020,03:54:06 pm,0,813.61,-0.215
4/14/2020,04:24:06 pm,0,813.91,-0.209
4/14/2020,04:54:06 pm,0,813.99,-0.203
4/14/2020,05:24:06 pm,0,814.48,-0.195
4/14/2020,05:54:06 pm,0,814.92,-0.177
4/14/2020,06:24:06 pm,0,814.98,-0.163
4/14/2020,06:54:06 pm,0,815.14,-0.141
4/14/2020,07:24:06 pm,0,814.18,0.004
4/14/2020,07:54:06 pm,0,813.85,0.209
4/14/2020,08:24:06 pm,0,813.56,0.360
4/14/2020,08:54:06 pm,0,813.48,0.460
4/14/2020,09:24:06 pm,0,813.32,0.538
4/14/2020,09:54:06 pm,0,813.48,0.544
4/14/2020,10:24:06 pm,0,813.33,0.524
4/14/2020,10:54:06 pm,0,813.20,0.464
4/14/2020,11:24:06 pm,0,813.18,0.408
4/14/2020,11:54:06 pm,0,813.28,0.356
4/15/2020,12:24:06 am,0,813.40,0.288
4/15/2020,12:54:06 am,0,813.40,0.251
4/15/2020,01:24:06 am,0,813.49,0.219
4/15/2020,01:54:06 am,0,813.61,0.180
4/15/2020,02:24:06 am,0,813.71,0.152
4/15/2020,02:54:06 am,0,813.71,0.126
4/15/2020,03:24:06 am,0,813.82,0.094
4/15/2020,03:54:06 am,0,813.99,0.056
4/15/2020,04:24:06 am,0,814.03,0.024
4/15/2020,04:54:06 am,0,814.04,-0.001
4/15/2020,05:24:06 am,0,814.42,-0.020
4/15/2020,05:54:06 am,0,814.36,-0.034
4/15/2020,06:24:06 am,0,813.75,-0.052
4/15/2020,06:54:06 am,0,813.87,-0.066
4/15/2020,07:24:06 am,0,813.79,-0.081
4/15/2020,07:54:06 am,0,813.85,-0.094
4/15/2020,08:24:06 am,0,813.74,-0.106
4/15/2020,08:54:06 am,0,813.29,-0.119
4/15/2020,09:24:06 am,0,813.62,-0.133
4/15/2020,09:54:06 am,0,813.72,-0.146
4/15/2020,10:24:06 am,0,813.60,-0.159
4/15/2020,10:54:06 am,0,813.50,-0.171
4/15/2020,11:24:06 am,0,812.99,-0.180
4/15/2020,11:54:06 am,0,812.73,-0.189
4/15/2020,12:24:06 pm,0,813.06,-0.196
4/15/2020,12:54:06 pm,0,813.03,-0.200
4/15/2020,01:24:06 pm,0,813.10,-0.207
4/15/2020,01:54:06 pm,0,813.08,-0.212
4/15/2020,02:24:06 pm,0,813.14,-0.216
4/15/2020,02:54:06 pm,0,813.04,-0.214
4/15/2020,03:24:06 pm,0,812.87,-0.206
4/15/2020,03:54:06 pm,0,812.61,-0.192
4/15/2020,04:24:06 pm,0,812.70,-0.155
4/15/2020,04:54:06 pm,0,813.03,-0.118
4/15/2020,05:24:06 pm,0,813.34,-0.103
4/15/2020,05:54:06 pm,0,813.20,-0.039
4/15/2020,06:24:06 pm,0,812.98,0.060
4/15/2020,06:54:06 pm,0,812.99,0.194
4/15/2020,07:24:06 pm,0,812.62,0.378
4/15/2020,07:54:06 pm,0,812.37,0.546
4/15/2020,08:24:06 pm,0,812.20,0.686
4/15/2020,08:54:06 pm,0,812.03,0.775
4/15/2020,09:24:06 pm,0,812.06,0.817
4/15/2020,09:54:06 pm,0,811.84,0.790
4/15/2020,10:24:06 pm,0,811.96,0.726
4/15/2020,10:54:06 pm,0,811.95,0.612
4/15/2020,11:24:06 pm,0,811.97,0.446
4/15/2020,11:54:06 pm,0,812.00,0.305
4/16/2020,12:24:06 am,0,812.39,0.254
4/16/2020,12:54:06 am,0,812.14,0.056
4/16/2020,01:24:06 am,0,812.23,-0.014
4/16/2020,01:54:06 am,0,811.32,-0.070
4/16/2020,02:24:06 am,0,813.43,-0.140
4/16/2020,02:54:06 am,0,811.66,-0.156
4/16/2020,03:24:06 am,0,812.28,-0.125
4/16/2020,03:54:06 am,0,812.16,-0.131
4/16/2020,04:24:06 am,0,812.74,-0.141
4/16/2020,04:54:06 am,0,813.06,-0.163
4/16/2020,05:24:06 am,0,813.22,-0.190
4/16/2020,05:54:06 am,0,813.10,-0.199
4/16/2020,06:24:06 am,0,813.02,-0.202
4/16/2020,06:54:06 am,0,812.56,-0.205
4/16/2020,07:24:06 am,0,812.91,-0.207
4/16/2020,07:54:06 am,0,812.62,-0.210
4/16/2020,08:24:06 am,0,812.04,-0.211
4/16/2020,08:54:06 am,0,812.00,-0.211
4/16/2020,09:24:06 am,0,811.86,-0.212
4/16/2020,09:54:06 am,0,811.51,-0.213
4/16/2020,10:24:06 am,0,811.12,-0.215
4/16/2020,10:54:06 am,0,810.64,-0.216
4/16/2020,11:24:06 am,0,810.18,-0.217
4/16/2020,11:54:06 am,0,809.95,-0.218
4/16/2020,12:24:06 pm,0,809.75,-0.219
4/16/2020,12:54:06 pm,0,809.46,-0.221
4/16/2020,01:24:06 pm,0,808.18,-0.223
4/16/2020,01:54:06 pm,0,809.20,-0.222
4/16/2020,02:24:06 pm,0,808.86,-0.220
4/16/2020,02:54:06 pm,0,809.23,-0.214
4/16/2020,03:24:06 pm,0,809.58,-0.211
4/16/2020,03:54:06 pm,0,809.75,-0.205
4/16/2020,04:24:06 pm,0,810.31,-0.189
4/16/2020,04:54:06 pm,0,810.76,-0.178
4/16/2020,05:24:06 pm,0,811.41,-0.167
4/16/2020,05:54:06 pm,0,811.58,-0.161
4/16/2020,06:24:06 pm,0,811.97,-0.129
4/16/2020,06:54:06 pm,0,812.14,-0.105
4/16/2020,07:24:06 pm,0,812.17,0.008
4/16/2020,07:54:06 pm,0,812.24,0.109
4/16/2020,08:24:06 pm,0,812.03,0.087
4/16/2020,08:54:06 pm,0,812.85,0.015
4/16/2020,09:24:06 pm,0,812.60,-0.028
4/16/2020,09:54:06 pm,0,812.88,-0.039
4/16/2020,10:24:06 pm,0,813.35,-0.115
4/16/2020,10:54:06 pm,0,813.27,-0.164
4/16/2020,11:24:06 pm,0,813.12,-0.174
4/16/2020,11:54:06 pm,0,813.42,-0.182
4/17/2020,12:24:06 am,0,813.12,-0.179
4/17/2020,12:54:06 am,0,812.11,-0.177
4/17/2020,01:24:06 am,0,811.54,-0.178
4/17/2020,01:54:06 am,0,811.25,-0.172
4/17/2020,02:24:06 am,0,811.09,-0.173
4/17/2020,02:54:06 am,0,811.22,-0.184
4/17/2020,03:24:06 am,0,811.04,-0.192
4/17/2020,03:54:06 am,0,811.09,-0.172
4/17/2020,04:24:06 am,0,811.21,-0.165
4/17/2020,04:54:06 am,0,811.32,-0.170
4/17/2020,05:24:06 am,0,811.24,-0.163
4/17/2020,05:54:06 am,0,811.30,-0.167
4/17/2020,06:24:06 am,0,811.19,-0.169
4/17/2020,06:54:06 am,0,811.24,-0.173
4/17/2020,07:24:06 am,0,811.21,-0.171
4/17/2020,07:54:06 am,0,811.28,-0.166
4/17/2020,08:24:06 am,0,811.41,-0.166
4/17/2020,08:54:06 am,0,811.07,-0.170
4/17/2020,09:24:06 am,0,811.01,-0.173
4/17/2020,09:54:06 am,0,811.02,-0.177
4/17/2020,10:24:06 am,0,810.84,-0.175
4/17/2020,10:54:06 am,0,810.77,-0.176
4/17/2020,11:24:06 am,0,810.76,-0.180
4/17/2020,11:54:06 am,0,810.95,-0.185
4/17/2020,12:24:06 pm,0,810.97,-0.187
4/17/2020,12:54:06 pm,0,810.92,-0.187
4/17/2020,01:24:06 pm,0,810.94,-0.185
4/17/2020,01:54:06 pm,0,811.19,-0.180
4/17/2020,02:24:06 pm,0,811.29,-0.172
4/17/2020,02:54:06 pm,0,811.51,-0.156
4/17/2020,03:24:06 pm,0,811.89,-0.141
4/17/2020,03:54:06 pm,0,811.82,-0.127
4/17/2020,04:24:06 pm,0,811.79,-0.099
4/17/2020,04:54:06 pm,0,811.87,-0.064
4/17/2020,05:24:06 pm,0,811.54,-0.030
4/17/2020,05:54:06 pm,0,811.88,0.011
4/17/2020,06:24:06 pm,0,811.99,0.013
4/17/2020,06:54:06 pm,0,812.23,-0.020
4/17/2020,07:24:06 pm,0,812.39,-0.027
4/17/2020,07:54:06 pm,0,812.11,-0.022
4/17/2020,08:24:06 pm,0,812.54,-0.009
4/17/2020,08:54:06 pm,0,812.16,-0.046
4/17/2020,09:24:06 pm,0,812.39,-0.110
4/17/2020,09:54:06 pm,0,815.86,-0.180
4/17/2020,10:24:06 pm,0,814.26,-0.182
4/17/2020,10:54:06 pm,0,813.63,-0.186
4/17/2020,11:24:06 pm,0,812.44,-0.197
4/17/2020,11:54:06 pm,0,814.56,-0.217
4/18/2020,12:24:06 am,0,813.95,-0.222
4/18/2020,12:54:06 am,0,815.05,-0.219
4/18/2020,01:24:06 am,0,815.04,-0.217
4/18/2020,01:54:06 am,0,814.50,-0.215
4/18/2020,02:24:06 am,0,814.17,-0.214
4/18/2020,02:54:06 am,0,813.97,-0.214
4/18/2020,03:24:06 am,0,813.96,-0.212
4/18/2020,03:54:06 am,0,813.52,-0.211
4/18/2020,04:24:06 am,0,813.58,-0.209
4/18/2020,04:54:06 am,0,812.87,-0.211
4/18/2020,05:24:06 am,0,812.33,-0.213
4/18/2020,05:54:06 am,0,811.62,-0.212
4/18/2020,06:24:06 am,0,811.17,-0.210
4/18/2020,06:54:06 am,0,810.74,-0.207
4/18/2020,07:24:06 am,0,810.55,-0.203
4/18/2020,07:54:06 am,0,810.29,-0.201
4/18/2020,08:24:06 am,0,810.57,-0.200
4/18/2020,08:54:06 am,0,810.20,-0.199
4/18/2020,09:24:06 am,0,809.83,-0.201
4/18/2020,09:54:06 am,0,809.77,-0.198
4/18/2020,10:24:06 am,0,809.97,-0.196
4/18/2020,10:54:06 am,0,809.98,-0.194
4/18/2020,11:24:06 am,0,809.63,-0.191
4/18/2020,11:54:06 am,0,809.71,-0.188
4/18/2020,12:24:06 pm,0,810.01,-0.185
4/18/2020,12:54:06 pm,0,810.19,-0.184
4/18/2020,01:24:06 pm,0,810.24,-0.182
4/18/2020,01:54:06 pm,0,810.31,-0.178
4/18/2020,02:24:06 pm,0,810.38,-0.173
4/18/2020,02:54:06 pm,0,810.71,-0.161
4/18/2020,03:24:06 pm,0,810.75,-0.141
4/18/2020,03:54:06 pm,0,810.70,-0.134
4/18/2020,04:24:06 pm,0,810.52,-0.133
4/18/2020,04:54:06 pm,0,810.77,-0.129
4/18/2020,05:24:06 pm,0,811.06,-0.089
4/18/2020,05:54:06 pm,0,810.77,-0.032
4/18/2020,06:24:06 pm,0,811.08,0.052
4/18/2020,06:54:06 pm,0,811.14,0.137
4/18/2020,07:24:06 pm,0,811.32,0.254
4/18/2020,07:54:06 pm,0,810.90,0.384
4/18/2020,08:24:06 pm,0,810.76,0.511
4/18/2020,08:54:06 pm,0,810.83,0.597
4/18/2020,09:24:06 pm,0,811.23,0.481
4/18/2020,09:54:06 pm,0,811.82,0.245
4/18/2020,10:24:06 pm,0,811.80,0.126
4/18/2020,10:54:06 pm,0,811.86,-0.010
4/18/2020,11:24:06 pm,0,811.90,-0.087
4/18/2020,11:54:06 pm,0,811.77,-0.097
4/19/2020,12:24:06 am,0,811.99,-0.075
4/19/2020,12:54:06 am,0,812.03,-0.088
4/19/2020,01:24:06 am,0,817.32,-0.112
4/19/2020,01:54:06 am,0,813.07,-0.116
4/19/2020,02:24:06 am,0,812.97,-0.105
4/19/2020,02:54:06 am,0,812.85,-0.109
4/19/2020,03:24:06 am,0,813.44,-0.119
4/19/2020,03:54:06 am,0,812.62,-0.134
4/19/2020,04:24:06 am,0,812.81,-0.138
4/19/2020,04:54:06 am,0,813.00,-0.141
4/19/2020,05:24:06 am,0,813.00,-0.152
4/19/2020,05:54:06 am,0,813.17,-0.167
4/19/2020,06:24:06 am,0,812.95,-0.179
4/19/2020,06:54:06 am,0,812.80,-0.185
4/19/2020,07:24:06 am,0,812.63,-0.191
4/19/2020,07:54:06 am,0,812.32,-0.202
4/19/2020,08:24:06 am,0,812.10,-0.213
4/19/2020,08:54:06 am,0,811.47,-0.226
4/19/2020,09:24:06 am,0,811.72,-0.232
4/19/2020,09:54:06 am,0,811.64,-0.229
4/19/2020,10:24:06 am,0,811.32,-0.226
4/19/2020,10:54:06 am,0,811.18,-0.225
4/19/2020,11:24:06 am,0,810.94,-0.226
4/19/2020,11:54:06 am,0,810.80,-0.224
4/19/2020,12:24:06 pm,0,811.16,-0.224
4/19/2020,12:54:06 pm,0,811.51,-0.225
4/19/2020,01:24:06 pm,0,812.01,-0.224
4/19/2020,01:54:06 pm,0,812.57,-0.222
4/19/2020,02:24:06 pm,0,812.97,-0.216
4/19/2020,02:54:06 pm,0,813.39,-0.208
4/19/2020,03:24:06 pm,0,812.93,-0.207
4/19/2020,03:54:06 pm,0,812.80,-0.211
4/19/2020,04:24:06 pm,0,812.26,-0.198
4/19/2020,04:54:06 pm,0,812.15,-0.197
4/19/2020,05:24:06 pm,0,812.81,-0.187
4/19/2020,05:54:06 pm,0,813.55,-0.149
4/19/2020,06:24:06 pm,0,814.63,-0.098
4/19/2020,06:54:06 pm,0,815.48,-0.080
4/19/2020,07:24:06 pm,0,816.38,-0.036
4/19/2020,07:54:06 pm,0,815.87,-0.108
4/19/2020,08:24:06 pm,0,814.05,-0.033
4/19/2020,08:54:06 pm,0,813.28,0.170
4/19/2020,09:24:06 pm,0,812.71,0.175
4/19/2020,09:54:06 pm,0,812.46,0.089
4/19/2020,10:24:06 pm,0,812.04,0.089
4/19/2020,10:54:06 pm,0,811.86,0.109
4/19/2020,11:24:06 pm,0,811.65,0.104
4/19/2020,11:54:06 pm,0,811.63,0.093
4/20/2020,12:24:06 am,0,811.45,0.069
4/20/2020,12:54:06 am,0,811.43,0.064
4/20/2020,01:24:06 am,0,811.50,0.028
4/20/2020,01:54:06 am,0,811.62,0.020
4/20/2020,02:24:06 am,0,811.59,0.010
4/20/2020,02:54:06 am,0,811.56,-0.014
4/20/2020,03:24:06 am,0,811.86,-0.047
4/20/2020,03:54:06 am,0,812.12,-0.068
4/20/2020,04:24:06 am,0,812.36,-0.070
4/20/2020,04:54:06 am,0,812.84,-0.087
4/20/2020,05:24:06 am,0,812.85,-0.106
4/20/2020,05:54:06 am,0,812.98,-0.126
4/20/2020,06:24:06 am,0,813.02,-0.145
4/20/2020,06:54:06 am,0,813.02,-0.162
4/20/2020,07:24:06 am,0,812.92,-0.177
4/20/2020,07:54:06 am,0,812.91,-0.185
4/20/2020,08:24:06 am,0,812.66,-0.190
4/20/2020,08:54:06 am,0,812.43,-0.190
4/20/2020,09:24:06 am,0,811.96,-0.196
4/20/2020,09:54:06 am,0,811.73,-0.212
4/20/2020,10:24:06 am,0,811.61,-0.227
4/20/2020,10:54:06 am,0,811.70,-0.233
4/20/2020,11:24:06 am,0,811.79,-0.231
4/20/2020,11:54:06 am,0,811.75,-0.227
4/20/2020,12:24:06 pm,0,811.70,-0.226
4/20/2020,12:54:06 pm,0,811.75,-0.225
4/20/2020,01:24:06 pm,0,811.91,-0.223
4/20/2020,01:54:06 pm,0,812.43,-0.219
4/20/2020,02:24:06 pm,0,812.50,-0.213
4/20/2020,02:54:06 pm,0,812.18,-0.206
4/20/2020,03:24:06 pm,0,811.91,-0.204
4/20/2020,03:54:06 pm,0,812.22,-0.179
4/20/2020,04:24:06 pm,0,812.89,-0.117
4/20/2020,04:54:06 pm,0,814.48,-0.082
4/20/2020,05:24:06 pm,0,815.32,-0.083
4/20/2020,05:54:06 pm,0,816.28,-0.102
4/20/2020,06:24:06 pm,0,815.06,-0.177
4/20/2020,06:54:06 pm,0,814.12,-0.210
4/20/2020,07:24:06 pm,0,813.57,-0.175
4/20/2020,07:54:06 pm,0,813.24,-0.109
4/20/2020,08:24:06 pm,0,813.07,-0.065
4/20/2020,08:54:06 pm,0,812.94,-0.048
4/20/2020,09:24:06 pm,0,812.82,-0.040
4/20/2020,09:54:06 pm,0,812.50,-0.018
4/20/2020,10:24:06 pm,0,812.28,-0.009
4/20/2020,10:54:06 pm,0,811.96,0.031
4/20/2020,11:24:06 pm,0,811.81,0.104
4/20/2020,11:54:06 pm,0,811.75,0.129
4/21/2020,12:24:06 am,0,811.82,0.105
4/21/2020,12:54:06 am,0,811.72,0.004
4/21/2020,01:24:06 am,0,811.59,-0.023
4/21/2020,01:54:06 am,0,811.61,0.014
4/21/2020,02:24:06 am,0,811.64,0.023
4/21/2020,02:54:06 am,0,811.65,0.011
4/21/2020,03:24:06 am,0,811.76,-0.002
4/21/2020,03:54:06 am,0,811.97,-0.008
4/21/2020,04:24:06 am,0,812.06,-0.013
4/21/2020,04:54:06 am,0,812.24,-0.020
4/21/2020,05:24:06 am,0,812.23,-0.026
4/21/2020,05:54:06 am,0,812.18,-0.029
4/21/2020,06:24:06 am,0,812.40,-0.036
4/21/2020,06:54:06 am,0,812.38,-0.041
4/21/2020,07:24:06 am,0,812.44,-0.048
4/21/2020,07:54:06 am,0,812.37,-0.064
4/21/2020,08:24:06 am,0,812.41,-0.085
4/21/2020,08:54:06 am,0,812.23,-0.110
4/21/2020,09:24:06 am,0,812.37,-0.130
4/21/2020,09:54:06 am,0,812.24,-0.155
4/21/2020,10:24:06 am,0,812.32,-0.182
4/21/2020,10:54:06 am,0,812.31,-0.209
4/21/2020,11:24:06 am,0,812.38,-0.230
4/21/2020,11:54:06 am,0,812.49,-0.231
4/21/2020,12:24:06 pm,0,812.68,-0.229
4/21/2020,12:54:06 pm,0,813.00,-0.227
4/21/2020,01:24:06 pm,0,813.15,-0.227
4/21/2020,01:54:06 pm,0,813.63,-0.229
4/21/2020,02:24:06 pm,0,815.16,-0.228
4/21/2020,02:54:06 pm,0,816.82,-0.223
4/21/2020,03:24:06 pm,0,818.11,-0.220
4/21/2020,03:54:06 pm,0,818.55,-0.215
4/21/2020,04:24:06 pm,0,817.51,-0.194
4/21/2020,04:54:06 pm,0,815.45,-0.191
4/21/2020,05:24:06 pm,0,815.80,-0.156
4/21/2020,05:54:06 pm,0,817.53,-0.042
4/21/2020,06:24:06 pm,0,816.52,0.006
4/21/2020,06:54:06 pm,0,815.83,0.094
4/21/2020,07:24:06 pm,0,815.50,0.303
4/21/2020,07:54:06 pm,0,815.41,0.556
4/21/2020,08:24:06 pm,0,815.22,0.834
4/21/2020,08:54:06 pm,0,815.16,0.942
4/21/2020,09:24:06 pm,0,815.32,0.928
4/21/2020,09:54:06 pm,0,815.48,0.869
4/21/2020,10:24:06 pm,0,815.56,0.820
4/21/2020,10:54:06 pm,0,815.85,0.817
4/21/2020,11:24:06 pm,0,815.90,0.819
4/21/2020,11:54:06 pm,0,815.85,0.824
4/22/2020,12:24:06 am,0,816.13,0.751
4/22/2020,12:54:06 am,0,815.96,0.676
4/22/2020,01:24:06 am,0,816.31,0.639
4/22/2020,01:54:06 am,0,816.64,0.603
4/22/2020,02:24:06 am,0,816.88,0.553
4/22/2020,02:54:06 am,0,817.02,0.508
4/22/2020,03:24:06 am,0,817.42,0.478
4/22/2020,03:54:06 am,0,818.14,0.443
4/22/2020,04:24:06 am,0,819.09,0.398
4/22/2020,04:54:06 am,0,819.35,0.334
4/22/2020,05:24:06 am,0,819.74,0.268
4/22/2020,05:54:06 am,0,820.00,0.189
4/22/2020,06:24:06 am,0,820.53,0.084
4/22/2020,06:54:06 am,0,820.85,0.000
4/22/2020,07:24:06 am,0,820.97,-0.069
4/22/2020,07:54:06 am,0,821.39,-0.098
4/22/2020,08:24:06 am,0,821.25,-0.107
4/22/2020,08:54:06 am,0,820.85,-0.115
4/22/2020,09:24:06 am,0,820.28,-0.121
4/22/2020,09:54:06 am,0,819.81,-0.129
4/22/2020,10:24:06 am,0,818.92,-0.137
4/22/2020,10:54:06 am,0,818.38,-0.148
4/22/2020,11:24:06 am,0,818.26,-0.161
4/22/2020,11:54:06 am,0,818.88,-0.172
4/22/2020,12:24:06 pm,0,818.99,-0.180
4/22/2020,12:54:06 pm,0,819.35,-0.189
4/22/2020,01:24:06 pm,0,819.60,-0.200
4/22/2020,01:54:06 pm,0,819.55,-0.209
4/22/2020,02:24:06 pm,0,819.44,-0.212
4/22/2020,02:54:06 pm,0,819.59,-0.212
4/22/2020,03:24:06 pm,0,819.91,-0.202
4/22/2020,03:54:06 pm,0,820.65,-0.177
4/22/2020,04:24:06 pm,0,821.26,-0.105
4/22/2020,04:54:06 pm,0,822.59,-0.055
4/22/2020,05:24:06 pm,0,823.56,-0.073
4/22/2020,05:54:06 pm,0,824.17,-0.051
4/22/2020,06:24:06 pm,0,824.69,-0.004
4/22/2020,06:54:06 pm,0,824.28,0.056
4/22/2020,07:24:06 pm,0,822.78,0.321
4/22/2020,07:54:06 pm,0,822.12,0.568
4/22/2020,08:24:06 pm,0,821.92,0.791
4/22/2020,08:54:06 pm,0,821.81,0.952
4/22/2020,09:24:06 pm,0,821.95,1.034
4/22/2020,09:54:06 pm,0,822.00,1.031
4/22/2020,10:24:06 pm,0,822.43,0.962
4/22/2020,10:54:06 pm,0,822.55,0.970
4/22/2020,11:24:06 pm,0,822.49,0.754
4/22/2020,11:54:06 pm,0,823.86,0.634
4/23/2020,12:24:06 am,0,823.39,0.446
4/23/2020,12:54:06 am,0,825.93,0.292
4/23/2020,01:24:06 am,0,824.10,0.132
4/23/2020,01:54:06 am,0,824.04,0.074
4/23/2020,02:24:06 am,0,825.06,-0.024
4/23/2020,02:54:06 am,0,825.37,-0.142
4/23/2020,03:24:06 am,0,825.19,-0.158
4/23/2020,03:54:06 am,0,825.52,-0.157
4/23/2020,04:24:06 am,0,826.25,-0.149
4/23/2020,04:54:06 am,0,826.92,-0.176
4/23/2020,05:24:06 am,0,827.43,-0.196
4/23/2020,05:54:06 am,0,827.47,-0.201
4/23/2020,06:24:06 am,0,827.04,-0.198
4/23/2020,06:54:06 am,0,827.43,-0.204
4/23/2020,07:24:06 am,0,827.25,-0.204
4/23/2020,07:54:06 am,0,827.08,-0.209
4/23/2020,08:24:06 am,0,826.94,-0.207
4/23/2020,08:54:06 am,0,826.61,-0.207
4/23/2020,09:24:06 am,0,826.35,-0.206
4/23/2020,09:54:06 am,0,825.99,-0.207
4/23/2020,10:24:06 am,0,825.98,-0.206
4/23/2020,10:54:06 am,0,825.62,-0.207
4/23/2020,11:24:06 am,0,825.35,-0.208
4/23/2020,11:54:06 am,0,825.20,-0.208
4/23/2020,12:24:06 pm,0,824.86,-0.209
4/23/2020,12:54:06 pm,0,824.77,-0.209
4/23/2020,01:24:06 pm,0,824.40,-0.209
4/23/2020,01:54:06 pm,0,824.16,-0.206
4/23/2020,02:24:06 pm,0,823.91,-0.202
4/23/2020,02:54:06 pm,0,823.64,-0.191
4/23/2020,03:24:06 pm,0,823.31,-0.173
4/23/2020,03:54:06 pm,0,823.51,-0.130
4/23/2020,04:24:06 pm,0,823.76,-0.061
4/23/2020,04:54:06 pm,0,824.63,-0.026
4/23/2020,05:24:06 pm,0,825.50,-0.053
4/23/2020,05:54:06 pm,0,826.30,-0.058
4/23/2020,06:24:06 pm,0,827.14,-0.084
4/23/2020,06:54:06 pm,0,827.46,-0.007
4/23/2020,07:24:06 pm,0,828.83,0.020
4/23/2020,07:54:06 pm,0,828.48,-0.015
4/23/2020,08:24:06 pm,0,827.80,-0.041
4/23/2020,08:54:06 pm,0,831.13,-0.066
4/23/2020,09:24:06 pm,0,830.62,-0.069
4/23/2020,09:54:06 pm,0,829.00,-0.125
4/23/2020,10:24:06 pm,0,824.54,-0.009
4/23/2020,10:54:06 pm,0,825.85,0.019
4/23/2020,11:24:06 pm,0,825.33,0.004
4/23/2020,11:54:06 pm,0,826.01,-0.030
4/24/2020,12:24:06 am,0,825.79,-0.000
4/24/2020,12:54:06 am,0,826.55,-0.049
4/24/2020,01:24:06 am,0,826.74,-0.104
4/24/2020,01:54:06 am,0,827.20,-0.113
4/24/2020,02:24:06 am,0,827.18,-0.122
4/24/2020,02:54:06 am,0,828.60,-0.152
4/24/2020,03:24:06 am,0,828.26,-0.160
4/24/2020,03:54:06 am,0,828.59,-0.167
4/24/2020,04:24:06 am,0,828.77,-0.169
4/24/2020,04:54:06 am,0,829.06,-0.181
4/24/2020,05:24:06 am,0,829.52,-0.186
4/24/2020,05:54:06 am,0,829.44,-0.191
4/24/2020,06:24:06 am,0,829.49,-0.198
4/24/2020,06:54:06 am,0,829.78,-0.201
4/24/2020,07:24:06 am,0,829.21,-0.204
4/24/2020,07:54:06 am,0,829.09,-0.208
4/24/2020,08:24:06 am,0,828.99,-0.212
4/24/2020,08:54:06 am,0,829.08,-0.215
4/24/2020,09:24:06 am,0,829.07,-0.217
4/24/2020,09:54:06 am,0,829.06,-0.222
4/24/2020,10:24:06 am,0,829.05,-0.222
4/24/2020,10:54:06 am,0,829.15,-0.224
4/24/2020,11:24:06 am,0,829.02,-0.225
4/24/2020,11:54:06 am,0,829.07,-0.224
4/24/2020,12:24:06 pm,0,828.93,-0.225
4/24/2020,12:54:06 pm,0,829.07,-0.226
4/24/2020,01:24:06 pm,0,829.08,-0.226
4/24/2020,01:54:06 pm,0,829.09,-0.224
4/24/2020,02:24:06 pm,0,829.30,-0.221
4/24/2020,02:54:06 pm,0,829.60,-0.216
4/24/2020,03:24:06 pm,0,829.82,-0.204
4/24/2020,03:54:06 pm,0,829.82,-0.173
4/24/2020,04:24:06 pm,0,830.04,-0.119
4/24/2020,04:54:06 pm,0,830.62,-0.080
4/24/2020,05:24:06 pm,0,831.13,-0.043
4/24/2020,05:54:06 pm,0,831.56,-0.016
4/24/2020,06:24:06 pm,0,832.65,-0.045
4/24/2020,06:54:06 pm,0,833.40,0.043
4/24/2020,07:24:06 pm,0,833.80,0.007
4/24/2020,07:54:06 pm,0,835.00,-0.018
4/24/2020,08:24:06 pm,0,836.41,-0.037
4/24/2020,08:54:06 pm,0,836.81,-0.055
4/24/2020,09:24:06 pm,0,839.24,-0.157
4/24/2020,09:54:06 pm,0,833.47,-0.043
4/24/2020,10:24:06 pm,0,834.80,-0.006
4/24/2020,10:54:06 pm,0,834.41,0.019
4/24/2020,11:24:06 pm,0,832.30,-0.028
4/24/2020,11:54:06 pm,0,831.97,-0.047
4/25/2020,12:24:06 am,0,832.03,-0.044
4/25/2020,12:54:06 am,0,832.06,-0.015
4/25/2020,01:24:06 am,0,833.05,-0.055
4/25/2020,01:54:06 am,0,832.86,-0.094
4/25/2020,02:24:06 am,0,833.72,-0.127
4/25/2020,02:54:06 am,0,834.26,-0.142
4/25/2020,03:24:06 am,0,834.49,-0.147
4/25/2020,03:54:06 am,0,834.49,-0.163
4/25/2020,04:24:06 am,0,834.67,-0.168
4/25/2020,04:54:06 am,0,835.35,-0.167
4/25/2020,05:24:06 am,0,836.09,-0.168
4/25/2020,05:54:06 am,0,836.25,-0.188
4/25/2020,06:24:06 am,0,836.31,-0.179
4/25/2020,06:54:06 am,0,836.71,-0.180
4/25/2020,07:24:06 am,0,836.93,-0.185
4/25/2020,07:54:06 am,0,837.01,-0.187
4/25/2020,08:24:06 am,0,837.33,-0.192
4/25/2020,08:54:06 am,0,837.10,-0.195
4/25/2020,09:24:06 am,0,836.72,-0.200
4/25/2020,09:54:06 am,0,837.15,-0.205
4/25/2020,10:24:06 am,0,837.09,-0.210
4/25/2020,10:54:06 am,0,836.88,-0.213
4/25/2020,11:24:06 am,0,836.67,-0.216
4/25/2020,11:54:06 am,0,836.76,-0.218
4/25/2020,12:24:06 pm,0,836.04,-0.219
4/25/2020,12:54:06 pm,0,836.17,-0.221
4/25/2020,01:24:06 pm,0,836.63,-0.222
4/25/2020,01:54:06 pm,0,836.45,-0.224
4/25/2020,02:24:06 pm,0,836.32,-0.220
4/25/2020,02:54:06 pm,0,836.54,-0.211
4/25/2020,03:24:06 pm,0,836.11,-0.194
4/25/2020,03:54:06 pm,0,836.37,-0.152
4/25/2020,04:24:06 pm,0,836.45,-0.094
4/25/2020,04:54:06 pm,0,836.81,-0.065
4/25/2020,05:24:06 pm,0,837.87,-0.033
4/25/2020,05:54:06 pm,0,837.93,-0.000
4/25/2020,06:24:06 pm,0,838.37,0.016
4/25/2020,06:54:06 pm,0,838.35,0.023
4/25/2020,07:24:06 pm,0,836.01,0.144
4/25/2020,07:54:06 pm,0,836.28,0.246
4/25/2020,08:24:06 pm,0,834.22,0.408
4/25/2020,08:54:06 pm,0,832.05,0.566
4/25/2020,09:24:06 pm,0,834.93,0.557
4/25/2020,09:54:06 pm,0,833.14,0.677
4/25/2020,10:24:06 pm,0,835.08,0.673
4/25/2020,10:54:06 pm,0,833.90,0.573
4/25/2020,11:24:06 pm,0,835.06,0.493
4/25/2020,11:54:06 pm,0,835.89,0.341
4/26/2020,12:24:06 am,0,835.26,0.279
4/26/2020,12:54:06 am,0,836.45,0.179
4/26/2020,01:24:06 am,0,835.53,0.180
4/26/2020,01:54:06 am,0,836.10,0.128
4/26/2020,02:24:06 am,0,837.06,0.025
4/26/2020,02:54:06 am,0,837.20,-0.037
4/26/2020,03:24:06 am,0,839.19,-0.129
4/26/2020,03:54:06 am,0,841.08,-0.139
4/26/2020,04:24:06 am,0,840.59,-0.146
4/26/2020,04:54:06 am,0,841.94,-0.159
4/26/2020,05:24:06 am,0,841.19,-0.150
4/26/2020,05:54:06 am,0,841.09,-0.150
4/26/2020,06:24:06 am,0,840.98,-0.146
4/26/2020,06:54:06 am,0,840.15,-0.147
4/26/2020,07:24:06 am,0,839.71,-0.125
4/26/2020,07:54:06 am,0,839.76,-0.128
4/26/2020,08:24:06 am,0,838.66,-0.120
4/26/2020,08:54:06 am,0,838.02,-0.116
4/26/2020,09:24:06 am,0,837.67,-0.127
4/26/2020,09:54:06 am,0,837.03,-0.145
4/26/2020,10:24:06 am,0,836.41,-0.155
4/26/2020,10:54:06 am,0,836.33,-0.165
4/26/2020,11:24:06 am,0,835.42,-0.176
4/26/2020,11:54:06 am,0,835.48,-0.188
4/26/2020,12:24:06 pm,0,834.39,-0.201
4/26/2020,12:54:06 pm,0,833.42,-0.209
4/26/2020,01:24:06 pm,0,832.75,-0.218
4/26/2020,01:54:06 pm,0,833.75,-0.209
4/26/2020,02:24:06 pm,0,833.07,-0.198
4/26/2020,02:54:06 pm,0,832.63,-0.180
4/26/2020,03:24:06 pm,0,832.94,-0.139
4/26/2020,03:54:06 pm,0,834.87,-0.063
4/26/2020,04:24:06 pm,0,836.54,0.000
4/26/2020,04:54:06 pm,0,835.70,0.102
4/26/2020,05:24:06 pm,0,834.04,0.243
4/26/2020,05:54:06 pm,0,832.81,0.410
4/26/2020,06:24:06 pm,0,832.82,0.612
4/26/2020,06:54:06 pm,0,832.37,0.873
4/26/2020,07:24:06 pm,0,832.95,1.023
4/26/2020,07:54:06 pm,0,831.69,1.231
4/26/2020,08:24:06 pm,0,832.15,1.358
4/26/2020,08:54:06 pm,0,831.72,1.475
4/26/2020,09:24:06 pm,0,832.93,1.552
4/26/2020,09:54:06 pm,0,833.61,1.573
4/26/2020,10:24:06 pm,0,834.15,1.616
4/26/2020,10:54:06 pm,0,834.07,1.489
4/26/2020,11:24:06 pm,0,834.45,1.571
4/26/2020,11:54:06 pm,0,835.53,1.544
4/27/2020,12:24:06 am,0,836.61,1.109
4/27/2020,12:54:06 am,0,837.93,0.755
4/27/2020,01:24:06 am,0,839.26,0.278
4/27/2020,01:54:06 am,0,838.66,0.152
4/27/2020,02:24:06 am,0,839.87,0.038
4/27/2020,02:54:06 am,0,840.47,-0.002
4/27/2020,03:24:06 am,0,839.86,-0.013
4/27/2020,03:54:06 am,0,840.89,-0.033
4/27/2020,04:24:06 am,0,840.52,-0.029
4/27/2020,04:54:06 am,0,841.58,-0.005
4/27/2020,05:24:06 am,0,840.36,-0.001
4/27/2020,05:54:06 am,0,839.57,-0.004
4/27/2020,06:24:06 am,0,838.78,-0.011
4/27/2020,06:54:06 am,0,839.39,-0.019
4/27/2020,07:24:06 am,0,838.93,-0.037
4/27/2020,07:54:06 am,0,837.45,-0.051
4/27/2020,08:24:06 am,0,837.14,-0.073
4/27/2020,08:54:06 am,0,837.36,-0.097
4/27/2020,09:24:06 am,0,836.90,-0.118
4/27/2020,09:54:06 am,0,836.60,-0.148
4/27/2020,10:24:06 am,0,835.89,-0.186
4/27/2020,10:54:06 am,0,835.63,-0.217
4/27/2020,11:24:06 am,0,834.80,-0.227
4/27/2020,11:54:06 am,0,833.90,-0.232
4/27/2020,12:24:06 pm,0,834.38,-0.232
4/27/2020,12:54:06 pm,0,834.53,-0.232
4/27/2020,01:24:06 pm,0,834.67,-0.229
4/27/2020,01:54:06 pm,0,834.33,-0.228
4/27/2020,02:24:06 pm,0,833.95,-0.227
4/27/2020,02:54:06 pm,0,834.45,-0.223
4/27/2020,03:24:06 pm,0,835.06,-0.201
4/27/2020,03:54:06 pm,0,834.75,-0.108
4/27/2020,04:24:06 pm,0,835.73,0.015
4/27/2020,04:54:06 pm,0,836.40,0.175
4/27/2020,05:24:06 pm,0,836.04,0.535
4/27/2020,05:54:06 pm,0,834.23,0.914
4/27/2020,06:24:06 pm,0,833.73,1.311
4/27/2020,06:54:06 pm,0,834.28,1.694
4/27/2020,07:24:06 pm,0,833.81,2.137
4/27/2020,07:54:06 pm,0,833.29,2.618
4/27/2020,08:24:06 pm,0,833.60,3.240
4/27/2020,08:54:06 pm,0,834.00,3.717
4/27/2020,09:24:06 pm,0,833.83,4.011
4/27/2020,09:54:06 pm,0,834.73,4.195
4/27/2020,10:24:06 pm,0,835.16,4.115
4/27/2020,10:54:06 pm,0,836.38,4.244
4/27/2020,11:24:06 pm,0,837.82,4.167
4/27/2020,11:54:06 pm,0,839.20,3.573
4/28/2020,12:24:06 am,0,841.65,2.806
4/28/2020,12:54:06 am,0,842.01,2.065
4/28/2020,01:24:06 am,0,843.34,1.585
4/28/2020,01:54:06 am,0,843.80,0.961
4/28/2020,02:24:06 am,0,844.47,0.809
4/28/2020,02:54:06 am,0,843.94,0.694
4/28/2020,03:24:06 am,0,844.46,0.583
4/28/2020,03:54:06 am,0,845.07,0.462
4/28/2020,04:24:06 am,0,845.79,0.416
4/28/2020,04:54:06 am,0,844.60,0.406
4/28/2020,05:24:06 am,0,844.79,0.408
4/28/2020,05:54:06 am,0,844.09,0.415
4/28/2020,06:24:06 am,0,843.58,0.403
4/28/2020,06:54:06 am,0,843.09,0.393
4/28/2020,07:24:06 am,0,843.14,0.383
4/28/2020,07:54:06 am,0,843.35,0.377
4/28/2020,08:24:06 am,0,842.40,0.364
4/28/2020,08:54:06 am,0,841.75,0.361
4/28/2020,09:24:06 am,0,842.30,0.359
4/28/2020,09:54:06 am,0,841.24,0.355
4/28/2020,10:24:06 am,0,841.14,0.352
4/28/2020,10:54:06 am,0,841.11,0.348
4/28/2020,11:24:06 am,0,841.22,0.342
4/28/2020,11:54:06 am,0,840.54,0.331
4/28/2020,12:24:06 pm,0,840.03,0.314
4/28/2020,12:54:06 pm,0,839.41,0.300
4/28/2020,01:24:06 pm,0,839.90,0.286
4/28/2020,01:54:06 pm,0,839.79,0.287
4/28/2020,02:24:06 pm,0,839.96,0.309
4/28/2020,02:54:06 pm,0,839.01,0.352
4/28/2020,03:24:06 pm,0,839.13,0.450
4/28/2020,03:54:06 pm,0,838.85,0.612
4/28/2020,04:24:06 pm,0,839.22,0.856
4/28/2020,04:54:06 pm,0,838.47,1.189
4/28/2020,05:24:06 pm,0,838.30,1.642
4/28/2020,05:54:06 pm,0,837.67,2.169
4/28/2020,06:24:06 pm,0,837.33,2.749
4/28/2020,06:54:06 pm,0,837.89,3.402
4/28/2020,07:24:06 pm,0,838.13,4.046
4/28/2020,07:54:06 pm,0,837.76,4.635
4/28/2020,08:24:06 pm,0,837.73,5.147
4/28/2020,08:54:06 pm,0,839.25,5.551
4/28/2020,09:24:06 pm,0,840.37,5.795
4/28/2020,09:54:06 pm,0,841.56,5.633
4/28/2020,10:24:06 pm,0,843.85,5.570
4/28/2020,10:54:06 pm,0,847.72,4.523
4/28/2020,11:24:06 pm,0,848.56,3.768
4/28/2020,11:54:06 pm,0,851.11,2.606
4/29/2020,12:24:06 am,0,850.46,2.407
4/29/2020,12:54:06 am,0,852.54,1.976
4/29/2020,01:24:06 am,0,852.21,1.455
4/29/2020,01:54:06 am,0,852.49,1.389
4/29/2020,02:24:06 am,0,854.29,1.310
4/29/2020,02:54:06 am,0,854.83,0.916
4/29/2020,03:24:06 am,0,854.32,0.772
4/29/2020,03:54:06 am,0,855.07,0.686
4/29/2020,04:24:06 am,0,853.16,0.715
4/29/2020,04:54:06 am,0,853.99,0.686
4/29/2020,05:24:06 am,0,853.18,0.658
4/29/2020,05:54:06 am,0,852.62,0.638
4/29/2020,06:24:06 am,0,851.92,0.616
4/29/2020,06:54:06 am,0,852.31,0.620
4/29/2020,07:24:06 am,0,850.75,0.613
4/29/2020,07:54:06 am,0,851.18,0.609
4/29/2020,08:24:06 am,0,849.94,0.616
4/29/2020,08:54:06 am,0,848.96,0.615
4/29/2020,09:24:06 am,0,849.01,0.622
4/29/2020,09:54:06 am,0,848.07,0.619
4/29/2020,10:24:06 am,0,848.22,0.633
4/29/2020,10:54:06 am,0,848.25,0.633
4/29/2020,11:24:06 am,0,847.71,0.621
4/29/2020,11:54:06 am,0,848.20,0.608
4/29/2020,12:24:06 pm,0,846.66,0.593
4/29/2020,12:54:06 pm,0,846.04,0.581
4/29/2020,01:24:06 pm,0,846.08,0.578
4/29/2020,01:54:06 pm,0,846.12,0.579
4/29/2020,02:24:06 pm,0,845.46,0.613
4/29/2020,02:54:06 pm,0,844.91,0.685
4/29/2020,03:24:06 pm,0,844.42,0.777
4/29/2020,03:54:06 pm,0,843.98,0.943
4/29/2020,04:24:06 pm,0,843.34,1.221
4/29/2020,04:54:06 pm,0,843.98,1.542
4/29/2020,05:24:06 pm,0,843.30,1.867
4/29/2020,05:54:06 pm,0,843.27,2.321
4/29/2020,06:24:06 pm,0,841.66,2.807
4/29/2020,06:54:06 pm,0,842.38,3.350
4/29/2020,07:24:06 pm,0,842.26,3.907
4/29/2020,07:54:06 pm,0,842.18,4.372
4/29/2020,08:24:06 pm,0,843.27,4.674
4/29/2020,08:54:06 pm,0,843.31,4.916
4/29/2020,09:24:06 pm,0,844.44,5.130
4/29/2020,09:54:06 pm,0,846.71,5.146
4/29/2020,10:24:06 pm,0,847.74,4.725
4/29/2020,10:54:06 pm,0,849.55,4.386
4/29/2020,11:24:06 pm,0,852.17,3.664
4/29/2020,11:54:06 pm,0,852.31,2.999
4/30/2020,12:24:06 am,0,851.89,2.667
4/30/2020,12:54:06 am,0,853.95,2.159
4/30/2020,01:24:06 am,0,854.31,1.743
4/30/2020,01:54:06 am,0,854.40,1.475
4/30/2020,02:24:06 am,0,855.63,1.211
4/30/2020,02:54:06 am,0,854.55,1.051
4/30/2020,03:24:06 am,0,854.22,0.898
4/30/2020,03:54:06 am,0,854.27,0.832
4/30/2020,04:24:06 am,0,852.91,0.767
4/30/2020,04:54:06 am,0,853.81,0.738
4/30/2020,05:24:06 am,0,854.53,0.685
4/30/2020,05:54:06 am,0,856.45,0.640
4/30/2020,06:24:06 am,0,851.19,0.626
4/30/2020,06:54:06 am,0,852.38,0.619
4/30/2020,07:24:06 am,0,852.19,0.623
4/30/2020,07:54:06 am,0,851.69,0.662
4/30/2020,08:24:06 am,0,851.40,0.694
4/30/2020,08:54:06 am,0,850.45,0.706
4/30/2020,09:24:06 am,0,850.60,0.688
4/30/2020,09:54:06 am,0,850.10,0.670
4/30/2020,10:24:06 am,0,848.17,0.659
4/30/2020,10:54:06 am,0,848.92,0.697
4/30/2020,11:24:06 am,0,848.62,0.759
4/30/2020,11:54:06 am,0,847.70,0.777
4/30/2020,12:24:06 pm,0,847.45,0.777
4/30/2020,12:54:06 pm,0,847.40,0.765
4/30/2020,01:24:06 pm,0,846.59,0.759
4/30/2020,01:54:06 pm,0,847.01,0.760
4/30/2020,02:24:06 pm,0,847.58,0.784
4/30/2020,02:54:06 pm,0,846.01,0.846
4/30/2020,03:24:06 pm,0,846.45,1.005
4/30/2020,03:54:06 pm,0,846.10,1.263
4/30/2020,04:24:06 pm,0,846.05,1.587
4/30/2020,04:54:06 pm,0,845.24,1.773
4/30/2020,05:24:06 pm,0,844.05,2.106
4/30/2020,05:54:06 pm,0,844.83,2.524
4/30/2020,06:24:06 pm,0,845.16,2.994
4/30/2020,06:54:06 pm,0,844.10,3.532
4/30/2020,07:24:06 pm,0,845.36,4.094
4/30/2020,07:54:06 pm,0,844.94,4.555
4/30/2020,08:24:06 pm,0,846.35,4.988
4/30/2020,08:54:06 pm,0,846.07,5.162
4/30/2020,09:24:06 pm,0,848.25,5.258
4/30/2020,09:54:06 pm,0,849.77,5.117
4/30/2020,10:24:06 pm,0,852.42,4.608
4/30/2020,10:54:06 pm,0,852.90,4.388
4/30/2020,11:24:06 pm,0,853.82,3.827
4/30/2020,11:54:06 pm,0,855.57,3.181
5/1/2020,12:24:06 am,0,857.15,2.623
5/1/2020,12:54:06 am,0,852.12,2.051
5/1/2020,01:24:06 am,0,858.80,1.636
5/1/2020,01:54:06 am,0,853.63,1.310
5/1/2020,02:24:06 am,0,854.70,1.175
5/1/2020,02:54:06 am,0,855.27,1.124
5/1/2020,03:24:06 am,0,852.37,1.077
5/1/2020,03:54:06 am,0,855.00,1.026
5/1/2020,04:24:06 am,0,854.17,1.007
5/1/2020,04:54:06 am,0,853.70,0.968
5/1/2020,05:24:06 am,0,853.82,0.909
5/1/2020,05:54:06 am,0,852.98,0.878
5/1/2020,06:24:06 am,0,852.85,0.868
5/1/2020,06:54:06 am,0,852.41,0.837
5/1/2020,07:24:06 am,0,850.92,0.810
5/1/2020,07:54:06 am,0,850.01,0.759
5/1/2020,08:24:06 am,0,850.87,0.702
5/1/2020,08:54:06 am,0,848.67,0.641
5/1/2020,09:24:06 am,0,849.34,0.585
5/1/2020,09:54:06 am,0,848.58,0.565
5/1/2020,10:24:06 am,0,847.67,0.525
5/1/2020,10:54:06 am,0,847.61,0.493
5/1/2020,11:24:06 am,0,846.27,0.453
5/1/2020,11:54:06 am,0,847.41,0.427
5/1/2020,12:24:06 pm,0,847.23,0.394
5/1/2020,12:54:06 pm,0,846.40,0.355
5/1/2020,01:24:06 pm,0,846.30,0.323
5/1/2020,01:54:06 pm,0,845.12,0.311
5/1/2020,02:24:06 pm,0,845.86,0.321
5/1/2020,02:54:06 pm,0,845.09,0.368
5/1/2020,03:24:06 pm,0,844.66,0.481
5/1/2020,03:54:06 pm,0,844.79,0.685
5/1/2020,04:24:06 pm,0,844.35,0.920
5/1/2020,04:54:06 pm,0,844.25,1.260
5/1/2020,05:24:06 pm,0,844.98,1.623
5/1/2020,05:54:06 pm,0,845.84,2.060
5/1/2020,06:24:06 pm,0,845.28,2.575
5/1/2020,06:54:06 pm,0,846.13,3.105
5/1/2020,07:24:06 pm,0,845.11,3.653
5/1/2020,07:54:06 pm,0,845.48,4.097
5/1/2020,08:24:06 pm,0,845.12,4.389
5/1/2020,08:54:06 pm,0,846.42,4.779
5/1/2020,09:24:06 pm,0,846.60,5.013
5/1/2020,09:54:06 pm,0,847.28,5.018
5/1/2020,10:24:06 pm,0,847.38,4.930
5/1/2020,10:54:06 pm,0,850.23,4.719
5/1/2020,11:24:06 pm,0,849.14,4.369
5/1/2020,11:54:06 pm,0,852.32,3.871
5/2/2020,12:24:06 am,0,853.68,3.530
5/2/2020,12:54:06 am,0,851.93,3.137
5/2/2020,01:24:06 am,0,852.33,2.859
5/2/2020,01:54:06 am,0,852.25,2.560
5/2/2020,02:24:06 am,0,853.01,2.223
5/2/2020,02:54:06 am,0,853.19,1.994
5/2/2020,03:24:06 am,0,851.89,1.756
5/2/2020,03:54:06 am,0,853.10,1.506
5/2/2020,04:24:06 am,0,851.46,1.359
5/2/2020,04:54:06 am,0,851.24,1.214
5/2/2020,05:24:06 am,0,850.78,1.113
5/2/2020,05:54:06 am,0,852.63,1.014
5/2/2020,06:24:06 am,0,850.99,0.931
5/2/2020,06:54:06 am,0,850.69,0.854
5/2/2020,07:24:06 am,0,848.64,0.797
5/2/2020,07:54:06 am,0,849.73,0.741
5/2/2020,08:24:06 am,0,848.55,0.675
5/2/2020,08:54:06 am,0,847.27,0.619
5/2/2020,09:24:06 am,0,848.38,0.570
5/2/2020,09:54:06 am,0,847.34,0.527
5/2/2020,10:24:06 am,0,848.08,0.488
5/2/2020,10:54:06 am,0,846.69,0.442
5/2/2020,11:24:06 am,0,846.88,0.398
5/2/2020,11:54:06 am,0,846.79,0.349
5/2/2020,12:24:06 pm,0,846.56,0.303
5/2/2020,12:54:06 pm,0,846.72,0.250
5/2/2020,01:24:06 pm,0,847.30,0.208
5/2/2020,01:54:06 pm,0,846.70,0.175
5/2/2020,02:24:06 pm,0,845.94,0.166
5/2/2020,02:54:06 pm,0,845.71,0.211
5/2/2020,03:24:06 pm,0,845.72,0.320
5/2/2020,03:54:06 pm,0,845.82,0.521
5/2/2020,04:24:06 pm,0,844.92,0.807
5/2/2020,04:54:06 pm,0,844.70,1.158
5/2/2020,05:24:06 pm,0,844.75,1.560
5/2/2020,05:54:06 pm,0,847.81,2.011
5/2/2020,06:24:06 pm,0,845.45,2.498
5/2/2020,06:54:06 pm,0,844.35,3.048
5/2/2020,07:24:06 pm,0,845.57,3.583
5/2/2020,07:54:06 pm,0,845.10,4.069
5/2/2020,08:24:06 pm,0,846.07,4.527
5/2/2020,08:54:06 pm,0,846.21,4.901
5/2/2020,09:24:06 pm,0,846.43,5.118
5/2/2020,09:54:06 pm,0,847.53,5.214
5/2/2020,10:24:06 pm,0,847.96,5.113
5/2/2020,10:54:06 pm,0,850.04,4.967
5/2/2020,11:24:06 pm,0,850.38,4.710
5/2/2020,11:54:06 pm,0,851.61,4.169
5/3/2020,12:24:06 am,0,851.38,3.731
5/3/2020,12:54:06 am,0,853.23,3.307
5/3/2020,01:24:06 am,0,850.80,2.917
5/3/2020,01:54:06 am,0,854.01,2.561
5/3/2020,02:24:06 am,0,851.12,2.283
5/3/2020,02:54:06 am,0,852.70,2.024
5/3/2020,03:24:06 am,0,852.23,1.806
5/3/2020,03:54:06 am,0,852.30,1.582
5/3/2020,04:24:06 am,0,851.38,1.392
5/3/2020,04:54:06 am,0,851.29,1.274
5/3/2020,05:24:06 am,0,850.54,1.164
5/3/2020,05:54:06 am,0,850.90,1.075
5/3/2020,06:24:06 am,0,849.88,0.972
5/3/2020,06:54:06 am,0,849.28,0.859
5/3/2020,07:24:06 am,0,849.26,0.778
5/3/2020,07:54:06 am,0,848.75,0.705
5/3/2020,08:24:06 am,0,848.30,0.637
5/3/2020,08:54:06 am,0,849.04,0.574
5/3/2020,09:24:06 am,0,847.53,0.520
5/3/2020,09:54:06 am,0,846.88,0.466
5/3/2020,10:24:06 am,0,846.21,0.408
5/3/2020,10:54:06 am,0,846.04,0.355
5/3/2020,11:24:06 am,0,846.15,0.301
5/3/2020,11:54:06 am,0,845.26,0.252
5/3/2020,12:24:06 pm,0,845.87,0.211
5/3/2020,12:54:06 pm,0,846.61,0.163
5/3/2020,01:24:06 pm,0,844.69,0.122
5/3/2020,01:54:06 pm,0,845.14,0.113
5/3/2020,02:24:06 pm,0,845.51,0.123
5/3/2020,02:54:06 pm,0,844.12,0.165
5/3/2020,03:24:06 pm,0,844.04,0.280
5/3/2020,03:54:06 pm,0,843.13,0.484
5/3/2020,04:24:06 pm,0,843.74,0.780
5/3/2020,04:54:06 pm,0,843.16,1.133
5/3/2020,05:24:06 pm,0,842.80,1.543
5/3/2020,05:54:06 pm,0,844.02,1.989
5/3/2020,06:24:06 pm,0,843.51,2.518
5/3/2020,06:54:06 pm,0,843.62,3.089
5/3/2020,07:24:06 pm,0,843.13,3.699
5/3/2020,07:54:06 pm,0,844.04,4.256
5/3/2020,08:24:06 pm,0,844.37,4.748
5/3/2020,08:54:06 pm,0,844.62,4.967
5/3/2020,09:24:06 pm,0,845.15,5.237
5/3/2020,09:54:06 pm,0,845.99,5.303
5/3/2020,10:24:06 pm,0,846.04,5.236
5/3/2020,10:54:06 pm,0,846.75,5.129
5/3/2020,11:24:06 pm,0,847.55,4.872
5/3/2020,11:54:06 pm,0,848.02,4.386
5/4/2020,12:24:06 am,0,849.12,4.022
5/4/2020,12:54:06 am,0,849.74,3.595
5/4/2020,01:24:06 am,0,850.30,3.136
5/4/2020,01:54:06 am,0,850.69,2.680
5/4/2020,02:24:06 am,0,850.39,2.341
5/4/2020,02:54:06 am,0,850.88,2.058
5/4/2020,03:24:06 am,0,850.98,1.803
5/4/2020,03:54:06 am,0,850.69,1.584
5/4/2020,04:24:06 am,0,849.79,1.383
5/4/2020,04:54:06 am,0,849.39,1.187
5/4/2020,05:24:06 am,0,850.48,1.023
5/4/2020,05:54:06 am,0,849.26,0.884
5/4/2020,06:24:06 am,0,847.99,0.776
5/4/2020,06:54:06 am,0,848.45,0.688
5/4/2020,07:24:06 am,0,847.59,0.593
5/4/2020,07:54:06 am,0,847.23,0.497
5/4/2020,08:24:06 am,0,846.79,0.381
5/4/2020,08:54:06 am,0,846.42,0.260
5/4/2020,09:24:06 am,0,846.31,0.131
5/4/2020,09:54:06 am,0,845.96,0.002
5/4/2020,10:24:06 am,0,846.40,-0.113
5/4/2020,10:54:06 am,0,844.60,-0.208
5/4/2020,11:24:06 am,0,843.80,-0.229
5/4/2020,11:54:06 am,0,844.87,-0.228
5/4/2020,12:24:06 pm,0,844.01,-0.227
5/4/2020,12:54:06 pm,0,844.43,-0.228
5/4/2020,01:24:06 pm,0,844.04,-0.228
5/4/2020,01:54:06 pm,0,843.60,-0.228
5/4/2020,02:24:06 pm,0,844.09,-0.228
5/4/2020,02:54:06 pm,0,843.77,-0.227
5/4/2020,03:24:06 pm,0,844.73,-0.226
5/4/2020,03:54:06 pm,0,845.98,-0.181
5/4/2020,04:24:06 pm,0,845.51,-0.085
5/4/2020,04:54:06 pm,0,844.88,0.143
5/4/2020,05:24:06 pm,0,845.27,0.536
5/4/2020,05:54:06 pm,0,844.90,1.226
5/4/2020,06:24:06 pm,0,843.98,2.002
5/4/2020,06:54:06 pm,0,843.12,2.717
5/4/2020,07:24:06 pm,0,843.11,3.424
5/4/2020,07:54:06 pm,0,844.45,4.106
5/4/2020,08:24:06 pm,0,845.51,4.724
5/4/2020,08:54:06 pm,0,844.57,5.242
5/4/2020,09:24:06 pm,0,844.17,5.631
5/4/2020,09:54:06 pm,0,846.58,5.880
5/4/2020,10:24:06 pm,0,847.43,5.978
5/4/2020,10:54:06 pm,0,849.63,6.037
5/4/2020,11:24:06 pm,0,848.80,5.774
5/4/2020,11:54:06 pm,0,850.19,5.332
5/5/2020,12:24:06 am,0,850.42,4.990
5/5/2020,12:54:06 am,0,851.26,4.498
5/5/2020,01:24:06 am,0,853.46,4.024
5/5/2020,01:54:06 am,0,853.41,3.597
5/5/2020,02:24:06 am,0,853.80,3.194
5/5/2020,02:54:06 am,0,852.64,2.863
5/5/2020,03:24:06 am,0,853.38,2.555
5/5/2020,03:54:06 am,0,854.02,2.239
5/5/2020,04:24:06 am,0,853.10,1.982
5/5/2020,04:54:06 am,0,854.03,1.745
5/5/2020,05:24:06 am,0,852.75,1.540
5/5/2020,05:54:06 am,0,852.39,1.356
5/5/2020,06:24:06 am,0,850.01,1.197
5/5/2020,06:54:06 am,0,851.58,1.046
5/5/2020,07:24:06 am,0,851.18,0.911
5/5/2020,07:54:06 am,0,850.86,0.794
5/5/2020,08:24:06 am,0,851.02,0.679
5/5/2020,08:54:06 am,0,850.48,0.586
5/5/2020,09:24:06 am,0,848.59,0.508
5/5/2020,09:54:06 am,0,848.64,0.441
5/5/2020,10:24:06 am,0,848.27,0.378
5/5/2020,10:54:06 am,0,847.81,0.315
5/5/2020,11:24:06 am,0,847.46,0.260
5/5/2020,11:54:06 am,0,848.12,0.211
5/5/2020,12:24:06 pm,0,845.69,0.161
5/5/2020,12:54:06 pm,0,846.44,0.115
5/5/2020,01:24:06 pm,0,845.84,0.070
5/5/2020,01:54:06 pm,0,846.49,0.048
5/5/2020,02:24:06 pm,0,845.95,0.056
5/5/2020,02:54:06 pm,0,845.92,0.102
5/5/2020,03:24:06 pm,0,846.62,0.227
5/5/2020,03:54:06 pm,0,845.27,0.478
5/5/2020,04:24:06 pm,0,846.20,0.805
5/5/2020,04:54:06 pm,0,845.44,1.193
5/5/2020,05:24:06 pm,0,845.04,1.648
5/5/2020,05:54:06 pm,0,844.37,2.186
5/5/2020,06:24:06 pm,0,843.44,2.836
5/5/2020,06:54:06 pm,0,844.05,3.527
5/5/2020,07:24:06 pm,0,844.38,4.250
5/5/2020,07:54:06 pm,0,844.82,4.978
5/5/2020,08:24:06 pm,0,844.80,5.652
5/5/2020,08:54:06 pm,0,844.99,6.225
5/5/2020,09:24:06 pm,0,846.44,6.651
5/5/2020,09:54:06 pm,0,848.45,6.898
5/5/2020,10:24:06 pm,0,849.63,6.993
5/5/2020,10:54:06 pm,0,851.22,6.873
5/5/2020,11:24:06 pm,0,853.51,6.570
5/5/2020,11:54:06 pm,0,853.79,6.127
5/6/2020,12:24:06 am,0,852.40,5.578
5/6/2020,12:54:06 am,0,855.80,4.981
5/6/2020,01:24:06 am,0,856.13,4.377
5/6/2020,01:54:06 am,0,860.69,3.783
5/6/2020,02:24:06 am,0,856.72,3.271
5/6/2020,02:54:06 am,0,856.53,2.857
5/6/2020,03:24:06 am,0,856.52,2.532
5/6/2020,03:54:06 am,0,857.82,2.234
5/6/2020,04:24:06 am,0,857.35,1.983
5/6/2020,04:54:06 am,0,856.87,1.776
5/6/2020,05:24:06 am,0,855.47,1.592
5/6/2020,05:54:06 am,0,854.17,1.408
5/6/2020,06:24:06 am,0,855.08,1.255
5/6/2020,06:54:06 am,0,856.84,1.136
5/6/2020,07:24:06 am,0,856.36,1.033
5/6/2020,07:54:06 am,0,855.26,0.940
5/6/2020,08:24:06 am,0,852.82,0.857
5/6/2020,08:54:06 am,0,854.42,0.768
5/6/2020,09:24:06 am,0,852.86,0.704
5/6/2020,09:54:06 am,0,851.90,0.648
5/6/2020,10:24:06 am,0,851.63,0.595
5/6/2020,10:54:06 am,0,850.43,0.537
5/6/2020,11:24:06 am,0,851.99,0.495
5/6/2020,11:54:06 am,0,849.06,0.463
5/6/2020,12:24:06 pm,0,849.86,0.407
5/6/2020,12:54:06 pm,0,850.71,0.348
5/6/2020,01:24:06 pm,0,850.16,0.299
5/6/2020,01:54:06 pm,0,849.49,0.287
5/6/2020,02:24:06 pm,0,850.12,0.332
5/6/2020,02:54:06 pm,0,849.34,0.434
5/6/2020,03:24:06 pm,0,849.32,0.581
5/6/2020,03:54:06 pm,0,847.54,0.793
5/6/2020,04:24:06 pm,0,848.79,1.058
5/6/2020,04:54:06 pm,0,849.25,1.437
5/6/2020,05:24:06 pm,0,847.41,1.912
5/6/2020,05:54:06 pm,0,847.80,2.426
5/6/2020,06:24:06 pm,0,847.79,3.012
5/6/2020,06:54:06 pm,0,848.29,3.659
5/6/2020,07:24:06 pm,0,846.88,4.366
5/6/2020,07:54:06 pm,0,847.88,5.066
5/6/2020,08:24:06 pm,0,847.35,5.708
5/6/2020,08:54:06 pm,0,847.68,6.204
5/6/2020,09:24:06 pm,0,850.26,6.570
5/6/2020,09:54:06 pm,0,850.16,6.831
5/6/2020,10:24:06 pm,0,852.42,6.940
5/6/2020,10:54:06 pm,0,853.14,6.848
5/6/2020,11:24:06 pm,0,854.98,6.607
5/6/2020,11:54:06 pm,0,855.14,6.205
5/7/2020,12:24:06 am,0,855.00,5.735
5/7/2020,12:54:06 am,0,860.57,5.158
5/7/2020,01:24:06 am,0,857.00,4.541
5/7/2020,01:54:06 am,0,854.82,4.035
5/7/2020,02:24:06 am,0,852.64,3.491
5/7/2020,02:54:06 am,0,857.49,3.066
5/7/2020,03:24:06 am,0,857.82,2.643
5/7/2020,03:54:06 am,0,856.50,2.333
5/7/2020,04:24:06 am,0,859.74,2.044
5/7/2020,04:54:06 am,0,857.29,1.865
5/7/2020,05:24:06 am,0,857.17,1.718
5/7/2020,05:54:06 am,0,856.07,1.602
5/7/2020,06:24:06 am,0,856.01,1.476
5/7/2020,06:54:06 am,0,855.74,1.333
5/7/2020,07:24:06 am,0,852.64,1.195
5/7/2020,07:54:06 am,0,853.88,1.092
5/7/2020,08:24:06 am,0,852.68,0.981
5/7/2020,08:54:06 am,0,854.33,0.878
5/7/2020,09:24:06 am,0,852.45,0.776
5/7/2020,09:54:06 am,0,853.19,0.696
5/7/2020,10:24:06 am,0,851.72,0.628
5/7/2020,10:54:06 am,0,851.88,0.560
5/7/2020,11:24:06 am,0,850.66,0.501
5/7/2020,11:54:06 am,0,850.10,0.446
5/7/2020,12:24:06 pm,0,851.46,0.396
5/7/2020,12:54:06 pm,0,850.58,0.353
5/7/2020,01:24:06 pm,0,849.01,0.311
5/7/2020,01:54:06 pm,0,849.43,0.286
5/7/2020,02:24:06 pm,0,848.89,0.292
5/7/2020,02:54:06 pm,0,848.92,0.357
5/7/2020,03:24:06 pm,0,848.39,0.519
5/7/2020,03:54:06 pm,0,847.65,0.794
5/7/2020,04:24:06 pm,0,846.94,1.160
5/7/2020,04:54:06 pm,0,847.90,1.588
5/7/2020,05:24:06 pm,0,846.58,2.097
5/7/2020,05:54:06 pm,0,846.74,2.679
5/7/2020,06:24:06 pm,0,846.60,3.347
5/7/2020,06:54:06 pm,0,847.07,4.039
5/7/2020,07:24:06 pm,0,846.81,4.774
5/7/2020,07:54:06 pm,0,846.89,5.485
5/7/2020,08:24:06 pm,0,847.57,6.072
5/7/2020,08:54:06 pm,0,847.24,6.597
5/7/2020,09:24:06 pm,0,848.76,6.989
5/7/2020,09:54:06 pm,0,850.08,7.245
5/7/2020,10:24:06 pm,0,853.72,7.377
5/7/2020,10:54:06 pm,0,852.47,7.302
5/7/2020,11:24:06 pm,0,854.86,7.050
5/7/2020,11:54:06 pm,0,857.33,6.632
5/8/2020,12:24:06 am,0,856.15,6.019
5/8/2020,12:54:06 am,0,856.91,5.294
5/8/2020,01:24:06 am,0,857.63,4.707
5/8/2020,01:54:06 am,0,858.65,4.092
5/8/2020,02:24:06 am,0,858.28,3.591
5/8/2020,02:54:06 am,0,861.12,3.221
5/8/2020,03:24:06 am,0,861.99,2.850
5/8/2020,03:54:06 am,0,859.80,2.533
5/8/2020,04:24:06 am,0,857.63,2.266
5/8/2020,04:54:06 am,0,859.43,2.032
5/8/2020,05:24:06 am,0,859.65,1.869
5/8/2020,05:54:06 am,0,859.11,1.755
5/8/2020,06:24:06 am,0,854.73,1.647
5/8/2020,06:54:06 am,0,856.63,1.564
5/8/2020,07:24:06 am,0,857.62,1.494
5/8/2020,07:54:06 am,0,854.19,1.414
5/8/2020,08:24:06 am,0,855.98,1.337
5/8/2020,08:54:06 am,0,856.93,1.253
5/8/2020,09:24:06 am,0,853.80,1.184
5/8/2020,09:54:06 am,0,854.24,1.122
5/8/2020,10:24:06 am,0,852.63,1.061
5/8/2020,10:54:06 am,0,852.35,1.009
5/8/2020,11:24:06 am,0,854.05,0.953
5/8/2020,11:54:06 am,0,852.02,0.895
5/8/2020,12:24:06 pm,0,852.17,0.835
5/8/2020,12:54:06 pm,0,851.68,0.784
5/8/2020,01:24:06 pm,0,851.63,0.744
5/8/2020,01:54:06 pm,0,851.22,0.706
5/8/2020,02:24:06 pm,0,851.67,0.721
5/8/2020,02:54:06 pm,0,849.92,0.794
5/8/2020,03:24:06 pm,0,850.67,0.958
5/8/2020,03:54:06 pm,0,850.35,1.224
5/8/2020,04:24:06 pm,0,849.75,1.601
5/8/2020,04:54:06 pm,0,850.26,2.039
5/8/2020,05:24:06 pm,0,848.40,2.562
5/8/2020,05:54:06 pm,0,848.71,3.171
5/8/2020,06:24:06 pm,0,849.00,3.820
5/8/2020,06:54:06 pm,0,848.33,4.542
5/8/2020,07:24:06 pm,0,848.42,5.279
5/8/2020,07:54:06 pm,0,848.64,5.993
5/8/2020,08:24:06 pm,0,848.29,6.665
5/8/2020,08:54:06 pm,0,850.67,7.157
5/8/2020,09:24:06 pm,0,852.61,7.505
5/8/2020,09:54:06 pm,0,854.61,7.673
5/8/2020,10:24:06 pm,0,856.01,7.591
5/8/2020,10:54:06 pm,0,855.82,7.350
5/8/2020,11:24:06 pm,0,856.68,7.009
5/8/2020,11:54:06 pm,0,860.41,6.438
5/9/2020,12:24:06 am,0,860.51,5.661
5/9/2020,12:54:06 am,0,863.25,5.106
5/9/2020,01:24:06 am,0,865.53,4.492
5/9/2020,01:54:06 am,0,863.73,3.908
5/9/2020,02:24:06 am,0,865.15,3.591
5/9/2020,02:54:06 am,0,863.78,3.245
5/9/2020,03:24:06 am,0,864.23,2.850
5/9/2020,03:54:06 am,0,863.49,2.613
5/9/2020,04:24:06 am,0,861.78,2.391
5/9/2020,04:54:06 am,0,857.14,2.279
5/9/2020,05:24:06 am,0,860.55,2.189
5/9/2020,05:54:06 am,0,862.95,2.107
5/9/2020,06:24:06 am,0,856.81,2.007
5/9/2020,06:54:06 am,0,858.59,1.933
5/9/2020,07:24:06 am,0,855.99,1.879
5/9/2020,07:54:06 am,0,856.91,1.822
5/9/2020,08:24:06 am,0,857.44,1.759
5/9/2020,08:54:06 am,0,855.62,1.683
5/9/2020,09:24:06 am,0,856.90,1.629
5/9/2020,09:54:06 am,0,854.39,1.580
5/9/2020,10:24:06 am,0,855.14,1.524
5/9/2020,10:54:06 am,0,854.82,1.457
5/9/2020,11:24:06 am,0,853.26,1.402
5/9/2020,11:54:06 am,0,852.91,1.345
5/9/2020,12:24:06 pm,0,852.40,1.296
5/9/2020,12:54:06 pm,0,852.83,1.255
5/9/2020,01:24:06 pm,0,851.46,1.232
5/9/2020,01:54:06 pm,0,852.05,1.226
5/9/2020,02:24:06 pm,0,853.07,1.238
5/9/2020,02:54:06 pm,0,851.24,1.302
5/9/2020,03:24:06 pm,0,851.79,1.455
5/9/2020,03:54:06 pm,0,850.83,1.721
5/9/2020,04:24:06 pm,0,850.32,2.082
5/9/2020,04:54:06 pm,0,850.09,2.523
5/9/2020,05:24:06 pm,0,849.41,3.051
5/9/2020,05:54:06 pm,0,849.95,3.657
5/9/2020,06:24:06 pm,0,848.64,4.327
5/9/2020,06:54:06 pm,0,849.15,5.054
5/9/2020,07:24:06 pm,0,849.75,5.786
5/9/2020,07:54:06 pm,0,849.72,6.503
5/9/2020,08:24:06 pm,0,849.54,7.148
5/9/2020,08:54:06 pm,0,852.47,7.638
5/9/2020,09:24:06 pm,0,853.64,7.988
5/9/2020,09:54:06 pm,0,858.42,8.157
5/9/2020,10:24:06 pm,0,858.05,8.087
5/9/2020,10:54:06 pm,0,859.22,7.867
5/9/2020,11:24:06 pm,0,859.80,7.462
5/9/2020,11:54:06 pm,0,864.49,6.801
5/10/2020,12:24:06 am,0,863.44,6.163
5/10/2020,12:54:06 am,0,859.68,5.462
5/10/2020,01:24:06 am,0,864.59,4.818
5/10/2020,01:54:06 am,0,865.03,4.386
5/10/2020,02:24:06 am,0,859.87,3.889
5/10/2020,02:54:06 am,0,864.37,3.508
5/10/2020,03:24:06 am,0,867.50,3.177
5/10/2020,03:54:06 am,0,864.21,2.866
5/10/2020,04:24:06 am,0,861.09,2.663
5/10/2020,04:54:06 am,0,854.92,2.504
5/10/2020,05:24:06 am,0,860.13,2.359
5/10/2020,05:54:06 am,0,862.28,2.220
5/10/2020,06:24:06 am,0,863.83,2.086
5/10/2020,06:54:06 am,0,861.18,1.952
5/10/2020,07:24:06 am,0,858.32,1.820
5/10/2020,07:54:06 am,0,857.87,1.688
5/10/2020,08:24:06 am,0,852.35,1.568
5/10/2020,08:54:06 am,0,856.45,1.467
5/10/2020,09:24:06 am,0,855.38,1.378
5/10/2020,09:54:06 am,0,852.29,1.307
5/10/2020,10:24:06 am,0,853.12,1.240
5/10/2020,10:54:06 am,0,854.81,1.184
5/10/2020,11:24:06 am,0,854.40,1.141
5/10/2020,11:54:06 am,0,853.10,1.094
5/10/2020,12:24:06 pm,0,850.89,1.042
5/10/2020,12:54:06 pm,0,849.96,0.998
5/10/2020,01:24:06 pm,0,852.60,0.965
5/10/2020,01:54:06 pm,0,852.83,0.960
5/10/2020,02:24:06 pm,0,850.23,0.992
5/10/2020,02:54:06 pm,0,852.04,1.087
5/10/2020,03:24:06 pm,0,851.45,1.271
5/10/2020,03:54:06 pm,0,850.12,1.615
5/10/2020,04:24:06 pm,0,848.16,1.959
5/10/2020,04:54:06 pm,0,848.27,2.275
5/10/2020,05:24:06 pm,0,848.59,2.650
5/10/2020,05:54:06 pm,0,849.47,2.904
5/10/2020,06:24:06 pm,0,850.35,3.444
5/10/2020,06:54:06 pm,0,848.36,4.246
5/10/2020,07:24:06 pm,0,847.18,5.003
5/10/2020,07:54:06 pm,0,847.93,5.620
5/10/2020,08:24:06 pm,0,847.45,6.249
5/10/2020,08:54:06 pm,0,848.35,6.787
5/10/2020,09:24:06 pm,0,850.37,7.227
5/10/2020,09:54:06 pm,0,848.48,7.609
5/10/2020,10:24:06 pm,0,851.61,7.815
5/10/2020,10:54:06 pm,0,852.47,7.832
5/10/2020,11:24:06 pm,0,852.41,7.660
5/10/2020,11:54:06 pm,0,853.88,7.236
5/11/2020,12:24:06 am,0,856.54,6.655
5/11/2020,12:54:06 am,0,849.96,6.106
5/11/2020,01:24:06 am,0,853.21,5.614
5/11/2020,01:54:06 am,0,858.05,5.127
5/11/2020,02:24:06 am,0,857.86,4.651
5/11/2020,02:54:06 am,0,856.10,4.311
5/11/2020,03:24:06 am,0,856.26,3.885
5/11/2020,03:54:06 am,0,856.21,3.520
5/11/2020,04:24:06 am,0,852.77,3.220
5/11/2020,04:54:06 am,0,855.13,2.972
5/11/2020,05:24:06 am,0,851.73,2.755
5/11/2020,05:54:06 am,0,853.87,2.541
5/11/2020,06:24:06 am,0,851.93,2.333
5/11/2020,06:54:06 am,0,852.57,2.157
5/11/2020,07:24:06 am,0,852.03,1.997
5/11/2020,07:54:06 am,0,852.67,1.854
5/11/2020,08:24:06 am,0,851.21,1.723
5/11/2020,08:54:06 am,0,847.45,1.620
5/11/2020,09:24:06 am,0,850.85,1.540
5/11/2020,09:54:06 am,0,848.22,1.448
5/11/2020,10:24:06 am,0,847.98,1.367
5/11/2020,10:54:06 am,0,847.26,1.279
5/11/2020,11:24:06 am,0,848.01,1.197
5/11/2020,11:54:06 am,0,845.40,1.115
5/11/2020,12:24:06 pm,0,846.38,1.053
5/11/2020,12:54:06 pm,0,847.17,1.008
5/11/2020,01:24:06 pm,0,845.19,0.994
5/11/2020,01:54:06 pm,0,845.49,1.042
5/11/2020,02:24:06 pm,0,846.52,1.111
5/11/2020,02:54:06 pm,0,845.46,1.223
5/11/2020,03:24:06 pm,0,844.51,1.350
5/11/2020,03:54:06 pm,0,844.26,1.515
5/11/2020,04:24:06 pm,0,844.29,1.772
5/11/2020,04:54:06 pm,0,843.07,2.141
5/11/2020,05:24:06 pm,0,843.66,2.626
5/11/2020,05:54:06 pm,0,843.38,3.218
5/11/2020,06:24:06 pm,0,842.68,3.887
5/11/2020,06:54:06 pm,0,842.84,4.596
5/11/2020,07:24:06 pm,0,843.77,5.322
5/11/2020,07:54:06 pm,0,842.82,6.021
5/11/2020,08:24:06 pm,0,843.17,6.651
5/11/2020,08:54:06 pm,0,842.36,7.193
5/11/2020,09:24:06 pm,0,844.46,7.601
5/11/2020,09:54:06 pm,0,843.72,7.911
5/11/2020,10:24:06 pm,0,846.26,8.086
5/11/2020,10:54:06 pm,0,848.19,8.096
5/11/2020,11:24:06 pm,0,849.04,7.956
5/11/2020,11:54:06 pm,0,851.40,7.603
5/12/2020,12:24:06 am,0,847.64,7.187
5/12/2020,12:54:06 am,0,850.65,6.672
5/12/2020,01:24:06 am,0,848.17,6.071
5/12/2020,01:54:06 am,0,850.54,5.532
5/12/2020,02:24:06 am,0,851.31,5.016
5/12/2020,02:54:06 am,0,849.07,4.527
5/12/2020,03:24:06 am,0,850.47,4.086
5/12/2020,03:54:06 am,0,846.40,3.667
5/12/2020,04:24:06 am,0,849.11,3.304
5/12/2020,04:54:06 am,0,848.92,2.993
5/12/2020,05:24:06 am,0,847.76,2.699
5/12/2020,05:54:06 am,0,845.70,2.451
5/12/2020,06:24:06 am,0,846.38,2.263
5/12/2020,06:54:06 am,0,846.17,2.087
5/12/2020,07:24:06 am,0,845.06,1.918
5/12/2020,07:54:06 am,0,844.03,1.765
5/12/2020,08:24:06 am,0,842.35,1.613
5/12/2020,08:54:06 am,0,843.57,1.472
5/12/2020,09:24:06 am,0,844.56,1.365
5/12/2020,09:54:06 am,0,842.72,1.285
5/12/2020,10:24:06 am,0,841.73,1.210
5/12/2020,10:54:06 am,0,841.96,1.110
5/12/2020,11:24:06 am,0,841.64,1.006
5/12/2020,11:54:06 am,0,842.87,0.931
5/12/2020,12:24:06 pm,0,840.67,0.866
5/12/2020,12:54:06 pm,0,841.14,0.802
5/12/2020,01:24:06 pm,0,840.63,0.744
5/12/2020,01:54:06 pm,0,840.84,0.710
5/12/2020,02:24:06 pm,0,839.83,0.691
5/12/2020,02:54:06 pm,0,839.22,0.709
5/12/2020,03:24:06 pm,0,840.30,0.767
5/12/2020,03:54:06 pm,0,839.79,0.911
5/12/2020,04:24:06 pm,0,838.34,1.167
5/12/2020,04:54:06 pm,0,837.79,1.536
5/12/2020,05:24:06 pm,0,838.11,2.030
5/12/2020,05:54:06 pm,0,839.40,2.607
5/12/2020,06:24:06 pm,0,838.54,3.277
5/12/2020,06:54:06 pm,0,838.50,3.991
5/12/2020,07:24:06 pm,0,838.71,4.650
5/12/2020,07:54:06 pm,0,838.59,5.063
5/12/2020,08:24:06 pm,0,837.96,5.147
5/12/2020,08:54:06 pm,0,838.90,5.756
5/12/2020,09:24:06 pm,0,837.89,6.313
5/12/2020,09:54:06 pm,0,839.74,6.689
5/12/2020,10:24:06 pm,0,841.26,6.771
5/12/2020,10:54:06 pm,0,840.02,6.699
5/12/2020,11:24:06 pm,0,839.56,6.618
5/12/2020,11:54:06 pm,0,841.83,6.398
5/13/2020,12:24:06 am,0,842.46,6.146
5/13/2020,12:54:06 am,0,841.20,5.876
5/13/2020,01:24:06 am,0,842.91,5.570
5/13/2020,01:54:06 am,0,841.90,5.292
5/13/2020,02:24:06 am,0,841.96,4.924
5/13/2020,02:54:06 am,0,842.51,4.504
5/13/2020,03:24:06 am,0,841.51,4.137
5/13/2020,03:54:06 am,0,841.49,3.834
5/13/2020,04:24:06 am,0,841.30,3.554
5/13/2020,04:54:06 am,0,841.48,3.274
5/13/2020,05:24:06 am,0,840.15,3.015
5/13/2020,05:54:06 am,0,839.85,2.783
5/13/2020,06:24:06 am,0,841.50,2.574
5/13/2020,06:54:06 am,0,840.16,2.402
5/13/2020,07:24:06 am,0,839.90,2.230
5/13/2020,07:54:06 am,0,839.89,2.069
5/13/2020,08:24:06 am,0,839.35,1.918
5/13/2020,08:54:06 am,0,839.34,1.776
5/13/2020,09:24:06 am,0,839.39,1.635
5/13/2020,09:54:06 am,0,838.32,1.503
5/13/2020,10:24:06 am,0,837.67,1.395
5/13/2020,10:54:06 am,0,837.13,1.297
5/13/2020,11:24:06 am,0,837.73,1.226
5/13/2020,11:54:06 am,0,836.88,1.158
5/13/2020,12:24:06 pm,0,836.73,1.079
5/13/2020,12:54:06 pm,0,836.90,0.994
5/13/2020,01:24:06 pm,0,836.13,0.932
5/13/2020,01:54:06 pm,0,836.44,0.860
5/13/2020,02:24:06 pm,0,836.02,0.796
5/13/2020,02:54:06 pm,0,836.79,0.756
5/13/2020,03:24:06 pm,0,836.61,0.779
5/13/2020,03:54:06 pm,0,836.36,0.876
5/13/2020,04:24:06 pm,0,836.18,1.078
5/13/2020,04:54:06 pm,0,836.61,1.385
5/13/2020,05:24:06 pm,0,835.17,1.814
5/13/2020,05:54:06 pm,0,836.03,2.358
5/13/2020,06:24:06 pm,0,836.69,2.999
5/13/2020,06:54:06 pm,0,836.46,3.629
5/13/2020,07:24:06 pm,0,836.62,4.230
5/13/2020,07:54:06 pm,0,836.90,4.829
5/13/2020,08:24:06 pm,0,837.14,5.256
5/13/2020,08:54:06 pm,0,836.36,5.926
5/13/2020,09:24:06 pm,0,837.02,6.411
5/13/2020,09:54:06 pm,0,837.50,6.765
5/13/2020,10:24:06 pm,0,837.58,6.576
5/13/2020,10:54:06 pm,0,836.71,6.374
5/13/2020,11:24:06 pm,0,838.23,6.191
5/13/2020,11:54:06 pm,0,838.94,6.084
5/14/2020,12:24:06 am,0,839.44,5.947
5/14/2020,12:54:06 am,0,838.40,5.750
5/14/2020,01:24:06 am,0,838.64,5.464
5/14/2020,01:54:06 am,0,838.59,5.099
5/14/2020,02:24:06 am,0,838.53,4.711
5/14/2020,02:54:06 am,0,838.32,4.345
5/14/2020,03:24:06 am,0,838.13,3.987
5/14/2020,03:54:06 am,0,838.13,3.651
5/14/2020,04:24:06 am,0,838.60,3.353
5/14/2020,04:54:06 am,0,837.61,3.086
5/14/2020,05:24:06 am,0,838.83,2.837
5/14/2020,05:54:06 am,0,838.05,2.611
5/14/2020,06:24:06 am,0,837.93,2.387
5/14/2020,06:54:06 am,0,836.99,2.177
5/14/2020,07:24:06 am,0,837.80,1.978
5/14/2020,07:54:06 am,0,836.67,1.801
5/14/2020,08:24:06 am,0,837.31,1.688
5/14/2020,08:54:06 am,0,837.33,1.616
5/14/2020,09:24:06 am,0,836.24,1.548
5/14/2020,09:54:06 am,0,836.76,1.480
5/14/2020,10:24:06 am,0,835.81,1.439
5/14/2020,10:54:06 am,0,836.51,1.401
5/14/2020,11:24:06 am,0,836.56,1.356
5/14/2020,11:54:06 am,0,835.57,1.308
5/14/2020,12:24:06 pm,0,834.75,1.279
5/14/2020,12:54:06 pm,0,835.79,1.252
5/14/2020,01:24:06 pm,0,835.85,1.234
5/14/2020,01:54:06 pm,0,836.35,1.243
5/14/2020,02:24:06 pm,0,836.44,1.285
5/14/2020,02:54:06 pm,0,836.38,1.364
5/14/2020,03:24:06 pm,0,836.98,1.479
5/14/2020,03:54:06 pm,0,835.70,1.593
5/14/2020,04:24:06 pm,0,836.35,1.716
5/14/2020,04:54:06 pm,0,836.40,1.849
5/14/2020,05:24:06 pm,0,836.29,1.974
5/14/2020,05:54:06 pm,0,836.71,2.128
5/14/2020,06:24:06 pm,0,836.89,2.304
5/14/2020,06:54:06 pm,0,836.17,2.482
5/14/2020,07:24:06 pm,0,836.98,2.653
5/14/2020,07:54:06 pm,0,836.10,2.839
5/14/2020,08:24:06 pm,0,836.06,2.973
5/14/2020,08:54:06 pm,0,836.03,3.085
5/14/2020,09:24:06 pm,0,836.63,3.232
5/14/2020,09:54:06 pm,0,836.37,3.356
5/14/2020,10:24:06 pm,0,835.80,3.460
5/14/2020,10:54:06 pm,0,836.82,3.537
5/14/2020,11:24:06 pm,0,836.38,3.511
5/14/2020,11:54:06 pm,0,836.48,3.478
5/15/2020,12:24:06 am,0,835.99,3.477
5/15/2020,12:54:06 am,0,836.96,3.397
5/15/2020,01:24:06 am,0,836.94,3.375
5/15/2020,01:54:06 am,0,835.99,3.334
5/15/2020,02:24:06 am,0,836.08,3.215
5/15/2020,02:54:06 am,0,836.29,3.095
5/15/2020,03:24:06 am,0,836.60,2.942
5/15/2020,03:54:06 am,0,837.10,2.835
5/15/2020,04:24:06 am,0,836.53,2.713
5/15/2020,04:54:06 am,0,835.27,2.601
5/15/2020,05:24:06 am,0,836.46,2.503
5/15/2020,05:54:06 am,0,835.76,2.420
5/15/2020,06:24:06 am,0,836.12,2.290
5/15/2020,06:54:06 am,0,835.86,2.150
5/15/2020,07:24:06 am,0,835.73,2.001
5/15/2020,07:54:06 am,0,835.98,1.856
5/15/2020,08:24:06 am,0,836.09,1.762
5/15/2020,08:54:06 am,0,834.65,1.662
5/15/2020,09:24:06 am,0,835.03,1.551
5/15/2020,09:54:06 am,0,834.20,1.441
5/15/2020,10:24:06 am,0,834.85,1.335
5/15/2020,10:54:06 am,0,834.78,1.226
5/15/2020,11:24:06 am,0,833.78,1.124
5/15/2020,11:54:06 am,0,834.04,1.024
5/15/2020,12:24:06 pm,0,833.41,0.926
5/15/2020,12:54:06 pm,0,834.12,0.834
5/15/2020,01:24:06 pm,0,834.25,0.746
5/15/2020,01:54:06 pm,0,834.37,0.666
5/15/2020,02:24:06 pm,0,834.23,0.623
5/15/2020,02:54:06 pm,0,833.96,0.637
5/15/2020,03:24:06 pm,0,833.91,0.734
5/15/2020,03:54:06 pm,0,833.87,0.944
5/15/2020,04:24:06 pm,0,833.45,1.271
5/15/2020,04:54:06 pm,0,834.18,1.683
5/15/2020,05:24:06 pm,0,833.93,2.226
5/15/2020,05:54:06 pm,0,833.74,2.870
5/15/2020,06:24:06 pm,0,833.56,3.625
5/15/2020,06:54:06 pm,0,833.86,4.436
5/15/2020,07:24:06 pm,0,832.88,5.281
5/15/2020,07:54:06 pm,0,833.93,6.150
5/15/2020,08:24:06 pm,0,833.54,6.978
5/15/2020,08:54:06 pm,0,835.18,7.725
5/15/2020,09:24:06 pm,0,834.62,8.326
5/15/2020,09:54:06 pm,0,834.89,8.823
5/15/2020,10:24:06 pm,0,835.87,9.200
5/15/2020,10:54:06 pm,0,837.68,9.433
5/15/2020,11:24:06 pm,0,839.39,9.549
5/15/2020,11:54:06 pm,0,840.53,9.492
5/16/2020,12:24:06 am,0,841.43,9.291
5/16/2020,12:54:06 am,0,843.79,8.984
5/16/2020,01:24:06 am,0,845.16,8.618
5/16/2020,01:54:06 am,0,845.47,8.193
5/16/2020,02:24:06 am,0,845.24,7.771
5/16/2020,02:54:06 am,0,845.01,7.324
5/16/2020,03:24:06 am,0,846.00,6.841
5/16/2020,03:54:06 am,0,846.46,6.327
5/16/2020,04:24:06 am,0,845.20,5.832
5/16/2020,04:54:06 am,0,845.17,5.387
5/16/2020,05:24:06 am,0,845.64,4.977
5/16/2020,05:54:06 am,0,845.00,4.599
5/16/2020,06:24:06 am,0,845.55,4.294
5/16/2020,06:54:06 am,0,843.80,4.034
5/16/2020,07:24:06 am,0,843.54,3.792
5/16/2020,07:54:06 am,0,843.21,3.571
5/16/2020,08:24:06 am,0,843.00,3.360
5/16/2020,08:54:06 am,0,842.03,3.166
5/16/2020,09:24:06 am,0,841.87,2.981
5/16/2020,09:54:06 am,0,841.34,2.816
5/16/2020,10:24:06 am,0,839.88,2.663
5/16/2020,10:54:06 am,0,840.34,2.522
5/16/2020,11:24:06 am,0,840.12,2.379
5/16/2020,11:54:06 am,0,840.15,2.244
5/16/2020,12:24:06 pm,0,839.01,2.118
5/16/2020,12:54:06 pm,0,839.80,2.011
5/16/2020,01:24:06 pm,0,838.14,1.915
5/16/2020,01:54:06 pm,0,838.78,1.872
5/16/2020,02:24:06 pm,0,838.72,1.907
5/16/2020,02:54:06 pm,0,838.70,2.054
5/16/2020,03:24:06 pm,0,838.46,2.230
5/16/2020,03:54:06 pm,0,838.02,2.438
5/16/2020,04:24:06 pm,0,837.23,2.750
5/16/2020,04:54:06 pm,0,838.19,3.100
5/16/2020,05:24:06 pm,0,837.75,3.504
5/16/2020,05:54:06 pm,0,838.68,4.095
5/16/2020,06:24:06 pm,0,836.84,4.826
5/16/2020,06:54:06 pm,0,837.34,5.605
5/16/2020,07:24:06 pm,0,837.66,6.396
5/16/2020,07:54:06 pm,0,837.07,7.092
5/16/2020,08:24:06 pm,0,836.94,7.623
5/16/2020,08:54:06 pm,0,837.22,8.276
5/16/2020,09:24:06 pm,0,837.93,8.913
5/16/2020,09:54:06 pm,0,839.17,9.396
5/16/2020,10:24:06 pm,0,840.83,9.690
5/16/2020,10:54:06 pm,0,842.15,9.853
5/16/2020,11:24:06 pm,0,843.03,9.852
5/16/2020,11:54:06 pm,0,846.41,9.641
5/17/2020,12:24:06 am,0,846.76,9.352
5/17/2020,12:54:06 am,0,847.47,8.941
5/17/2020,01:24:06 am,0,849.31,8.474
5/17/2020,01:54:06 am,0,845.54,8.025
5/17/2020,02:24:06 am,0,848.20,7.528
5/17/2020,02:54:06 am,0,848.14,7.040
5/17/2020,03:24:06 am,0,845.86,6.511
5/17/2020,03:54:06 am,0,849.09,6.058
5/17/2020,04:24:06 am,0,847.25,5.642
5/17/2020,04:54:06 am,0,847.86,5.257
5/17/2020,05:24:06 am,0,846.38,4.907
5/17/2020,05:54:06 am,0,845.63,4.605
5/17/2020,06:24:06 am,0,845.53,4.343
5/17/2020,06:54:06 am,0,844.87,4.110
5/17/2020,07:24:06 am,0,846.08,3.897
5/17/2020,07:54:06 am,0,844.64,3.708
5/17/2020,08:24:06 am,0,843.84,3.521
5/17/2020,08:54:06 am,0,843.51,3.342
5/17/2020,09:24:06 am,0,842.64,3.180
5/17/2020,09:54:06 am,0,842.12,3.038
5/17/2020,10:24:06 am,0,842.19,2.904
5/17/2020,10:54:06 am,0,841.71,2.802
5/17/2020,11:24:06 am,0,840.85,2.681
5/17/2020,11:54:06 am,0,840.56,2.586
5/17/2020,12:24:06 pm,0,840.41,2.496
5/17/2020,12:54:06 pm,0,840.01,2.423
5/17/2020,01:24:06 pm,0,839.81,2.394
5/17/2020,01:54:06 pm,0,839.59,2.428
5/17/2020,02:24:06 pm,0,839.14,2.499
5/17/2020,02:54:06 pm,0,838.32,2.591
5/17/2020,03:24:06 pm,0,837.12,2.676
5/17/2020,03:54:06 pm,0,836.75,2.866
5/17/2020,04:24:06 pm,0,837.33,3.129
5/17/2020,04:54:06 pm,0,836.88,3.415
5/17/2020,05:24:06 pm,0,836.69,3.716
5/17/2020,05:54:06 pm,0,836.86,4.101
5/17/2020,06:24:06 pm,0,837.13,4.711
5/17/2020,06:54:06 pm,0,836.31,5.349
5/17/2020,07:24:06 pm,0,835.32,5.861
5/17/2020,07:54:06 pm,0,836.56,6.247
5/17/2020,08:24:06 pm,0,835.70,6.628
5/17/2020,08:54:06 pm,0,836.29,7.094
5/17/2020,09:24:06 pm,0,836.89,7.584
5/17/2020,09:54:06 pm,0,836.92,7.852
5/17/2020,10:24:06 pm,0,837.71,7.896
5/17/2020,10:54:06 pm,0,837.38,7.686
5/17/2020,11:24:06 pm,0,839.23,7.466
5/17/2020,11:54:06 pm,0,839.10,7.224
5/18/2020,12:24:06 am,0,840.51,6.942
5/18/2020,12:54:06 am,0,839.92,6.723
5/18/2020,01:24:06 am,0,839.06,6.360
5/18/2020,01:54:06 am,0,839.01,6.054
5/18/2020,02:24:06 am,0,839.31,5.742
5/18/2020,02:54:06 am,0,837.89,5.479
5/18/2020,03:24:06 am,0,837.49,5.171
5/18/2020,03:54:06 am,0,837.28,4.904
5/18/2020,04:24:06 am,0,837.73,4.669
5/18/2020,04:54:06 am,0,836.32,4.488
5/18/2020,05:24:06 am,0,836.21,4.339
5/18/2020,05:54:06 am,0,835.93,4.206
5/18/2020,06:24:06 am,0,836.10,4.064
5/18/2020,06:54:06 am,0,835.64,3.945
5/18/2020,07:24:06 am,0,835.13,3.823
5/18/2020,07:54:06 am,0,835.56,3.694
5/18/2020,08:24:06 am,0,836.73,3.550
5/18/2020,08:54:06 am,0,835.00,3.410
5/18/2020,09:24:06 am,0,835.89,3.302
5/18/2020,09:54:06 am,0,834.85,3.202
5/18/2020,10:24:06 am,0,835.60,3.063
5/18/2020,10:54:06 am,0,837.34,2.818
5/18/2020,11:24:06 am,0,835.84,2.350
5/18/2020,11:54:06 am,0,835.87,2.110
5/18/2020,12:24:06 pm,0,834.42,1.876
5/18/2020,12:54:06 pm,0,834.65,1.617
5/18/2020,01:24:06 pm,0,834.91,1.421
5/18/2020,01:54:06 pm,0,834.85,1.262
5/18/2020,02:24:06 pm,0,834.89,1.164
5/18/2020,02:54:06 pm,0,834.41,1.177
5/18/2020,03:24:06 pm,0,833.75,1.281
5/18/2020,03:54:06 pm,0,833.99,1.414
5/18/2020,04:24:06 pm,0,834.31,1.553
5/18/2020,04:54:06 pm,0,834.65,1.549
5/18/2020,05:24:06 pm,0,834.35,1.821
5/18/2020,05:54:06 pm,0,833.24,2.236
5/18/2020,06:24:06 pm,0,834.86,2.607
5/18/2020,06:54:06 pm,0,836.13,2.368
5/18/2020,07:24:06 pm,0,836.45,2.411
5/18/2020,07:54:06 pm,0,835.03,2.513
5/18/2020,08:24:06 pm,0,836.53,2.952
5/18/2020,08:54:06 pm,0,835.90,3.205
5/18/2020,09:24:06 pm,0,836.19,3.308
5/18/2020,09:54:06 pm,0,836.54,3.379
5/18/2020,10:24:06 pm,0,836.18,3.613
5/18/2020,10:54:06 pm,0,835.85,3.349
5/18/2020,11:24:06 pm,0,836.33,3.319
5/18/2020,11:54:06 pm,0,835.34,3.207
5/19/2020,12:24:06 am,0,835.83,3.365
5/19/2020,12:54:06 am,0,835.00,3.313
5/19/2020,01:24:06 am,0,834.27,3.268
5/19/2020,01:54:06 am,0,834.74,3.165
5/19/2020,02:24:06 am,0,833.70,3.083
5/19/2020,02:54:06 am,0,833.62,2.953
5/19/2020,03:24:06 am,0,833.12,2.772
5/19/2020,03:54:06 am,0,833.12,2.633
5/19/2020,04:24:06 am,0,833.20,2.512
5/19/2020,04:54:06 am,0,832.21,2.400
5/19/2020,05:24:06 am,0,832.13,2.225
5/19/2020,05:54:06 am,0,832.47,1.987
5/19/2020,06:24:06 am,0,832.09,1.739
5/19/2020,06:54:06 am,0,831.48,1.573
5/19/2020,07:24:06 am,0,832.79,1.395
5/19/2020,07:54:06 am,0,830.84,1.057
5/19/2020,08:24:06 am,0,830.90,0.871
5/19/2020,08:54:06 am,0,831.95,0.760
5/19/2020,09:24:06 am,0,830.49,0.643
5/19/2020,09:54:06 am,0,830.51,0.553
5/19/2020,10:24:06 am,0,830.27,0.506
5/19/2020,10:54:06 am,0,829.26,0.410
5/19/2020,11:24:06 am,0,829.25,0.306
5/19/2020,11:54:06 am,0,829.76,0.197
5/19/2020,12:24:06 pm,0,828.93,0.083
5/19/2020,12:54:06 pm,0,829.59,-0.023
5/19/2020,01:24:06 pm,0,828.52,-0.063
5/19/2020,01:54:06 pm,0,828.98,-0.073
5/19/2020,02:24:06 pm,0,829.94,-0.021
5/19/2020,02:54:06 pm,0,828.72,0.016
5/19/2020,03:24:06 pm,0,830.41,0.095
5/19/2020,03:54:06 pm,0,829.14,0.217
5/19/2020,04:24:06 pm,0,830.51,0.277
5/19/2020,04:54:06 pm,0,830.03,0.300
5/19/2020,05:24:06 pm,0,829.52,0.451
5/19/2020,05:54:06 pm,0,830.12,0.631
5/19/2020,06:24:06 pm,0,830.06,0.685
5/19/2020,06:54:06 pm,0,830.84,0.713
5/19/2020,07:24:06 pm,0,830.59,0.881
5/19/2020,07:54:06 pm,0,829.91,0.930
5/19/2020,08:24:06 pm,0,830.63,0.787
5/19/2020,08:54:06 pm,0,830.05,1.147
5/19/2020,09:24:06 pm,0,830.31,1.758
5/19/2020,09:54:06 pm,0,831.16,2.011
5/19/2020,10:24:06 pm,0,830.84,2.147
5/19/2020,10:54:06 pm,0,829.75,2.192
5/19/2020,11:24:06 pm,0,831.47,2.330
5/19/2020,11:54:06 pm,0,831.53,2.559
5/20/2020,12:24:06 am,0,831.32,2.674
5/20/2020,12:54:06 am,0,831.24,2.705
5/20/2020,01:24:06 am,0,830.58,2.684
5/20/2020,01:54:06 am,0,831.42,2.704
5/20/2020,02:24:06 am,0,831.66,2.665
5/20/2020,02:54:06 am,0,832.06,2.546
5/20/2020,03:24:06 am,0,830.57,2.385
5/20/2020,03:54:06 am,0,830.80,2.245
5/20/2020,04:24:06 am,0,831.36,2.101
5/20/2020,04:54:06 am,0,831.93,2.002
5/20/2020,05:24:06 am,0,832.26,1.891
5/20/2020,05:54:06 am,0,831.57,1.762
5/20/2020,06:24:06 am,0,832.33,1.614
5/20/2020,06:54:06 am,0,831.41,1.422
5/20/2020,07:24:06 am,0,831.57,1.227
5/20/2020,07:54:06 am,0,831.29,1.084
5/20/2020,08:24:06 am,0,831.02,0.957
5/20/2020,08:54:06 am,0,830.71,0.824
5/20/2020,09:24:06 am,0,831.23,0.705
5/20/2020,09:54:06 am,0,830.86,0.592
5/20/2020,10:24:06 am,0,830.69,0.455
5/20/2020,10:54:06 am,0,830.86,0.294
5/20/2020,11:24:06 am,0,830.92,0.135
5/20/2020,11:54:06 am,0,830.78,-0.032
5/20/2020,12:24:06 pm,0,831.04,-0.185
5/20/2020,12:54:06 pm,0,830.09,-0.231
5/20/2020,01:24:06 pm,0,830.39,-0.231
5/20/2020,01:54:06 pm,0,830.24,-0.230
5/20/2020,02:24:06 pm,0,830.19,-0.222
5/20/2020,02:54:06 pm,0,830.48,-0.200
5/20/2020,03:24:06 pm,0,831.36,-0.132
5/20/2020,03:54:06 pm,0,830.80,-0.024
5/20/2020,04:24:06 pm,0,831.16,0.167
5/20/2020,04:54:06 pm,0,832.43,0.492
5/20/2020,05:24:06 pm,0,832.48,0.903
5/20/2020,05:54:06 pm,0,832.49,1.494
5/20/2020,06:24:06 pm,0,832.50,2.045
5/20/2020,06:54:06 pm,0,833.37,2.763
5/20/2020,07:24:06 pm,0,833.92,3.566
5/20/2020,07:54:06 pm,0,833.18,4.310
5/20/2020,08:24:06 pm,0,833.94,5.213
5/20/2020,08:54:06 pm,0,834.34,5.967
5/20/2020,09:24:06 pm,0,834.21,6.642
5/20/2020,09:54:06 pm,0,834.49,6.913
5/20/2020,10:24:06 pm,0,836.67,7.165
5/20/2020,10:54:06 pm,0,838.08,7.280
5/20/2020,11:24:06 pm,0,840.75,7.448
5/20/2020,11:54:06 pm,0,840.70,7.458
5/21/2020,12:24:06 am,0,841.71,7.361
5/21/2020,12:54:06 am,0,841.60,7.217
5/21/2020,01:24:06 am,0,841.07,7.013
5/21/2020,01:54:06 am,0,840.80,6.736
5/21/2020,02:24:06 am,0,841.14,6.415
5/21/2020,02:54:06 am,0,841.38,6.102
5/21/2020,03:24:06 am,0,840.46,5.731
5/21/2020,03:54:06 am,0,840.38,5.323
5/21/2020,04:24:06 am,0,840.03,4.900
5/21/2020,04:54:06 am,0,838.95,4.495
5/21/2020,05:24:06 am,0,839.03,4.120
5/21/2020,05:54:06 am,0,838.67,3.776
5/21/2020,06:24:06 am,0,837.72,3.476
5/21/2020,06:54:06 am,0,838.39,3.206
5/21/2020,07:24:06 am,0,837.48,2.945
5/21/2020,07:54:06 am,0,837.67,2.689
5/21/2020,08:24:06 am,0,837.90,2.450
5/21/2020,08:54:06 am,0,837.58,2.232
5/21/2020,09:24:06 am,0,836.10,2.013
5/21/2020,09:54:06 am,0,837.38,1.805
5/21/2020,10:24:06 am,0,836.55,1.620
5/21/2020,10:54:06 am,0,837.56,1.431
5/21/2020,11:24:06 am,0,836.31,1.247
5/21/2020,11:54:06 am,0,834.88,1.068
5/21/2020,12:24:06 pm,0,835.15,0.922
5/21/2020,12:54:06 pm,0,836.29,0.779
5/21/2020,01:24:06 pm,0,835.53,0.647
5/21/2020,01:54:06 pm,0,834.90,0.538
5/21/2020,02:24:06 pm,0,835.15,0.479
5/21/2020,02:54:06 pm,0,835.69,0.493
5/21/2020,03:24:06 pm,0,835.17,0.599
5/21/2020,03:54:06 pm,0,834.85,0.811
5/21/2020,04:24:06 pm,0,835.30,1.113
5/21/2020,04:54:06 pm,0,834.37,1.524
5/21/2020,05:24:06 pm,0,835.56,2.034
5/21/2020,05:54:06 pm,0,834.99,2.669
5/21/2020,06:24:06 pm,0,834.82,3.387
5/21/2020,06:54:06 pm,0,835.13,4.162
5/21/2020,07:24:06 pm,0,835.68,4.990
5/21/2020,07:54:06 pm,0,834.86,5.828
5/21/2020,08:24:06 pm,0,833.36,6.646
5/21/2020,08:54:06 pm,0,834.44,7.246
5/21/2020,09:24:06 pm,0,834.76,7.650
5/21/2020,09:54:06 pm,0,834.97,7.929
5/21/2020,10:24:06 pm,0,834.57,8.299
5/21/2020,10:54:06 pm,0,835.49,8.470
5/21/2020,11:24:06 pm,0,835.93,8.644
5/21/2020,11:54:06 pm,0,836.36,8.577
5/22/2020,12:24:06 am,0,836.79,8.311
5/22/2020,12:54:06 am,0,836.53,8.010
5/22/2020,01:24:06 am,0,837.16,7.766
5/22/2020,01:54:06 am,0,837.07,7.521
5/22/2020,02:24:06 am,0,837.00,7.283
5/22/2020,02:54:06 am,0,838.16,6.976
5/22/2020,03:24:06 am,0,836.72,6.604
5/22/2020,03:54:06 am,0,837.77,6.180
5/22/2020,04:24:06 am,0,838.72,5.788
5/22/2020,04:54:06 am,0,837.39,5.417
5/22/2020,05:24:06 am,0,837.32,5.032
5/22/2020,05:54:06 am,0,837.86,4.660
5/22/2020,06:24:06 am,0,837.30,4.316
5/22/2020,06:54:06 am,0,835.90,3.983
5/22/2020,07:24:06 am,0,835.02,3.682
5/22/2020,07:54:06 am,0,835.60,3.381
5/22/2020,08:24:06 am,0,834.83,3.121
5/22/2020,08:54:06 am,0,834.65,2.889
5/22/2020,09:24:06 am,0,833.37,2.695
5/22/2020,09:54:06 am,0,833.59,2.517
5/22/2020,10:24:06 am,0,833.15,2.346
5/22/2020,10:54:06 am,0,832.91,2.161
5/22/2020,11:24:06 am,0,832.76,1.979
5/22/2020,11:54:06 am,0,832.93,1.825
5/22/2020,12:24:06 pm,0,832.09,1.687
5/22/2020,12:54:06 pm,0,832.03,1.555
5/22/2020,01:24:06 pm,0,832.00,1.428
5/22/2020,01:54:06 pm,0,832.06,1.321
5/22/2020,02:24:06 pm,0,831.19,1.265
5/22/2020,02:54:06 pm,0,831.96,1.262
5/22/2020,03:24:06 pm,0,831.43,1.333
5/22/2020,03:54:06 pm,0,831.06,1.486
5/22/2020,04:24:06 pm,0,830.67,1.759
5/22/2020,04:54:06 pm,0,831.37,2.161
5/22/2020,05:24:06 pm,0,830.72,2.684
5/22/2020,05:54:06 pm,0,830.81,3.291
5/22/2020,06:24:06 pm,0,830.14,3.977
5/22/2020,06:54:06 pm,0,830.45,4.709
5/22/2020,07:24:06 pm,0,829.98,5.244
5/22/2020,07:54:06 pm,0,829.93,5.554
5/22/2020,08:24:06 pm,0,829.74,5.948
5/22/2020,08:54:06 pm,0,829.74,6.467
5/22/2020,09:24:06 pm,0,829.46,6.986
5/22/2020,09:54:06 pm,0,829.14,7.164
5/22/2020,10:24:06 pm,0,829.67,6.986
5/22/2020,10:54:06 pm,0,829.96,6.754
5/22/2020,11:24:06 pm,0,829.07,6.713
5/22/2020,11:54:06 pm,0,829.61,6.816
5/23/2020,12:24:06 am,0,829.39,6.772
5/23/2020,12:54:06 am,0,829.12,6.456
5/23/2020,01:24:06 am,0,828.78,6.019
5/23/2020,01:54:06 am,0,829.62,5.660
5/23/2020,02:24:06 am,0,829.62,5.336
5/23/2020,02:54:06 am,0,829.16,5.019
5/23/2020,03:24:06 am,0,829.14,4.663
5/23/2020,03:54:06 am,0,829.74,4.316
5/23/2020,04:24:06 am,0,830.51,4.009
5/23/2020,04:54:06 am,0,830.14,3.710
5/23/2020,05:24:06 am,0,830.12,3.437
5/23/2020,05:54:06 am,0,829.09,3.170
5/23/2020,06:24:06 am,0,829.54,2.930
5/23/2020,06:54:06 am,0,830.05,2.707
5/23/2020,07:24:06 am,0,829.43,2.487
5/23/2020,07:54:06 am,0,829.29,2.273
5/23/2020,08:24:06 am,0,830.07,2.066
5/23/2020,08:54:06 am,0,829.17,1.874
5/23/2020,09:24:06 am,0,829.63,1.687
5/23/2020,09:54:06 am,0,829.03,1.509
5/23/2020,10:24:06 am,0,829.36,1.337
5/23/2020,10:54:06 am,0,828.13,1.165
5/23/2020,11:24:06 am,0,829.09,0.990
5/23/2020,11:54:06 am,0,828.63,0.816
5/23/2020,12:24:06 pm,0,828.97,0.648
5/23/2020,12:54:06 pm,0,828.26,0.492
5/23/2020,01:24:06 pm,0,828.64,0.353
5/23/2020,01:54:06 pm,0,827.98,0.248
5/23/2020,02:24:06 pm,0,828.48,0.195
5/23/2020,02:54:06 pm,0,828.91,0.217
5/23/2020,03:24:06 pm,0,828.76,0.317
5/23/2020,03:54:06 pm,0,828.06,0.530
5/23/2020,04:24:06 pm,0,829.01,0.834
5/23/2020,04:54:06 pm,0,828.84,1.249
5/23/2020,05:24:06 pm,0,827.53,1.795
5/23/2020,05:54:06 pm,0,828.26,2.487
5/23/2020,06:24:06 pm,0,829.16,3.264
5/23/2020,06:54:06 pm,0,829.63,4.072
5/23/2020,07:24:06 pm,0,829.91,4.932
5/23/2020,07:54:06 pm,0,829.96,5.770
5/23/2020,08:24:06 pm,0,829.40,6.594
5/23/2020,08:54:06 pm,0,829.85,7.303
5/23/2020,09:24:06 pm,0,829.65,7.902
5/23/2020,09:54:06 pm,0,830.11,8.381
5/23/2020,10:24:06 pm,0,829.92,8.731
5/23/2020,10:54:06 pm,0,829.89,8.972
5/23/2020,11:24:06 pm,0,830.16,9.086
5/23/2020,11:54:06 pm,0,831.60,9.118
5/24/2020,12:24:06 am,0,831.74,9.040
5/24/2020,12:54:06 am,0,832.77,8.870
5/24/2020,01:24:06 am,0,833.09,8.646
5/24/2020,01:54:06 am,0,833.92,8.417
5/24/2020,02:24:06 am,0,834.11,8.182
5/24/2020,02:54:06 am,0,834.32,7.934
5/24/2020,03:24:06 am,0,835.24,7.684
5/24/2020,03:54:06 am,0,835.36,7.405
5/24/2020,04:24:06 am,0,835.92,7.073
5/24/2020,04:54:06 am,0,836.20,6.707
5/24/2020,05:24:06 am,0,835.22,6.318
5/24/2020,05:54:06 am,0,834.72,5.914
5/24/2020,06:24:06 am,0,835.16,5.498
5/24/2020,06:54:06 am,0,834.45,5.085
5/24/2020,07:24:06 am,0,835.74,4.680
5/24/2020,07:54:06 am,0,835.17,4.322
5/24/2020,08:24:06 am,0,835.33,3.997
5/24/2020,08:54:06 am,0,833.64,3.710
5/24/2020,09:24:06 am,0,834.70,3.445
5/24/2020,09:54:06 am,0,835.28,3.208
5/24/2020,10:24:06 am,0,834.45,2.994
5/24/2020,10:54:06 am,0,834.47,2.799
5/24/2020,11:24:06 am,0,835.12,2.624
5/24/2020,11:54:06 am,0,834.56,2.472
5/24/2020,12:24:06 pm,0,834.20,2.329
5/24/2020,12:54:06 pm,0,835.24,2.197
5/24/2020,01:24:06 pm,0,834.05,2.093
5/24/2020,01:54:06 pm,0,833.20,2.013
5/24/2020,02:24:06 pm,0,834.37,1.975
5/24/2020,02:54:06 pm,0,833.71,2.009
5/24/2020,03:24:06 pm,0,833.67,2.145
5/24/2020,03:54:06 pm,0,833.93,2.376
5/24/2020,04:24:06 pm,0,834.15,2.682
5/24/2020,04:54:06 pm,0,834.06,3.077
5/24/2020,05:24:06 pm,0,833.85,3.605
5/24/2020,05:54:06 pm,0,834.31,4.255
5/24/2020,06:24:06 pm,0,833.67,5.017
5/24/2020,06:54:06 pm,0,834.08,5.821
5/24/2020,07:24:06 pm,0,833.67,6.666
5/24/2020,07:54:06 pm,0,833.19,7.539
5/24/2020,08:24:06 pm,0,833.69,8.353
5/24/2020,08:54:06 pm,0,832.97,9.020
5/24/2020,09:24:06 pm,0,832.94,9.492
5/24/2020,09:54:06 pm,0,832.84,9.896
5/24/2020,10:24:06 pm,0,833.68,10.210
5/24/2020,10:54:06 pm,0,834.34,10.463
5/24/2020,11:24:06 pm,0,834.55,10.661
5/24/2020,11:54:06 pm,0,835.39,10.755
5/25/2020,12:24:06 am,0,836.17,10.744
5/25/2020,12:54:06 am,0,836.21,10.597
5/25/2020,01:24:06 am,0,838.03,10.406
5/25/2020,01:54:06 am,0,838.25,10.161
5/25/2020,02:24:06 am,0,839.35,9.867
5/25/2020,02:54:06 am,0,839.81,9.568
5/25/2020,03:24:06 am,0,840.45,9.250
5/25/2020,03:54:06 am,0,840.75,8.858
5/25/2020,04:24:06 am,0,840.52,8.409
5/25/2020,04:54:06 am,0,842.06,7.908
5/25/2020,05:24:06 am,0,842.07,7.402
5/25/2020,05:54:06 am,0,840.64,6.908
5/25/2020,06:24:06 am,0,840.32,6.445
5/25/2020,06:54:06 am,0,841.21,6.014
5/25/2020,07:24:06 am,0,840.66,5.614
5/25/2020,07:54:06 am,0,840.26,5.243
5/25/2020,08:24:06 am,0,839.67,4.923
5/25/2020,08:54:06 am,0,840.66,4.645
5/25/2020,09:24:06 am,0,839.02,4.397
5/25/2020,09:54:06 am,0,839.50,4.165
5/25/2020,10:24:06 am,0,839.09,3.942
5/25/2020,10:54:06 am,0,839.65,3.748
5/25/2020,11:24:06 am,0,838.20,3.560
5/25/2020,11:54:06 am,0,838.74,3.375
5/25/2020,12:24:06 pm,0,837.90,3.215
5/25/2020,12:54:06 pm,0,839.31,3.073
5/25/2020,01:24:06 pm,0,837.73,2.957
5/25/2020,01:54:06 pm,0,838.32,2.883
5/25/2020,02:24:06 pm,0,838.04,2.858
5/25/2020,02:54:06 pm,0,838.23,2.911
5/25/2020,03:24:06 pm,0,838.65,3.074
5/25/2020,03:54:06 pm,0,838.40,3.344
5/25/2020,04:24:06 pm,0,837.99,3.700
5/25/2020,04:54:06 pm,0,837.36,4.122
5/25/2020,05:24:06 pm,0,837.39,4.659
5/25/2020,05:54:06 pm,0,837.15,5.313
5/25/2020,06:24:06 pm,0,837.33,6.076
5/25/2020,06:54:06 pm,0,837.10,6.912
5/25/2020,07:24:06 pm,0,837.38,7.766
5/25/2020,07:54:06 pm,0,836.43,8.635
5/25/2020,08:24:06 pm,0,836.35,9.457
5/25/2020,08:54:06 pm,0,836.05,10.182
5/25/2020,09:24:06 pm,0,836.23,10.811
5/25/2020,09:54:06 pm,0,836.48,11.292
5/25/2020,10:24:06 pm,0,837.26,11.672
5/25/2020,10:54:06 pm,0,838.16,11.936
5/25/2020,11:24:06 pm,0,838.63,12.085
5/25/2020,11:54:06 pm,0,840.07,12.112
5/26/2020,12:24:06 am,0,841.58,12.025
5/26/2020,12:54:06 am,0,842.14,11.844
5/26/2020,01:24:06 am,0,842.89,11.620
5/26/2020,01:54:06 am,0,843.78,11.351
5/26/2020,02:24:06 am,0,845.41,11.027
5/26/2020,02:54:06 am,0,845.04,10.654
5/26/2020,03:24:06 am,0,846.62,10.217
5/26/2020,03:54:06 am,0,847.10,9.690
5/26/2020,04:24:06 am,0,847.60,9.102
5/26/2020,04:54:06 am,0,848.09,8.546
5/26/2020,05:24:06 am,0,848.86,8.025
5/26/2020,05:54:06 am,0,847.57,7.541
5/26/2020,06:24:06 am,0,846.43,7.095
5/26/2020,06:54:06 am,0,846.73,6.706
5/26/2020,07:24:06 am,0,845.74,6.359
5/26/2020,07:54:06 am,0,847.54,6.051
5/26/2020,08:24:06 am,0,845.16,5.772
5/26/2020,08:54:06 am,0,845.30,5.525
5/26/2020,09:24:06 am,0,844.48,5.309
5/26/2020,09:54:06 am,0,843.60,5.134
5/26/2020,10:24:06 am,0,843.76,4.971
5/26/2020,10:54:06 am,0,842.76,4.815
5/26/2020,11:24:06 am,0,842.60,4.674
5/26/2020,11:54:06 am,0,842.91,4.539
5/26/2020,12:24:06 pm,0,843.00,4.417
5/26/2020,12:54:06 pm,0,841.50,4.311
5/26/2020,01:24:06 pm,0,842.20,4.218
5/26/2020,01:54:06 pm,0,843.03,4.150
5/26/2020,02:24:06 pm,0,841.88,4.129
5/26/2020,02:54:06 pm,0,841.93,4.188
5/26/2020,03:24:06 pm,0,841.36,4.363
5/26/2020,03:54:06 pm,0,841.74,4.655
5/26/2020,04:24:06 pm,0,841.23,5.016
5/26/2020,04:54:06 pm,0,841.02,5.455
5/26/2020,05:24:06 pm,0,841.83,6.003
5/26/2020,05:54:06 pm,0,840.44,6.645
5/26/2020,06:24:06 pm,0,841.14,7.385
5/26/2020,06:54:06 pm,0,841.27,8.188
5/26/2020,07:24:06 pm,0,840.44,9.053
5/26/2020,07:54:06 pm,0,840.01,9.919
5/26/2020,08:24:06 pm,0,839.82,10.728
5/26/2020,08:54:06 pm,0,839.79,11.485
5/26/2020,09:24:06 pm,0,840.64,12.113
5/26/2020,09:54:06 pm,0,842.05,12.504
5/26/2020,10:24:06 pm,0,840.96,12.567
5/26/2020,10:54:06 pm,0,842.66,12.635
5/26/2020,11:24:06 pm,0,843.95,12.326
5/26/2020,11:54:06 pm,0,846.59,12.508
5/27/2020,12:24:06 am,0,847.44,12.527
5/27/2020,12:54:06 am,0,848.68,12.528
5/27/2020,01:24:06 am,0,849.22,12.351
5/27/2020,01:54:06 am,0,851.07,12.005
5/27/2020,02:24:06 am,0,852.10,11.543
5/27/2020,02:54:06 am,0,851.01,11.009
5/27/2020,03:24:06 am,0,853.88,10.414
5/27/2020,03:54:06 am,0,853.08,9.797
5/27/2020,04:24:06 am,0,853.14,9.207
5/27/2020,04:54:06 am,0,852.89,8.655
5/27/2020,05:24:06 am,0,852.61,8.158
5/27/2020,05:54:06 am,0,852.48,7.702
5/27/2020,06:24:06 am,0,852.05,7.305
5/27/2020,06:54:06 am,0,852.94,6.949
5/27/2020,07:24:06 am,0,851.62,6.642
5/27/2020,07:54:06 am,0,850.19,6.372
5/27/2020,08:24:06 am,0,850.29,6.133
5/27/2020,08:54:06 am,0,850.30,5.926
5/27/2020,09:24:06 am,0,849.97,5.745
5/27/2020,09:54:06 am,0,849.26,5.569
5/27/2020,10:24:06 am,0,847.13,5.403
5/27/2020,10:54:06 am,0,847.38,5.255
5/27/2020,11:24:06 am,0,847.73,5.109
5/27/2020,11:54:06 am,0,846.88,4.967
5/27/2020,12:24:06 pm,0,846.00,4.813
5/27/2020,12:54:06 pm,0,846.50,4.666
5/27/2020,01:24:06 pm,0,846.82,4.535
5/27/2020,01:54:06 pm,0,845.80,4.421
5/27/2020,02:24:06 pm,0,845.62,4.359
5/27/2020,02:54:06 pm,0,845.90,4.390
5/27/2020,03:24:06 pm,0,845.16,4.540
5/27/2020,03:54:06 pm,0,843.46,4.817
5/27/2020,04:24:06 pm,0,843.83,5.121
5/27/2020,04:54:06 pm,0,844.01,5.411
5/27/2020,05:24:06 pm,0,844.02,5.861
5/27/2020,05:54:06 pm,0,843.39,6.425
5/27/2020,06:24:06 pm,0,842.91,7.116
5/27/2020,06:54:06 pm,0,842.56,7.888
5/27/2020,07:24:06 pm,0,842.21,8.703
5/27/2020,07:54:06 pm,0,841.03,9.524
5/27/2020,08:24:06 pm,0,841.16,10.276
5/27/2020,08:54:06 pm,0,841.78,10.932
5/27/2020,09:24:06 pm,0,841.12,11.490
5/27/2020,09:54:06 pm,0,841.34,11.930
5/27/2020,10:24:06 pm,0,841.68,12.211
5/27/2020,10:54:06 pm,0,842.21,12.419
5/27/2020,11:24:06 pm,0,842.50,12.531
5/27/2020,11:54:06 pm,0,842.35,12.507
5/28/2020,12:24:06 am,0,843.79,12.383
5/28/2020,12:54:06 am,0,844.52,12.169
5/28/2020,01:24:06 am,0,845.38,11.907
5/28/2020,01:54:06 am,0,846.38,11.580
5/28/2020,02:24:06 am,0,847.40,11.224
5/28/2020,02:54:06 am,0,848.95,10.859
5/28/2020,03:24:06 am,0,848.40,10.437
5/28/2020,03:54:06 am,0,848.43,9.943
5/28/2020,04:24:06 am,0,848.32,9.396
5/28/2020,04:54:06 am,0,849.37,8.874
5/28/2020,05:24:06 am,0,848.43,8.373
5/28/2020,05:54:06 am,0,848.10,7.901
5/28/2020,06:24:06 am,0,848.19,7.470
5/28/2020,06:54:06 am,0,848.02,7.083
5/28/2020,07:24:06 am,0,847.38,6.725
5/28/2020,07:54:06 am,0,846.43,6.399
5/28/2020,08:24:06 am,0,847.35,6.077
5/28/2020,08:54:06 am,0,846.17,5.771
5/28/2020,09:24:06 am,0,846.35,5.481
5/28/2020,09:54:06 am,0,845.78,5.219
5/28/2020,10:24:06 am,0,845.13,4.983
5/28/2020,10:54:06 am,0,845.50,4.767
5/28/2020,11:24:06 am,0,844.60,4.561
5/28/2020,11:54:06 am,0,844.74,4.366
5/28/2020,12:24:06 pm,0,844.16,4.189
5/28/2020,12:54:06 pm,0,843.94,4.029
5/28/2020,01:24:06 pm,0,843.83,3.890
5/28/2020,01:54:06 pm,0,844.01,3.799
5/28/2020,02:24:06 pm,0,843.47,3.774
5/28/2020,02:54:06 pm,0,843.22,3.844
5/28/2020,03:24:06 pm,0,843.18,4.047
5/28/2020,03:54:06 pm,0,843.19,4.386
5/28/2020,04:24:06 pm,0,842.95,4.805
5/28/2020,04:54:06 pm,0,841.89,5.222
5/28/2020,05:24:06 pm,0,842.49,5.707
5/28/2020,05:54:06 pm,0,841.83,6.331
5/28/2020,06:24:06 pm,0,841.49,7.062
5/28/2020,06:54:06 pm,0,841.25,7.879
5/28/2020,07:24:06 pm,0,841.17,8.727
5/28/2020,07:54:06 pm,0,841.11,9.588
5/28/2020,08:24:06 pm,0,839.56,10.397
5/28/2020,08:54:06 pm,0,839.89,11.109
5/28/2020,09:24:06 pm,0,839.85,11.698
5/28/2020,09:54:06 pm,0,839.54,12.158
5/28/2020,10:24:06 pm,0,838.93,12.492
5/28/2020,10:54:06 pm,0,839.68,12.710
5/28/2020,11:24:06 pm,0,839.86,12.822
5/28/2020,11:54:06 pm,0,840.11,12.829
5/29/2020,12:24:06 am,0,840.48,12.747
5/29/2020,12:54:06 am,0,842.01,12.586
5/29/2020,01:24:06 am,0,842.58,12.378
5/29/2020,01:54:06 am,0,843.44,12.118
5/29/2020,02:24:06 am,0,843.63,11.809
5/29/2020,02:54:06 am,0,843.97,11.474
5/29/2020,03:24:06 am,0,845.27,11.085
5/29/2020,03:54:06 am,0,846.23,10.629
5/29/2020,04:24:06 am,0,845.56,10.126
5/29/2020,04:54:06 am,0,847.03,9.610
5/29/2020,05:24:06 am,0,846.73,9.088
5/29/2020,05:54:06 am,0,846.33,8.601
5/29/2020,06:24:06 am,0,846.06,8.166
5/29/2020,06:54:06 am,0,845.53,7.747
5/29/2020,07:24:06 am,0,846.11,7.344
5/29/2020,07:54:06 am,0,844.79,6.986
5/29/2020,08:24:06 am,0,844.19,6.699
5/29/2020,08:54:06 am,0,844.29,6.447
5/29/2020,09:24:06 am,0,843.94,6.228
5/29/2020,09:54:06 am,0,843.61,6.022
5/29/2020,10:24:06 am,0,843.36,5.833
5/29/2020,10:54:06 am,0,842.59,5.657
5/29/2020,11:24:06 am,0,842.80,5.490
5/29/2020,11:54:06 am,0,842.48,5.330
5/29/2020,12:24:06 pm,0,842.07,5.186
5/29/2020,12:54:06 pm,0,842.26,5.074
5/29/2020,01:24:06 pm,0,841.81,4.992
5/29/2020,01:54:06 pm,0,840.63,4.935
5/29/2020,02:24:06 pm,0,840.33,4.924
5/29/2020,02:54:06 pm,0,840.64,4.987
5/29/2020,03:24:06 pm,0,840.60,5.163
5/29/2020,03:54:06 pm,0,840.47,5.439
5/29/2020,04:24:06 pm,0,840.17,5.831
5/29/2020,04:54:06 pm,0,838.46,6.291
5/29/2020,05:24:06 pm,0,839.05,6.572
5/29/2020,05:54:06 pm,0,838.49,6.871
5/29/2020,06:24:06 pm,0,838.54,7.392
5/29/2020,06:54:06 pm,0,838.40,7.662
5/29/2020,07:24:06 pm,0,837.25,8.444
5/29/2020,07:54:06 pm,0,836.85,9.412
5/29/2020,08:24:06 pm,0,837.17,9.846
5/29/2020,08:54:06 pm,0,836.38,10.468
5/29/2020,09:24:06 pm,0,836.26,11.122
5/29/2020,09:54:06 pm,0,835.48,11.416
5/29/2020,10:24:06 pm,0,835.50,11.858
5/29/2020,10:54:06 pm,0,835.46,12.209
5/29/2020,11:24:06 pm,0,835.75,12.186
5/29/2020,11:54:06 pm,0,835.50,12.129
5/30/2020,12:24:06 am,0,835.63,12.041
5/30/2020,12:54:06 am,0,836.10,11.896
5/30/2020,01:24:06 am,0,836.67,11.760
5/30/2020,01:54:06 am,0,837.06,11.587
5/30/2020,02:24:06 am,0,837.04,11.321
5/30/2020,02:54:06 am,0,837.27,11.003
5/30/2020,03:24:06 am,0,837.03,10.715
5/30/2020,03:54:06 am,0,837.46,10.433
5/30/2020,04:24:06 am,0,836.92,10.140
5/30/2020,04:54:06 am,0,836.65,9.817
5/30/2020,05:24:06 am,0,836.67,9.492
5/30/2020,05:54:06 am,0,836.94,9.166
5/30/2020,06:24:06 am,0,836.52,8.867
5/30/2020,06:54:06 am,0,836.50,8.672
5/30/2020,07:24:06 am,0,836.02,8.447
5/30/2020,07:54:06 am,0,835.97,8.244
5/30/2020,08:24:06 am,0,834.95,8.000
5/30/2020,08:54:06 am,0,834.39,7.717
5/30/2020,09:24:06 am,0,833.98,7.434
5/30/2020,09:54:06 am,0,833.47,7.193
5/30/2020,10:24:06 am,0,832.79,7.040
5/30/2020,10:54:06 am,0,832.30,6.883
5/30/2020,11:24:06 am,0,831.64,6.726
5/30/2020,11:54:06 am,0,831.51,6.600
5/30/2020,12:24:06 pm,0,831.98,6.450
5/30/2020,12:54:06 pm,0,831.83,6.241
5/30/2020,01:24:06 pm,0,832.72,6.055
5/30/2020,01:54:06 pm,0,832.01,5.876
5/30/2020,02:24:06 pm,0,831.63,5.736
5/30/2020,02:54:06 pm,0,831.98,5.598
5/30/2020,03:24:06 pm,0,831.65,5.490
5/30/2020,03:54:06 pm,0,832.03,5.443
5/30/2020,04:24:06 pm,0,830.77,5.533
5/30/2020,04:54:06 pm,0,831.14,5.740
5/30/2020,05:24:06 pm,0,831.37,6.057
5/30/2020,05:54:06 pm,0,830.87,6.459
5/30/2020,06:24:06 pm,0,830.23,6.979
5/30/2020,06:54:06 pm,0,830.41,7.582
5/30/2020,07:24:06 pm,0,829.48,8.244
5/30/2020,07:54:06 pm,0,829.35,8.923
5/30/2020,08:24:06 pm,0,829.44,9.550
5/30/2020,08:54:06 pm,0,829.21,10.040
5/30/2020,09:24:06 pm,0,829.12,10.200
5/30/2020,09:54:06 pm,0,828.63,10.249
5/30/2020,10:24:06 pm,0,828.63,9.941
5/30/2020,10:54:06 pm,0,828.50,9.711
5/30/2020,11:24:06 pm,0,828.07,9.428
5/30/2020,11:54:06 pm,0,828.09,9.356
5/31/2020,12:24:06 am,0,827.96,9.245
5/31/2020,12:54:06 am,0,828.63,9.117
5/31/2020,01:24:06 am,0,829.36,9.002
5/31/2020,01:54:06 am,0,829.52,8.804
5/31/2020,02:24:06 am,0,829.68,8.578
5/31/2020,02:54:06 am,0,829.78,8.344
5/31/2020,03:24:06 am,0,830.56,8.046
5/31/2020,03:54:06 am,0,830.23,7.733
5/31/2020,04:24:06 am,0,831.27,7.399
5/31/2020,04:54:06 am,0,831.02,7.061
5/31/2020,05:24:06 am,0,831.56,6.720
5/31/2020,05:54:06 am,0,830.62,6.372
5/31/2020,06:24:06 am,0,830.97,6.017
5/31/2020,06:54:06 am,0,831.11,5.675
5/31/2020,07:24:06 am,0,830.61,5.338
5/31/2020,07:54:06 am,0,831.15,5.024
5/31/2020,08:24:06 am,0,831.05,4.731
5/31/2020,08:54:06 am,0,830.34,4.466
5/31/2020,09:24:06 am,0,830.69,4.220
5/31/2020,09:54:06 am,0,830.93,3.984
5/31/2020,10:24:06 am,0,829.68,3.757
5/31/2020,10:54:06 am,0,829.31,3.542
5/31/2020,11:24:06 am,0,829.64,3.345
5/31/2020,11:54:06 am,0,829.70,3.165
5/31/2020,12:24:06 pm,0,829.75,2.992
5/31/2020,12:54:06 pm,0,829.90,2.832
5/31/2020,01:24:06 pm,0,829.66,2.711
5/31/2020,01:54:06 pm,0,829.38,2.622
5/31/2020,02:24:06 pm,0,829.78,2.596
5/31/2020,02:54:06 pm,0,828.93,2.659
5/31/2020,03:24:06 pm,0,830.06,2.831
5/31/2020,03:54:06 pm,0,829.98,3.082
5/31/2020,04:24:06 pm,0,830.40,3.410
5/31/2020,04:54:06 pm,0,829.72,3.776
5/31/2020,05:24:06 pm,0,829.23,4.272
5/31/2020,05:54:06 pm,0,828.82,4.906
5/31/2020,06:24:06 pm,0,828.06,5.688
5/31/2020,06:54:06 pm,0,828.56,6.507
5/31/2020,07:24:06 pm,0,828.46,7.419
5/31/2020,07:54:06 pm,0,828.06,8.308
5/31/2020,08:24:06 pm,0,827.74,8.982
5/31/2020,08:54:06 pm,0,828.72,9.296
5/31/2020,09:24:06 pm,0,828.54,9.546
5/31/2020,09:54:06 pm,0,827.57,9.824
5/31/2020,10:24:06 pm,0,827.67,10.129
5/31/2020,10:54:06 pm,0,826.81,10.425
5/31/2020,11:24:06 pm,0,828.02,10.511
5/31/2020,11:54:06 pm,0,827.84,10.510
6/1/2020,12:24:06 am,0,829.30,10.345
6/1/2020,12:54:06 am,0,829.47,10.025
6/1/2020,01:24:06 am,0,829.07,9.744
6/1/2020,01:54:06 am,0,829.21,9.534
6/1/2020,02:24:06 am,0,829.54,9.294
6/1/2020,02:54:06 am,0,829.60,9.051
6/1/2020,03:24:06 am,0,829.76,8.830
6/1/2020,03:54:06 am,0,830.16,8.640
6/1/2020,04:24:06 am,0,830.36,8.456
6/1/2020,04:54:06 am,0,830.53,8.222
6/1/2020,05:24:06 am,0,830.37,7.963
6/1/2020,05:54:06 am,0,830.97,7.696
6/1/2020,06:24:06 am,0,830.79,7.439
6/1/2020,06:54:06 am,0,830.10,7.253
6/1/2020,07:24:06 am,0,830.12,7.075
6/1/2020,07:54:06 am,0,830.78,6.898
6/1/2020,08:24:06 am,0,830.12,6.716
6/1/2020,08:54:06 am,0,830.24,6.552
6/1/2020,09:24:06 am,0,829.87,6.388
6/1/2020,09:54:06 am,0,829.92,6.228
6/1/2020,10:24:06 am,0,829.87,6.067
6/1/2020,10:54:06 am,0,829.52,5.921
6/1/2020,11:24:06 am,0,829.89,5.794
6/1/2020,11:54:06 am,0,830.20,5.678
6/1/2020,12:24:06 pm,0,829.55,5.584
6/1/2020,12:54:06 pm,0,829.98,5.495
6/1/2020,01:24:06 pm,0,829.54,5.422
6/1/2020,01:54:06 pm,0,829.66,5.379
6/1/2020,02:24:06 pm,0,829.78,5.361
6/1/2020,02:54:06 pm,0,830.37,5.388
6/1/2020,03:24:06 pm,0,830.04,5.445
6/1/2020,03:54:06 pm,0,830.26,5.542
6/1/2020,04:24:06 pm,0,829.49,5.691
6/1/2020,04:54:06 pm,0,829.74,5.863
6/1/2020,05:24:06 pm,0,830.25,6.068
6/1/2020,05:54:06 pm,0,829.89,6.295
6/1/2020,06:24:06 pm,0,830.50,6.423
6/1/2020,06:54:06 pm,0,830.54,6.483
6/1/2020,07:24:06 pm,0,830.21,6.603
6/1/2020,07:54:06 pm,0,829.84,6.811
6/1/2020,08:24:06 pm,0,829.07,7.278
6/1/2020,08:54:06 pm,0,829.33,7.969
6/1/2020,09:24:06 pm,0,829.68,8.400
6/1/2020,09:54:06 pm,0,829.70,8.697
6/1/2020,10:24:06 pm,0,829.63,8.836
6/1/2020,10:54:06 pm,0,830.10,8.799
6/1/2020,11:24:06 pm,0,829.46,8.814
6/1/2020,11:54:06 pm,0,829.34,8.888
6/2/2020,12:24:06 am,0,829.67,8.819
6/2/2020,12:54:06 am,0,829.59,8.684
6/2/2020,01:24:06 am,0,829.78,8.494
6/2/2020,01:54:06 am,0,830.28,8.237
6/2/2020,02:24:06 am,0,829.36,8.049
6/2/2020,02:54:06 am,0,830.45,7.921
6/2/2020,03:24:06 am,0,830.20,7.760
6/2/2020,03:54:06 am,0,830.36,7.577
6/2/2020,04:24:06 am,0,831.13,7.393
6/2/2020,04:54:06 am,0,830.35,7.230
6/2/2020,05:24:06 am,0,830.80,7.058
6/2/2020,05:54:06 am,0,830.81,6.888
6/2/2020,06:24:06 am,0,830.64,6.714
6/2/2020,06:54:06 am,0,831.00,6.535
6/2/2020,07:24:06 am,0,831.76,6.357
6/2/2020,07:54:06 am,0,831.09,6.183
6/2/2020,08:24:06 am,0,830.56,6.008
6/2/2020,08:54:06 am,0,830.58,5.859
6/2/2020,09:24:06 am,0,830.30,5.756
6/2/2020,09:54:06 am,0,830.48,5.703
6/2/2020,10:24:06 am,0,830.48,5.598
6/2/2020,10:54:06 am,0,831.08,5.433
6/2/2020,11:24:06 am,0,830.62,5.248
6/2/2020,11:54:06 am,0,831.43,5.056
6/2/2020,12:24:06 pm,0,831.05,4.868
6/2/2020,12:54:06 pm,0,831.17,4.689
6/2/2020,01:24:06 pm,0,831.02,4.545
6/2/2020,01:54:06 pm,0,831.95,4.462
6/2/2020,02:24:06 pm,0,831.97,4.453
6/2/2020,02:54:06 pm,0,831.98,4.519
6/2/2020,03:24:06 pm,0,831.71,4.650
6/2/2020,03:54:06 pm,0,831.71,4.896
6/2/2020,04:24:06 pm,0,831.70,5.214
6/2/2020,04:54:06 pm,0,831.82,5.583
6/2/2020,05:24:06 pm,0,832.16,6.010
6/2/2020,05:54:06 pm,0,831.75,6.525
6/2/2020,06:24:06 pm,0,831.61,7.234
6/2/2020,06:54:06 pm,0,831.56,7.936
6/2/2020,07:24:06 pm,0,831.39,8.665
6/2/2020,07:54:06 pm,0,830.98,9.355
6/2/2020,08:24:06 pm,0,831.23,10.093
6/2/2020,08:54:06 pm,0,830.88,10.775
6/2/2020,09:24:06 pm,0,830.73,11.372
6/2/2020,09:54:06 pm,0,830.97,11.710
6/2/2020,10:24:06 pm,0,830.92,11.977
6/2/2020,10:54:06 pm,0,830.78,11.956
6/2/2020,11:24:06 pm,0,830.32,11.971
6/2/2020,11:54:06 pm,0,830.39,11.865
6/3/2020,12:24:06 am,0,831.23,11.816
6/3/2020,12:54:06 am,0,831.35,11.637
6/3/2020,01:24:06 am,0,831.08,11.416
6/3/2020,01:54:06 am,0,832.41,11.167
6/3/2020,02:24:06 am,0,832.42,10.872
6/3/2020,02:54:06 am,0,833.52,10.668
6/3/2020,03:24:06 am,0,834.31,10.438
6/3/2020,03:54:06 am,0,835.01,10.129
6/3/2020,04:24:06 am,0,835.30,9.790
6/3/2020,04:54:06 am,0,835.75,9.454
6/3/2020,05:24:06 am,0,835.84,9.132
6/3/2020,05:54:06 am,0,836.24,8.810
6/3/2020,06:24:06 am,0,836.88,8.479
6/3/2020,06:54:06 am,0,836.83,8.133
6/3/2020,07:24:06 am,0,836.23,7.807
6/3/2020,07:54:06 am,0,836.33,7.532
6/3/2020,08:24:06 am,0,835.61,7.280
6/3/2020,08:54:06 am,0,835.66,7.010
6/3/2020,09:24:06 am,0,835.79,6.755
6/3/2020,09:54:06 am,0,834.67,6.500
6/3/2020,10:24:06 am,0,835.13,6.260
6/3/2020,10:54:06 am,0,835.57,6.041
6/3/2020,11:24:06 am,0,835.60,5.820
6/3/2020,11:54:06 am,0,834.60,5.618
6/3/2020,12:24:06 pm,0,834.25,5.442
6/3/2020,12:54:06 pm,0,834.40,5.274
6/3/2020,01:24:06 pm,0,835.16,5.137
6/3/2020,01:54:06 pm,0,834.64,5.032
6/3/2020,02:24:06 pm,0,835.17,4.984
6/3/2020,02:54:06 pm,0,834.86,5.026
6/3/2020,03:24:06 pm,0,834.12,5.197
6/3/2020,03:54:06 pm,0,834.75,5.471
6/3/2020,04:24:06 pm,0,834.81,5.767
6/3/2020,04:54:06 pm,0,834.35,6.143
6/3/2020,05:24:06 pm,0,833.99,6.633
6/3/2020,05:54:06 pm,0,833.81,7.244
6/3/2020,06:24:06 pm,0,833.81,7.976
6/3/2020,06:54:06 pm,0,833.69,8.781
6/3/2020,07:24:06 pm,0,833.71,9.618
6/3/2020,07:54:06 pm,0,832.63,10.416
6/3/2020,08:24:06 pm,0,831.75,11.177
6/3/2020,08:54:06 pm,0,831.72,11.843
6/3/2020,09:24:06 pm,0,831.24,12.363
6/3/2020,09:54:06 pm,0,831.06,12.774
6/3/2020,10:24:06 pm,0,830.56,13.079
6/3/2020,10:54:06 pm,0,830.33,13.244
6/3/2020,11:24:06 pm,0,830.26,13.182
6/3/2020,11:54:06 pm,0,829.94,13.233
6/4/2020,12:24:06 am,0,830.04,13.146
6/4/2020,12:54:06 am,0,830.91,12.811
6/4/2020,01:24:06 am,0,831.53,12.417
6/4/2020,01:54:06 am,0,832.51,12.120
6/4/2020,02:24:06 am,0,833.37,11.913
6/4/2020,02:54:06 am,0,832.97,11.697
6/4/2020,03:24:06 am,0,833.08,11.496
6/4/2020,03:54:06 am,0,833.82,11.257
6/4/2020,04:24:06 am,0,834.80,11.021
6/4/2020,04:54:06 am,0,835.05,10.778
6/4/2020,05:24:06 am,0,835.08,10.506
6/4/2020,05:54:06 am,0,835.31,10.127
6/4/2020,06:24:06 am,0,835.53,9.746
6/4/2020,06:54:06 am,0,834.97,9.339
6/4/2020,07:24:06 am,0,835.50,8.955
6/4/2020,07:54:06 am,0,834.55,8.568
6/4/2020,08:24:06 am,0,834.12,8.196
6/4/2020,08:54:06 am,0,834.42,7.863
6/4/2020,09:24:06 am,0,833.77,7.550
6/4/2020,09:54:06 am,0,834.41,7.262
6/4/2020,10:24:06 am,0,833.33,6.984
6/4/2020,10:54:06 am,0,833.42,6.719
6/4/2020,11:24:06 am,0,832.81,6.466
6/4/2020,11:54:06 am,0,832.97,6.230
6/4/2020,12:24:06 pm,0,832.84,6.010
6/4/2020,12:54:06 pm,0,833.17,5.802
6/4/2020,01:24:06 pm,0,832.66,5.627
6/4/2020,01:54:06 pm,0,832.44,5.490
6/4/2020,02:24:06 pm,0,832.10,5.427
6/4/2020,02:54:06 pm,0,831.76,5.466
6/4/2020,03:24:06 pm,0,831.07,5.618
6/4/2020,03:54:06 pm,0,831.39,5.859
6/4/2020,04:24:06 pm,0,830.88,6.157
6/4/2020,04:54:06 pm,0,830.56,6.527
6/4/2020,05:24:06 pm,0,830.61,7.023
6/4/2020,05:54:06 pm,0,830.74,7.652
6/4/2020,06:24:06 pm,0,830.28,8.391
6/4/2020,06:54:06 pm,0,830.01,9.214
6/4/2020,07:24:06 pm,0,829.28,10.053
6/4/2020,07:54:06 pm,0,828.80,10.875
6/4/2020,08:24:06 pm,0,828.51,11.646
6/4/2020,08:54:06 pm,0,827.75,12.243
6/4/2020,09:24:06 pm,0,827.33,12.658
6/4/2020,09:54:06 pm,0,826.76,13.001
6/4/2020,10:24:06 pm,0,826.36,13.242
6/4/2020,10:54:06 pm,0,826.03,13.345
6/4/2020,11:24:06 pm,0,825.66,13.341
6/4/2020,11:54:06 pm,0,825.39,13.276
6/5/2020,12:24:06 am,0,825.64,12.966
6/5/2020,12:54:06 am,0,825.94,12.714
6/5/2020,01:24:06 am,0,826.09,12.450
6/5/2020,01:54:06 am,0,826.31,12.199
6/5/2020,02:24:06 am,0,826.53,11.953
6/5/2020,02:54:06 am,0,827.52,11.751
6/5/2020,03:24:06 am,0,828.27,11.539
6/5/2020,03:54:06 am,0,828.79,11.292
6/5/2020,04:24:06 am,0,829.00,11.005
6/5/2020,04:54:06 am,0,829.84,10.669
6/5/2020,05:24:06 am,0,829.69,10.318
6/5/2020,05:54:06 am,0,829.75,9.965
6/5/2020,06:24:06 am,0,830.14,9.609
6/5/2020,06:54:06 am,0,829.86,9.264
6/5/2020,07:24:06 am,0,829.84,8.913
6/5/2020,07:54:06 am,0,829.22,8.564
6/5/2020,08:24:06 am,0,829.03,8.240
6/5/2020,08:54:06 am,0,828.83,7.922
6/5/2020,09:24:06 am,0,828.13,7.621
6/5/2020,09:54:06 am,0,827.88,7.335
6/5/2020,10:24:06 am,0,827.66,7.073
6/5/2020,10:54:06 am,0,827.67,6.826
6/5/2020,11:24:06 am,0,826.62,6.593
6/5/2020,11:54:06 am,0,827.03,6.383
6/5/2020,12:24:06 pm,0,826.30,6.193
6/5/2020,12:54:06 pm,0,826.59,6.020
6/5/2020,01:24:06 pm,0,826.28,5.876
6/5/2020,01:54:06 pm,0,826.16,5.769
6/5/2020,02:24:06 pm,0,826.33,5.707
6/5/2020,02:54:06 pm,0,825.77,5.721
6/5/2020,03:24:06 pm,0,825.35,5.797
6/5/2020,03:54:06 pm,0,825.62,6.007
6/5/2020,04:24:06 pm,0,825.31,6.285
6/5/2020,04:54:06 pm,0,825.19,6.595
6/5/2020,05:24:06 pm,0,824.52,7.082
6/5/2020,05:54:06 pm,0,823.85,7.652
6/5/2020,06:24:06 pm,0,824.15,8.277
6/5/2020,06:54:06 pm,0,823.96,9.061
6/5/2020,07:24:06 pm,0,823.35,9.310
6/5/2020,07:54:06 pm,0,823.51,9.438
6/5/2020,08:24:06 pm,0,823.43,9.509
6/5/2020,08:54:06 pm,0,823.11,9.639
6/5/2020,09:24:06 pm,0,822.53,9.775
6/5/2020,09:54:06 pm,0,821.77,9.963
6/5/2020,10:24:06 pm,0,821.51,10.147
6/5/2020,10:54:06 pm,0,820.98,10.369
6/5/2020,11:24:06 pm,0,820.50,10.485
6/5/2020,11:54:06 pm,0,821.23,10.530
6/6/2020,12:24:06 am,0,820.30,10.425
6/6/2020,12:54:06 am,0,820.24,10.412
6/6/2020,01:24:06 am,0,819.87,10.259
6/6/2020,01:54:06 am,0,820.54,10.177
6/6/2020,02:24:06 am,0,820.79,10.067
6/6/2020,02:54:06 am,0,820.95,9.900
6/6/2020,03:24:06 am,0,821.23,9.650
6/6/2020,03:54:06 am,0,821.39,9.396
6/6/2020,04:24:06 am,0,821.06,9.151
6/6/2020,04:54:06 am,0,822.66,8.902
6/6/2020,05:24:06 am,0,822.10,8.640
6/6/2020,05:54:06 am,0,822.26,8.352
6/6/2020,06:24:06 am,0,822.03,8.060
6/6/2020,06:54:06 am,0,821.50,7.778
6/6/2020,07:24:06 am,0,821.21,7.510
6/6/2020,07:54:06 am,0,820.79,7.252
6/6/2020,08:24:06 am,0,820.65,7.026
6/6/2020,08:54:06 am,0,821.23,6.820
6/6/2020,09:24:06 am,0,820.17,6.658
6/6/2020,09:54:06 am,0,820.14,6.475
6/6/2020,10:24:06 am,0,820.15,6.273
6/6/2020,10:54:06 am,0,819.97,6.149
6/6/2020,11:24:06 am,0,819.82,6.090
6/6/2020,11:54:06 am,0,819.81,6.034
6/6/2020,12:24:06 pm,0,820.03,5.942
6/6/2020,12:54:06 pm,0,819.72,5.848
6/6/2020,01:24:06 pm,0,819.94,5.768
6/6/2020,01:54:06 pm,0,820.17,5.694
6/6/2020,02:24:06 pm,0,820.46,5.639
6/6/2020,02:54:06 pm,0,820.04,5.631
6/6/2020,03:24:06 pm,0,820.24,5.709
6/6/2020,03:54:06 pm,0,819.98,5.800
6/6/2020,04:24:06 pm,0,819.86,5.904
6/6/2020,04:54:06 pm,0,820.44,6.089
6/6/2020,05:24:06 pm,0,820.89,6.308
6/6/2020,05:54:06 pm,0,820.44,6.717
6/6/2020,06:24:06 pm,0,820.67,7.294
6/6/2020,06:54:06 pm,0,820.65,7.926
6/6/2020,07:24:06 pm,0,820.45,8.667
6/6/2020,07:54:06 pm,0,820.18,9.313
6/6/2020,08:24:06 pm,0,820.41,9.964
6/6/2020,08:54:06 pm,0,820.64,10.522
6/6/2020,09:24:06 pm,0,820.13,10.973
6/6/2020,09:54:06 pm,0,820.23,11.254
6/6/2020,10:24:06 pm,0,820.17,11.438
6/6/2020,10:54:06 pm,0,819.97,11.450
6/6/2020,11:24:06 pm,0,819.76,11.345
6/6/2020,11:54:06 pm,0,819.91,11.136
6/7/2020,12:24:06 am,0,819.69,10.727
6/7/2020,12:54:06 am,0,820.00,10.332
6/7/2020,01:24:06 am,0,819.14,9.888
6/7/2020,01:54:06 am,0,819.28,9.504
6/7/2020,02:24:06 am,0,819.43,9.112
6/7/2020,02:54:06 am,0,819.36,8.758
6/7/2020,03:24:06 am,0,819.03,8.422
6/7/2020,03:54:06 am,0,818.88,8.115
6/7/2020,04:24:06 am,0,818.90,7.791
6/7/2020,04:54:06 am,0,819.20,7.485
6/7/2020,05:24:06 am,0,819.19,7.168
6/7/2020,05:54:06 am,0,819.33,6.872
6/7/2020,06:24:06 am,0,819.00,6.590
6/7/2020,06:54:06 am,0,818.74,6.287
6/7/2020,07:24:06 am,0,818.42,5.966
6/7/2020,07:54:06 am,0,818.10,5.658
6/7/2020,08:24:06 am,0,818.01,5.368
6/7/2020,08:54:06 am,0,817.83,5.107
6/7/2020,09:24:06 am,0,817.86,4.871
6/7/2020,09:54:06 am,0,817.61,4.656
6/7/2020,10:24:06 am,0,817.43,4.439
6/7/2020,10:54:06 am,0,817.39,4.242
6/7/2020,11:24:06 am,0,816.97,4.048
6/7/2020,11:54:06 am,0,817.31,3.848
6/7/2020,12:24:06 pm,0,817.35,3.646
6/7/2020,12:54:06 pm,0,817.29,3.451
6/7/2020,01:24:06 pm,0,817.27,3.261
6/7/2020,01:54:06 pm,0,816.81,3.078
6/7/2020,02:24:06 pm,0,816.71,2.895
6/7/2020,02:54:06 pm,0,816.85,2.760
6/7/2020,03:24:06 pm,0,817.03,2.692
6/7/2020,03:54:06 pm,0,817.33,2.659
6/7/2020,04:24:06 pm,0,817.51,2.737
6/7/2020,04:54:06 pm,0,817.48,2.925
6/7/2020,05:24:06 pm,0,817.10,3.276
6/7/2020,05:54:06 pm,0,817.09,3.781
6/7/2020,06:24:06 pm,0,817.93,4.334
6/7/2020,06:54:06 pm,0,817.73,4.848
6/7/2020,07:24:06 pm,0,817.36,5.193
6/7/2020,07:54:06 pm,0,817.55,5.694
6/7/2020,08:24:06 pm,0,817.84,5.782
6/7/2020,08:54:06 pm,0,817.77,5.822
6/7/2020,09:24:06 pm,0,817.49,5.984
6/7/2020,09:54:06 pm,0,817.86,6.095
6/7/2020,10:24:06 pm,0,817.51,6.195
6/7/2020,10:54:06 pm,0,817.55,6.296
6/7/2020,11:24:06 pm,0,817.70,6.366
6/7/2020,11:54:06 pm,0,817.47,6.597
6/8/2020,12:24:06 am,0,817.31,6.477
6/8/2020,12:54:06 am,0,817.47,6.551
6/8/2020,01:24:06 am,0,817.70,6.407
6/8/2020,01:54:06 am,0,817.39,6.318
6/8/2020,02:24:06 am,0,817.95,6.161
6/8/2020,02:54:06 am,0,817.89,5.924
6/8/2020,03:24:06 am,0,818.04,5.697
6/8/2020,03:54:06 am,0,818.10,5.488
6/8/2020,04:24:06 am,0,818.52,5.292
6/8/2020,04:54:06 am,0,818.66,5.099
6/8/2020,05:24:06 am,0,818.96,4.912
6/8/2020,05:54:06 am,0,819.17,4.724
6/8/2020,06:24:06 am,0,818.85,4.533
6/8/2020,06:54:06 am,0,819.05,4.340
6/8/2020,07:24:06 am,0,819.18,4.134
6/8/2020,07:54:06 am,0,819.21,3.912
6/8/2020,08:24:06 am,0,819.27,3.682
6/8/2020,08:54:06 am,0,819.31,3.452
6/8/2020,09:24:06 am,0,819.65,3.219
6/8/2020,09:54:06 am,0,819.75,2.986
6/8/2020,10:24:06 am,0,819.59,2.752
6/8/2020,10:54:06 am,0,819.87,2.513
6/8/2020,11:24:06 am,0,819.83,2.281
6/8/2020,11:54:06 am,0,820.12,2.050
6/8/2020,12:24:06 pm,0,820.26,1.842
6/8/2020,12:54:06 pm,0,820.21,1.668
6/8/2020,01:24:06 pm,0,820.11,1.558
6/8/2020,01:54:06 pm,0,820.17,1.454
6/8/2020,02:24:06 pm,0,819.96,1.379
6/8/2020,02:54:06 pm,0,820.00,1.336
6/8/2020,03:24:06 pm,0,820.60,1.358
6/8/2020,03:54:06 pm,0,820.91,1.437
6/8/2020,04:24:06 pm,0,820.64,1.636
6/8/2020,04:54:06 pm,0,821.02,1.966
6/8/2020,05:24:06 pm,0,821.18,2.439
6/8/2020,05:54:06 pm,0,821.09,3.055
6/8/2020,06:24:06 pm,0,821.45,3.790
6/8/2020,06:54:06 pm,0,822.05,4.686
6/8/2020,07:24:06 pm,0,821.88,5.683
6/8/2020,07:54:06 pm,0,821.93,6.668
6/8/2020,08:24:06 pm,0,822.30,7.593
6/8/2020,08:54:06 pm,0,822.23,8.367
6/8/2020,09:24:06 pm,0,822.06,8.948
6/8/2020,09:54:06 pm,0,822.02,9.326
6/8/2020,10:24:06 pm,0,822.14,9.597
6/8/2020,10:54:06 pm,0,822.43,9.732
6/8/2020,11:24:06 pm,0,822.30,9.745
6/8/2020,11:54:06 pm,0,822.62,9.652
6/9/2020,12:24:06 am,0,822.26,9.498
6/9/2020,12:54:06 am,0,822.62,9.265
6/9/2020,01:24:06 am,0,822.95,9.004
6/9/2020,01:54:06 am,0,823.10,8.724
6/9/2020,02:24:06 am,0,823.32,8.439
6/9/2020,02:54:06 am,0,823.42,8.188
6/9/2020,03:24:06 am,0,823.34,7.935
6/9/2020,03:54:06 am,0,823.63,7.679
6/9/2020,04:24:06 am,0,823.88,7.426
6/9/2020,04:54:06 am,0,824.11,7.162
6/9/2020,05:24:06 am,0,824.45,6.888
6/9/2020,05:54:06 am,0,824.23,6.612
6/9/2020,06:24:06 am,0,824.86,6.337
6/9/2020,06:54:06 am,0,824.87,6.064
6/9/2020,07:24:06 am,0,824.82,5.797
6/9/2020,07:54:06 am,0,824.88,5.541
6/9/2020,08:24:06 am,0,824.39,5.305
6/9/2020,08:54:06 am,0,824.64,5.096
6/9/2020,09:24:06 am,0,824.72,4.903
6/9/2020,09:54:06 am,0,824.81,4.724
6/9/2020,10:24:06 am,0,825.08,4.555
6/9/2020,10:54:06 am,0,825.05,4.395
6/9/2020,11:24:06 am,0,824.95,4.234
6/9/2020,11:54:06 am,0,824.94,4.081
6/9/2020,12:24:06 pm,0,824.84,3.923
6/9/2020,12:54:06 pm,0,825.20,3.777
6/9/2020,01:24:06 pm,0,825.22,3.652
6/9/2020,01:54:06 pm,0,825.35,3.541
6/9/2020,02:24:06 pm,0,824.87,3.462
6/9/2020,02:54:06 pm,0,825.18,3.445
6/9/2020,03:24:06 pm,0,825.19,3.552
6/9/2020,03:54:06 pm,0,825.33,3.773
6/9/2020,04:24:06 pm,0,825.18,4.115
6/9/2020,04:54:06 pm,0,825.16,4.559
6/9/2020,05:24:06 pm,0,824.84,5.120
6/9/2020,05:54:06 pm,0,825.12,5.779
6/9/2020,06:24:06 pm,0,825.09,6.536
6/9/2020,06:54:06 pm,0,824.92,7.434
6/9/2020,07:24:06 pm,0,824.90,8.431
6/9/2020,07:54:06 pm,0,824.79,9.410
6/9/2020,08:24:06 pm,0,824.88,10.352
6/9/2020,08:54:06 pm,0,824.68,11.157
6/9/2020,09:24:06 pm,0,824.60,11.751
6/9/2020,09:54:06 pm,0,824.36,12.144
6/9/2020,10:24:06 pm,0,824.35,12.407
6/9/2020,10:54:06 pm,0,824.09,12.535
6/9/2020,11:24:06 pm,0,824.01,12.513
6/9/2020,11:54:06 pm,0,823.84,12.428
6/10/2020,12:24:06 am,0,823.68,12.265
6/10/2020,12:54:06 am,0,823.52,12.032
6/10/2020,01:24:06 am,0,823.56,11.744
6/10/2020,01:54:06 am,0,823.58,11.458
6/10/2020,02:24:06 am,0,823.55,11.167
6/10/2020,02:54:06 am,0,823.60,10.894
6/10/2020,03:24:06 am,0,823.93,10.617
6/10/2020,03:54:06 am,0,824.18,10.327
6/10/2020,04:24:06 am,0,824.91,10.048
6/10/2020,04:54:06 am,0,825.31,9.776
6/10/2020,05:24:06 am,0,825.13,9.497
6/10/2020,05:54:06 am,0,826.04,9.218
6/10/2020,06:24:06 am,0,826.15,8.934
6/10/2020,06:54:06 am,0,826.31,8.634
6/10/2020,07:24:06 am,0,826.51,8.315
6/10/2020,07:54:06 am,0,826.77,8.014
6/10/2020,08:24:06 am,0,826.75,7.748
6/10/2020,08:54:06 am,0,826.67,7.513
6/10/2020,09:24:06 am,0,826.71,7.298
6/10/2020,09:54:06 am,0,826.62,7.092
6/10/2020,10:24:06 am,0,826.76,6.885
6/10/2020,10:54:06 am,0,826.23,6.685
6/10/2020,11:24:06 am,0,826.39,6.486
6/10/2020,11:54:06 am,0,826.12,6.286
6/10/2020,12:24:06 pm,0,826.18,6.084
6/10/2020,12:54:06 pm,0,826.21,5.886
6/10/2020,01:24:06 pm,0,826.39,5.706
6/10/2020,01:54:06 pm,0,826.12,5.542
6/10/2020,02:24:06 pm,0,826.10,5.429
6/10/2020,02:54:06 pm,0,825.97,5.398
6/10/2020,03:24:06 pm,0,826.05,5.495
6/10/2020,03:54:06 pm,0,826.14,5.682
6/10/2020,04:24:06 pm,0,825.91,5.944
6/10/2020,04:54:06 pm,0,826.14,6.290
6/10/2020,05:24:06 pm,0,825.85,6.768
6/10/2020,05:54:06 pm,0,825.82,7.350
6/10/2020,06:24:06 pm,0,825.58,7.975
6/10/2020,06:54:06 pm,0,825.28,8.811
6/10/2020,07:24:06 pm,0,825.16,9.635
6/10/2020,07:54:06 pm,0,824.92,10.485
6/10/2020,08:24:06 pm,0,824.75,11.319
6/10/2020,08:54:06 pm,0,824.66,12.007
6/10/2020,09:24:06 pm,0,824.09,12.493
6/10/2020,09:54:06 pm,0,823.86,12.833
6/10/2020,10:24:06 pm,0,823.73,12.954
6/10/2020,10:54:06 pm,0,823.40,13.109
6/10/2020,11:24:06 pm,0,823.20,13.051
6/10/2020,11:54:06 pm,0,823.33,12.913
6/11/2020,12:24:06 am,0,823.04,12.685
6/11/2020,12:54:06 am,0,822.85,12.481
6/11/2020,01:24:06 am,0,822.81,12.240
6/11/2020,01:54:06 am,0,822.80,11.927
6/11/2020,02:24:06 am,0,823.04,11.648
6/11/2020,02:54:06 am,0,823.17,11.368
6/11/2020,03:24:06 am,0,823.60,11.064
6/11/2020,03:54:06 am,0,823.99,10.785
6/11/2020,04:24:06 am,0,824.40,10.532
6/11/2020,04:54:06 am,0,825.02,10.264
6/11/2020,05:24:06 am,0,825.17,9.996
6/11/2020,05:54:06 am,0,825.37,9.728
6/11/2020,06:24:06 am,0,825.29,9.461
6/11/2020,06:54:06 am,0,825.56,9.196
6/11/2020,07:24:06 am,0,825.40,8.919
6/11/2020,07:54:06 am,0,825.59,8.654
6/11/2020,08:24:06 am,0,825.50,8.401
6/11/2020,08:54:06 am,0,825.13,8.159
6/11/2020,09:24:06 am,0,825.31,7.916
6/11/2020,09:54:06 am,0,825.23,7.689
6/11/2020,10:24:06 am,0,825.22,7.451
6/11/2020,10:54:06 am,0,824.99,7.194
6/11/2020,11:24:06 am,0,825.28,6.937
6/11/2020,11:54:06 am,0,825.37,6.677
6/11/2020,12:24:06 pm,0,825.34,6.431
6/11/2020,12:54:06 pm,0,825.02,6.191
6/11/2020,01:24:06 pm,0,825.17,5.967
6/11/2020,01:54:06 pm,0,825.10,5.771
6/11/2020,02:24:06 pm,0,825.09,5.639
6/11/2020,02:54:06 pm,0,825.15,5.603
6/11/2020,03:24:06 pm,0,825.25,5.693
6/11/2020,03:54:06 pm,0,825.34,5.886
6/11/2020,04:24:06 pm,0,825.00,6.176
6/11/2020,04:54:06 pm,0,824.83,6.538
6/11/2020,05:24:06 pm,0,824.96,7.025
6/11/2020,05:54:06 pm,0,825.00,7.608
6/11/2020,06:24:06 pm,0,824.65,8.317
6/11/2020,06:54:06 pm,0,824.38,9.087
6/11/2020,07:24:06 pm,0,824.34,10.042
6/11/2020,07:54:06 pm,0,824.17,10.884
6/11/2020,08:24:06 pm,0,823.71,11.684
6/11/2020,08:54:06 pm,0,823.68,12.068
6/11/2020,09:24:06 pm,0,823.30,12.553
6/11/2020,09:54:06 pm,0,823.32,12.924
6/11/2020,10:24:06 pm,0,822.71,13.185
6/11/2020,10:54:06 pm,0,822.43,13.194
6/11/2020,11:24:06 pm,0,822.27,13.237
6/11/2020,11:54:06 pm,0,822.12,13.175
6/12/2020,12:24:06 am,0,822.21,13.074
6/12/2020,12:54:06 am,0,821.73,12.820
6/12/2020,01:24:06 am,0,821.53,12.541
6/12/2020,01:54:06 am,0,821.62,12.217
6/12/2020,02:24:06 am,0,821.76,11.904
6/12/2020,02:54:06 am,0,821.65,11.587
6/12/2020,03:24:06 am,0,822.07,11.288
6/12/2020,03:54:06 am,0,822.14,10.979
6/12/2020,04:24:06 am,0,822.56,10.672
6/12/2020,04:54:06 am,0,823.03,10.375
6/12/2020,05:24:06 am,0,823.43,10.089
6/12/2020,05:54:06 am,0,823.37,9.805
6/12/2020,06:24:06 am,0,823.78,9.519
6/12/2020,06:54:06 am,0,823.72,9.227
6/12/2020,07:24:06 am,0,823.69,8.951
6/12/2020,07:54:06 am,0,823.48,8.694
6/12/2020,08:24:06 am,0,823.51,8.464
6/12/2020,08:54:06 am,0,823.43,8.246
6/12/2020,09:24:06 am,0,823.22,8.042
6/12/2020,09:54:06 am,0,822.96,7.833
6/12/2020,10:24:06 am,0,823.01,7.616
6/12/2020,10:54:06 am,0,822.67,7.385
6/12/2020,11:24:06 am,0,822.87,7.157
6/12/2020,11:54:06 am,0,822.25,6.936
6/12/2020,12:24:06 pm,0,822.65,6.723
6/12/2020,12:54:06 pm,0,822.46,6.516
6/12/2020,01:24:06 pm,0,822.03,6.323
6/12/2020,01:54:06 pm,0,821.95,6.175
6/12/2020,02:24:06 pm,0,821.46,6.138
6/12/2020,02:54:06 pm,0,821.36,6.163
6/12/2020,03:24:06 pm,0,821.48,6.282
6/12/2020,03:54:06 pm,0,821.15,6.460
6/12/2020,04:24:06 pm,0,820.84,6.669
6/12/2020,04:54:06 pm,0,820.59,6.912
6/12/2020,05:24:06 pm,0,820.70,7.243
6/12/2020,05:54:06 pm,0,820.72,7.784
6/12/2020,06:24:06 pm,0,820.58,8.327
6/12/2020,06:54:06 pm,0,820.05,8.970
6/12/2020,07:24:06 pm,0,819.82,9.757
6/12/2020,07:54:06 pm,0,819.27,10.574
6/12/2020,08:24:06 pm,0,819.22,11.334
6/12/2020,08:54:06 pm,0,818.89,11.987
6/12/2020,09:24:06 pm,0,818.25,12.039
6/12/2020,09:54:06 pm,0,817.91,11.947
6/12/2020,10:24:06 pm,0,817.21,11.800
6/12/2020,10:54:06 pm,0,817.10,11.673
6/12/2020,11:24:06 pm,0,816.39,11.461
6/12/2020,11:54:06 pm,0,816.29,11.375
6/13/2020,12:24:06 am,0,815.67,11.107
6/13/2020,12:54:06 am,0,814.94,10.826
6/13/2020,01:24:06 am,0,814.86,10.520
6/13/2020,01:54:06 am,0,814.18,10.209
6/13/2020,02:24:06 am,0,814.78,9.837
6/13/2020,02:54:06 am,0,815.43,9.256
6/13/2020,03:24:06 am,0,816.10,8.501
6/13/2020,03:54:06 am,0,817.06,8.127
6/13/2020,04:24:06 am,0,816.83,7.871
6/13/2020,04:54:06 am,0,817.17,7.716
6/13/2020,05:24:06 am,0,817.11,7.447
6/13/2020,05:54:06 am,0,817.48,7.154
6/13/2020,06:24:06 am,0,817.39,6.835
6/13/2020,06:54:06 am,0,817.69,6.535
6/13/2020,07:24:06 am,0,818.62,6.247
6/13/2020,07:54:06 am,0,819.07,5.961
6/13/2020,08:24:06 am,0,819.37,5.699
6/13/2020,08:54:06 am,0,819.69,5.444
6/13/2020,09:24:06 am,0,818.93,5.187
6/13/2020,09:54:06 am,0,818.70,4.938
6/13/2020,10:24:06 am,0,818.78,4.699
6/13/2020,10:54:06 am,0,818.04,4.482
6/13/2020,11:24:06 am,0,817.87,4.254
6/13/2020,11:54:06 am,0,817.90,4.032
6/13/2020,12:24:06 pm,0,817.72,3.810
6/13/2020,12:54:06 pm,0,817.16,3.604
6/13/2020,01:24:06 pm,0,817.13,3.467
6/13/2020,01:54:06 pm,0,817.47,3.374
6/13/2020,02:24:06 pm,0,817.36,3.317
6/13/2020,02:54:06 pm,0,816.92,3.294
6/13/2020,03:24:06 pm,0,816.80,3.363
6/13/2020,03:54:06 pm,0,817.11,3.474
6/13/2020,04:24:06 pm,0,817.04,3.659
6/13/2020,04:54:06 pm,0,816.83,3.852
6/13/2020,05:24:06 pm,0,817.05,4.126
6/13/2020,05:54:06 pm,0,816.97,4.360
6/13/2020,06:24:06 pm,0,817.13,4.587
6/13/2020,06:54:06 pm,0,817.26,4.860
6/13/2020,07:24:06 pm,0,817.07,5.351
6/13/2020,07:54:06 pm,0,817.08,5.685
6/13/2020,08:24:06 pm,0,817.51,6.079
6/13/2020,08:54:06 pm,0,817.96,6.450
6/13/2020,09:24:06 pm,0,818.09,6.934
6/13/2020,09:54:06 pm,0,818.52,7.298
6/13/2020,10:24:06 pm,0,818.42,7.336
6/13/2020,10:54:06 pm,0,818.72,7.422
6/13/2020,11:24:06 pm,0,818.21,7.357
6/13/2020,11:54:06 pm,0,818.70,7.444
6/14/2020,12:24:06 am,0,818.45,7.491
6/14/2020,12:54:06 am,0,818.59,7.505
6/14/2020,01:24:06 am,0,818.35,7.457
6/14/2020,01:54:06 am,0,818.54,7.364
6/14/2020,02:24:06 am,0,818.66,7.274
6/14/2020,02:54:06 am,0,818.48,7.156
6/14/2020,03:24:06 am,0,818.28,7.016
6/14/2020,03:54:06 am,0,818.40,6.829
6/14/2020,04:24:06 am,0,818.65,6.622
6/14/2020,04:54:06 am,0,818.59,6.395
6/14/2020,05:24:06 am,0,818.59,6.162
6/14/2020,05:54:06 am,0,818.57,5.921
6/14/2020,06:24:06 am,0,818.24,5.695
6/14/2020,06:54:06 am,0,818.18,5.483
6/14/2020,07:24:06 am,0,818.12,5.306
6/14/2020,07:54:06 am,0,818.15,5.146
6/14/2020,08:24:06 am,0,817.91,4.995
6/14/2020,08:54:06 am,0,818.15,4.850
6/14/2020,09:24:06 am,0,818.02,4.720
6/14/2020,09:54:06 am,0,817.77,4.585
6/14/2020,10:24:06 am,0,817.63,4.451
6/14/2020,10:54:06 am,0,817.95,4.310
6/14/2020,11:24:06 am,0,817.89,4.164
6/14/2020,11:54:06 am,0,817.61,4.012
6/14/2020,12:24:06 pm,0,818.16,3.857
6/14/2020,12:54:06 pm,0,818.19,3.697
6/14/2020,01:24:06 pm,0,818.38,3.545
6/14/2020,01:54:06 pm,0,818.25,3.408
6/14/2020,02:24:06 pm,0,818.27,3.306
6/14/2020,02:54:06 pm,0,818.06,3.254
6/14/2020,03:24:06 pm,0,818.14,3.328
6/14/2020,03:54:06 pm,0,818.18,3.509
6/14/2020,04:24:06 pm,0,818.10,3.778
6/14/2020,04:54:06 pm,0,818.28,4.156
6/14/2020,05:24:06 pm,0,818.31,4.648
6/14/2020,05:54:06 pm,0,818.40,5.248
6/14/2020,06:24:06 pm,0,818.56,5.958
6/14/2020,06:54:06 pm,0,818.32,6.807
6/14/2020,07:24:06 pm,0,818.43,7.807
6/14/2020,07:54:06 pm,0,818.39,8.809
6/14/2020,08:24:06 pm,0,818.31,9.764
6/14/2020,08:54:06 pm,0,818.14,10.606
6/14/2020,09:24:06 pm,0,818.14,11.258
6/14/2020,09:54:06 pm,0,818.03,11.710
6/14/2020,10:24:06 pm,0,817.80,11.970
6/14/2020,10:54:06 pm,0,817.87,12.156
6/14/2020,11:24:06 pm,0,817.73,12.220
6/14/2020,11:54:06 pm,0,817.48,12.175
6/15/2020,12:24:06 am,0,817.53,12.043
6/15/2020,12:54:06 am,0,817.43,11.851
6/15/2020,01:24:06 am,0,817.59,11.594
6/15/2020,01:54:06 am,0,817.74,11.324
6/15/2020,02:24:06 am,0,817.85,11.047
6/15/2020,02:54:06 am,0,817.72,10.787
6/15/2020,03:24:06 am,0,817.99,10.508
6/15/2020,03:54:06 am,0,817.97,10.235
6/15/2020,04:24:06 am,0,818.43,9.979
6/15/2020,04:54:06 am,0,818.63,9.729
6/15/2020,05:24:06 am,0,818.93,9.488
6/15/2020,05:54:06 am,0,819.00,9.252
6/15/2020,06:24:06 am,0,819.21,9.030
6/15/2020,06:54:06 am,0,819.35,8.794
6/15/2020,07:24:06 am,0,819.52,8.555
6/15/2020,07:54:06 am,0,819.61,8.299
6/15/2020,08:24:06 am,0,820.04,8.047
6/15/2020,08:54:06 am,0,819.85,7.799
6/15/2020,09:24:06 am,0,819.92,7.573
6/15/2020,09:54:06 am,0,819.86,7.372
6/15/2020,10:24:06 am,0,819.91,7.200
6/15/2020,10:54:06 am,0,820.15,7.040
6/15/2020,11:24:06 am,0,820.17,6.887
6/15/2020,11:54:06 am,0,820.00,6.730
6/15/2020,12:24:06 pm,0,820.12,6.569
6/15/2020,12:54:06 pm,0,820.38,6.414
6/15/2020,01:24:06 pm,0,820.41,6.276
6/15/2020,01:54:06 pm,0,820.68,6.164
6/15/2020,02:24:06 pm,0,820.25,6.103
6/15/2020,02:54:06 pm,0,820.57,6.112
6/15/2020,03:24:06 pm,0,820.26,6.217
6/15/2020,03:54:06 pm,0,820.30,6.398
6/15/2020,04:24:06 pm,0,820.53,6.672
6/15/2020,04:54:06 pm,0,820.63,7.002
6/15/2020,05:24:06 pm,0,820.47,7.380
6/15/2020,05:54:06 pm,0,820.19,7.833
6/15/2020,06:24:06 pm,0,820.49,8.184
6/15/2020,06:54:06 pm,0,820.17,8.842
6/15/2020,07:24:06 pm,0,819.71,9.687
6/15/2020,07:54:06 pm,0,819.43,10.497
6/15/2020,08:24:06 pm,0,819.65,11.340
6/15/2020,08:54:06 pm,0,819.07,12.069
6/15/2020,09:24:06 pm,0,819.06,12.425
6/15/2020,09:54:06 pm,0,818.79,12.636
6/15/2020,10:24:06 pm,0,818.47,12.766
6/15/2020,10:54:06 pm,0,818.17,12.690
6/15/2020,11:24:06 pm,0,818.01,12.687
6/15/2020,11:54:06 pm,0,817.71,12.604
6/16/2020,12:24:06 am,0,817.50,12.397
6/16/2020,12:54:06 am,0,817.07,12.141
6/16/2020,01:24:06 am,0,817.06,11.880
6/16/2020,01:54:06 am,0,817.08,11.611
6/16/2020,02:24:06 am,0,816.86,11.329
6/16/2020,02:54:06 am,0,817.13,11.054
6/16/2020,03:24:06 am,0,817.13,10.778
6/16/2020,03:54:06 am,0,817.04,10.529
6/16/2020,04:24:06 am,0,817.18,10.282
6/16/2020,04:54:06 am,0,817.31,10.045
6/16/2020,05:24:06 am,0,817.48,9.821
6/16/2020,05:54:06 am,0,817.99,9.665
6/16/2020,06:24:06 am,0,817.83,9.539
6/16/2020,06:54:06 am,0,817.88,9.394
6/16/2020,07:24:06 am,0,817.73,9.245
6/16/2020,07:54:06 am,0,818.04,9.079
6/16/2020,08:24:06 am,0,817.44,8.900
6/16/2020,08:54:06 am,0,817.11,8.706
6/16/2020,09:24:06 am,0,817.01,8.503
6/16/2020,09:54:06 am,0,817.06,8.294
6/16/2020,10:24:06 am,0,816.98,8.097
6/16/2020,10:54:06 am,0,817.23,7.926
6/16/2020,11:24:06 am,0,817.20,7.748
6/16/2020,11:54:06 am,0,817.14,7.572
6/16/2020,12:24:06 pm,0,816.88,7.396
6/16/2020,12:54:06 pm,0,817.14,7.230
6/16/2020,01:24:06 pm,0,817.46,7.071
6/16/2020,01:54:06 pm,0,817.30,6.916
6/16/2020,02:24:06 pm,0,817.24,6.786
6/16/2020,02:54:06 pm,0,817.31,6.709
6/16/2020,03:24:06 pm,0,817.42,6.706
6/16/2020,03:54:06 pm,0,817.42,6.783
6/16/2020,04:24:06 pm,0,817.27,6.957
6/16/2020,04:54:06 pm,0,817.25,7.219
6/16/2020,05:24:06 pm,0,817.38,7.626
6/16/2020,05:54:06 pm,0,817.31,8.140
6/16/2020,06:24:06 pm,0,817.59,8.788
6/16/2020,06:54:06 pm,0,817.12,9.558
6/16/2020,07:24:06 pm,0,816.97,10.420
6/16/2020,07:54:06 pm,0,816.86,11.297
6/16/2020,08:24:06 pm,0,816.61,12.101
6/16/2020,08:54:06 pm,0,816.48,12.802
6/16/2020,09:24:06 pm,0,816.36,13.324
6/16/2020,09:54:06 pm,0,815.93,13.622
6/16/2020,10:24:06 pm,0,815.69,13.748
6/16/2020,10:54:06 pm,0,815.68,13.749
6/16/2020,11:24:06 pm,0,815.10,13.633
6/16/2020,11:54:06 pm,0,815.29,13.398
6/17/2020,12:24:06 am,0,815.24,13.096
6/17/2020,12:54:06 am,0,814.97,12.744
6/17/2020,01:24:06 am,0,814.94,12.355
6/17/2020,01:54:06 am,0,815.11,11.950
6/17/2020,02:24:06 am,0,815.42,11.581
6/17/2020,02:54:06 am,0,815.89,11.228
6/17/2020,03:24:06 am,0,815.98,10.879
6/17/2020,03:54:06 am,0,816.47,10.567
6/17/2020,04:24:06 am,0,816.91,10.263
6/17/2020,04:54:06 am,0,817.44,9.962
6/17/2020,05:24:06 am,0,817.50,9.659
6/17/2020,05:54:06 am,0,817.86,9.329
6/17/2020,06:24:06 am,0,817.74,8.976
6/17/2020,06:54:06 am,0,817.72,8.603
6/17/2020,07:24:06 am,0,817.56,8.210
6/17/2020,07:54:06 am,0,817.69,7.813
6/17/2020,08:24:06 am,0,817.45,7.434
6/17/2020,08:54:06 am,0,817.72,7.078
6/17/2020,09:24:06 am,0,817.60,6.761
6/17/2020,09:54:06 am,0,817.51,6.451
6/17/2020,10:24:06 am,0,817.57,6.174
6/17/2020,10:54:06 am,0,817.41,5.908
6/17/2020,11:24:06 am,0,817.48,5.642
6/17/2020,11:54:06 am,0,817.37,5.383
6/17/2020,12:24:06 pm,0,817.51,5.130
6/17/2020,12:54:06 pm,0,817.45,4.879
6/17/2020,01:24:06 pm,0,817.52,4.640
6/17/2020,01:54:06 pm,0,817.61,4.424
6/17/2020,02:24:06 pm,0,817.80,4.252
6/17/2020,02:54:06 pm,0,817.62,4.144
6/17/2020,03:24:06 pm,0,817.81,4.178
6/17/2020,03:54:06 pm,0,817.72,4.345
6/17/2020,04:24:06 pm,0,817.63,4.635
6/17/2020,04:54:06 pm,0,817.57,5.023
6/17/2020,05:24:06 pm,0,817.60,5.558
6/17/2020,05:54:06 pm,0,817.70,6.177
6/17/2020,06:24:06 pm,0,817.50,6.908
6/17/2020,06:54:06 pm,0,817.39,7.773
6/17/2020,07:24:06 pm,0,817.34,8.747
6/17/2020,07:54:06 pm,0,816.92,9.724
6/17/2020,08:24:06 pm,0,816.95,10.674
6/17/2020,08:54:06 pm,0,816.94,11.500
6/17/2020,09:24:06 pm,0,816.91,12.149
6/17/2020,09:54:06 pm,0,816.74,12.585
6/17/2020,10:24:06 pm,0,816.86,12.857
6/17/2020,10:54:06 pm,0,816.85,13.001
6/17/2020,11:24:06 pm,0,816.91,13.022
6/17/2020,11:54:06 pm,0,816.67,12.951
6/18/2020,12:24:06 am,0,816.78,12.817
6/18/2020,12:54:06 am,0,816.40,12.632
6/18/2020,01:24:06 am,0,816.66,12.414
6/18/2020,01:54:06 am,0,816.53,12.170
6/18/2020,02:24:06 am,0,816.72,11.907
6/18/2020,02:54:06 am,0,816.67,11.542
6/18/2020,03:24:06 am,0,816.95,11.175
6/18/2020,03:54:06 am,0,817.12,10.762
6/18/2020,04:24:06 am,0,817.44,10.377
6/18/2020,04:54:06 am,0,817.67,10.035
6/18/2020,05:24:06 am,0,817.85,9.719
6/18/2020,05:54:06 am,0,817.86,9.422
6/18/2020,06:24:06 am,0,818.20,9.153
6/18/2020,06:54:06 am,0,818.44,8.905
6/18/2020,07:24:06 am,0,818.68,8.634
6/18/2020,07:54:06 am,0,818.52,8.375
6/18/2020,08:24:06 am,0,818.48,8.115
6/18/2020,08:54:06 am,0,818.23,7.869
6/18/2020,09:24:06 am,0,818.39,7.643
6/18/2020,09:54:06 am,0,818.54,7.415
6/18/2020,10:24:06 am,0,818.06,7.196
6/18/2020,10:54:06 am,0,818.28,6.972
6/18/2020,11:24:06 am,0,818.15,6.745
6/18/2020,11:54:06 am,0,818.10,6.521
6/18/2020,12:24:06 pm,0,818.05,6.305
6/18/2020,12:54:06 pm,0,818.14,6.099
6/18/2020,01:24:06 pm,0,818.02,5.915
6/18/2020,01:54:06 pm,0,818.05,5.762
6/18/2020,02:24:06 pm,0,818.09,5.656
6/18/2020,02:54:06 pm,0,818.11,5.621
6/18/2020,03:24:06 pm,0,818.00,5.721
6/18/2020,03:54:06 pm,0,818.01,5.917
6/18/2020,04:24:06 pm,0,817.82,6.202
6/18/2020,04:54:06 pm,0,817.79,6.564
6/18/2020,05:24:06 pm,0,817.70,7.060
6/18/2020,05:54:06 pm,0,817.60,7.639
6/18/2020,06:24:06 pm,0,817.52,8.332
6/18/2020,06:54:06 pm,0,817.67,9.133
6/18/2020,07:24:06 pm,0,817.41,10.056
6/18/2020,07:54:06 pm,0,817.13,10.992
6/18/2020,08:24:06 pm,0,816.98,11.892
6/18/2020,08:54:06 pm,0,816.93,12.688
6/18/2020,09:24:06 pm,0,816.71,13.291
6/18/2020,09:54:06 pm,0,816.59,13.722
6/18/2020,10:24:06 pm,0,816.38,13.992
6/18/2020,10:54:06 pm,0,816.24,14.140
6/18/2020,11:24:06 pm,0,816.17,14.126
6/18/2020,11:54:06 pm,0,816.21,13.983
6/19/2020,12:24:06 am,0,815.85,13.825
6/19/2020,12:54:06 am,0,815.67,13.658
6/19/2020,01:24:06 am,0,815.69,13.378
6/19/2020,01:54:06 am,0,815.79,13.085
6/19/2020,02:24:06 am,0,815.85,12.777
6/19/2020,02:54:06 am,0,816.00,12.491
6/19/2020,03:24:06 am,0,816.30,12.191
6/19/2020,03:54:06 am,0,816.48,11.882
6/19/2020,04:24:06 am,0,816.80,11.578
6/19/2020,04:54:06 am,0,817.02,11.286
6/19/2020,05:24:06 am,0,817.30,10.999
6/19/2020,05:54:06 am,0,817.43,10.698
6/19/2020,06:24:06 am,0,817.54,10.400
6/19/2020,06:54:06 am,0,817.58,10.126
6/19/2020,07:24:06 am,0,817.60,9.847
6/19/2020,07:54:06 am,0,817.89,9.575
6/19/2020,08:24:06 am,0,818.03,9.305
6/19/2020,08:54:06 am,0,818.06,9.036
6/19/2020,09:24:06 am,0,818.03,8.765
6/19/2020,09:54:06 am,0,818.12,8.502
6/19/2020,10:24:06 am,0,818.32,8.252
6/19/2020,10:54:06 am,0,818.02,8.020
6/19/2020,11:24:06 am,0,818.15,7.798
6/19/2020,11:54:06 am,0,818.07,7.590
6/19/2020,12:24:06 pm,0,818.19,7.393
6/19/2020,12:54:06 pm,0,818.34,7.204
6/19/2020,01:24:06 pm,0,818.02,7.048
6/19/2020,01:54:06 pm,0,818.09,6.908
6/19/2020,02:24:06 pm,0,817.90,6.819
6/19/2020,02:54:06 pm,0,817.86,6.807
6/19/2020,03:24:06 pm,0,817.67,6.912
6/19/2020,03:54:06 pm,0,817.86,7.141
6/19/2020,04:24:06 pm,0,817.96,7.441
6/19/2020,04:54:06 pm,0,817.91,7.821
6/19/2020,05:24:06 pm,0,818.00,8.309
6/19/2020,05:54:06 pm,0,817.91,8.874
6/19/2020,06:24:06 pm,0,818.13,9.543
6/19/2020,06:54:06 pm,0,818.12,10.315
6/19/2020,07:24:06 pm,0,817.66,11.226
6/19/2020,07:54:06 pm,0,817.73,12.168
6/19/2020,08:24:06 pm,0,817.68,13.059
6/19/2020,08:54:06 pm,0,817.53,13.862
6/19/2020,09:24:06 pm,0,817.37,14.473
6/19/2020,09:54:06 pm,0,817.27,14.866
6/19/2020,10:24:06 pm,0,817.08,15.085
6/19/2020,10:54:06 pm,0,817.15,15.158
6/19/2020,11:24:06 pm,0,816.73,15.093
6/19/2020,11:54:06 pm,0,816.71,14.944
6/20/2020,12:24:06 am,0,816.66,14.757
6/20/2020,12:54:06 am,0,816.48,14.502
6/20/2020,01:24:06 am,0,816.39,14.235
6/20/2020,01:54:06 am,0,816.61,13.915
6/20/2020,02:24:06 am,0,816.74,13.618
6/20/2020,02:54:06 am,0,816.74,13.334
6/20/2020,03:24:06 am,0,817.07,13.058
6/20/2020,03:54:06 am,0,817.34,12.767
6/20/2020,04:24:06 am,0,817.67,12.466
6/20/2020,04:54:06 am,0,818.13,12.178
6/20/2020,05:24:06 am,0,818.36,11.893
6/20/2020,05:54:06 am,0,818.66,11.608
6/20/2020,06:24:06 am,0,818.81,11.343
6/20/2020,06:54:06 am,0,819.11,11.101
6/20/2020,07:24:06 am,0,819.27,10.858
6/20/2020,07:54:06 am,0,819.63,10.631
6/20/2020,08:24:06 am,0,819.63,10.406
6/20/2020,08:54:06 am,0,819.50,10.177
6/20/2020,09:24:06 am,0,819.70,9.950
6/20/2020,09:54:06 am,0,819.71,9.729
6/20/2020,10:24:06 am,0,819.63,9.501
6/20/2020,10:54:06 am,0,819.77,9.277
6/20/2020,11:24:06 am,0,819.68,9.068
6/20/2020,11:54:06 am,0,820.15,8.865
6/20/2020,12:24:06 pm,0,820.07,8.674
6/20/2020,12:54:06 pm,0,820.00,8.495
6/20/2020,01:24:06 pm,0,820.04,8.333
6/20/2020,01:54:06 pm,0,820.15,8.197
6/20/2020,02:24:06 pm,0,820.24,8.096
6/20/2020,02:54:06 pm,0,820.35,8.069
6/20/2020,03:24:06 pm,0,820.23,8.163
6/20/2020,03:54:06 pm,0,820.18,8.371
6/20/2020,04:24:06 pm,0,820.25,8.654
6/20/2020,04:54:06 pm,0,819.96,8.998
6/20/2020,05:24:06 pm,0,820.08,9.479
6/20/2020,05:54:06 pm,0,820.19,10.048
6/20/2020,06:24:06 pm,0,819.90,10.716
6/20/2020,06:54:06 pm,0,820.20,11.486
6/20/2020,07:24:06 pm,0,819.83,12.382
6/20/2020,07:54:06 pm,0,819.70,13.300
6/20/2020,08:24:06 pm,0,819.55,14.175
6/20/2020,08:54:06 pm,0,819.45,14.964
6/20/2020,09:24:06 pm,0,819.40,15.572
6/20/2020,09:54:06 pm,0,819.37,15.933
6/20/2020,10:24:06 pm,0,819.29,16.149
6/20/2020,10:54:06 pm,0,818.89,16.121
6/20/2020,11:24:06 pm,0,818.78,15.996
6/20/2020,11:54:06 pm,0,818.84,15.871
6/21/2020,12:24:06 am,0,818.47,15.634
6/21/2020,12:54:06 am,0,818.14,15.372
6/21/2020,01:24:06 am,0,818.24,15.091
6/21/2020,01:54:06 am,0,818.28,14.813
6/21/2020,02:24:06 am,0,818.40,14.520
6/21/2020,02:54:06 am,0,818.45,14.242
6/21/2020,03:24:06 am,0,818.63,13.949
6/21/2020,03:54:06 am,0,819.02,13.647
6/21/2020,04:24:06 am,0,819.35,13.332
6/21/2020,04:54:06 am,0,819.71,13.024
6/21/2020,05:24:06 am,0,819.85,12.714
6/21/2020,05:54:06 am,0,820.02,12.395
6/21/2020,06:24:06 am,0,820.15,12.097
6/21/2020,06:54:06 am,0,820.20,11.810
6/21/2020,07:24:06 am,0,820.34,11.534
6/21/2020,07:54:06 am,0,820.30,11.270
6/21/2020,08:24:06 am,0,820.42,11.005
6/21/2020,08:54:06 am,0,820.34,10.739
6/21/2020,09:24:06 am,0,820.33,10.478
6/21/2020,09:54:06 am,0,820.21,10.229
6/21/2020,10:24:06 am,0,819.95,9.979
6/21/2020,10:54:06 am,0,820.11,9.741
6/21/2020,11:24:06 am,0,820.30,9.505
6/21/2020,11:54:06 am,0,820.24,9.264
6/21/2020,12:24:06 pm,0,820.16,9.018
6/21/2020,12:54:06 pm,0,820.09,8.794
6/21/2020,01:24:06 pm,0,820.18,8.584
6/21/2020,01:54:06 pm,0,820.10,8.388
6/21/2020,02:24:06 pm,0,820.06,8.256
6/21/2020,02:54:06 pm,0,820.00,8.209
6/21/2020,03:24:06 pm,0,820.07,8.300
6/21/2020,03:54:06 pm,0,819.72,8.490
6/21/2020,04:24:06 pm,0,819.73,8.776
6/21/2020,04:54:06 pm,0,819.48,9.111
6/21/2020,05:24:06 pm,0,819.59,9.597
6/21/2020,05:54:06 pm,0,819.82,10.156
6/21/2020,06:24:06 pm,0,819.97,10.805
6/21/2020,06:54:06 pm,0,819.80,11.545
6/21/2020,07:24:06 pm,0,819.75,12.388
6/21/2020,07:54:06 pm,0,819.60,13.293
6/21/2020,08:24:06 pm,0,819.41,14.184
6/21/2020,08:54:06 pm,0,818.94,14.995
6/21/2020,09:24:06 pm,0,818.89,15.603
6/21/2020,09:54:06 pm,0,818.57,16.016
6/21/2020,10:24:06 pm,0,818.33,16.260
6/21/2020,10:54:06 pm,0,818.10,16.377
6/21/2020,11:24:06 pm,0,817.89,16.352
6/21/2020,11:54:06 pm,0,817.82,16.235
6/22/2020,12:24:06 am,0,817.62,16.064
6/22/2020,12:54:06 am,0,817.25,15.827
6/22/2020,01:24:06 am,0,817.19,15.538
6/22/2020,01:54:06 am,0,817.34,15.249
6/22/2020,02:24:06 am,0,817.46,14.940
6/22/2020,02:54:06 am,0,817.50,14.663
6/22/2020,03:24:06 am,0,817.64,14.425
6/22/2020,03:54:06 am,0,817.79,14.144
6/22/2020,04:24:06 am,0,818.25,13.845
6/22/2020,04:54:06 am,0,818.62,13.542
6/22/2020,05:24:06 am,0,818.93,13.243
6/22/2020,05:54:06 am,0,818.98,12.956
6/22/2020,06:24:06 am,0,819.14,12.675
6/22/2020,06:54:06 am,0,819.30,12.411
6/22/2020,07:24:06 am,0,819.46,12.140
6/22/2020,07:54:06 am,0,819.63,11.897
6/22/2020,08:24:06 am,0,819.58,11.666
6/22/2020,08:54:06 am,0,819.76,11.457
6/22/2020,09:24:06 am,0,819.67,11.255
6/22/2020,09:54:06 am,0,819.40,11.049
6/22/2020,10:24:06 am,0,819.84,10.849
6/22/2020,10:54:06 am,0,819.63,10.660
6/22/2020,11:24:06 am,0,819.93,10.489
6/22/2020,11:54:06 am,0,819.62,10.333
6/22/2020,12:24:06 pm,0,819.93,10.189
6/22/2020,12:54:06 pm,0,819.87,10.065
6/22/2020,01:24:06 pm,0,819.96,9.963
6/22/2020,01:54:06 pm,0,820.34,9.864
6/22/2020,02:24:06 pm,0,820.21,9.782
6/22/2020,02:54:06 pm,0,820.37,9.747
6/22/2020,03:24:06 pm,0,820.45,9.813
6/22/2020,03:54:06 pm,0,820.32,9.982
6/22/2020,04:24:06 pm,0,820.23,10.234
6/22/2020,04:54:06 pm,0,820.11,10.561
6/22/2020,05:24:06 pm,0,820.21,11.035
6/22/2020,05:54:06 pm,0,820.32,11.586
6/22/2020,06:24:06 pm,0,820.21,12.261
6/22/2020,06:54:06 pm,0,819.87,13.027
6/22/2020,07:24:06 pm,0,819.90,13.859
6/22/2020,07:54:06 pm,0,819.74,14.728
6/22/2020,08:24:06 pm,0,819.48,15.592
6/22/2020,08:54:06 pm,0,819.60,16.381
6/22/2020,09:24:06 pm,0,819.43,16.993
6/22/2020,09:54:06 pm,0,819.42,17.384
6/22/2020,10:24:06 pm,0,819.33,17.621
6/22/2020,10:54:06 pm,0,819.03,17.703
6/22/2020,11:24:06 pm,0,819.07,17.708
6/22/2020,11:54:06 pm,0,818.84,17.590
6/23/2020,12:24:06 am,0,818.77,17.413
6/23/2020,12:54:06 am,0,818.58,17.197
6/23/2020,01:24:06 am,0,818.60,16.923
6/23/2020,01:54:06 am,0,818.79,16.656
6/23/2020,02:24:06 am,0,818.92,16.377
6/23/2020,02:54:06 am,0,818.95,16.129
6/23/2020,03:24:06 am,0,819.06,15.880
6/23/2020,03:54:06 am,0,819.27,15.612
6/23/2020,04:24:06 am,0,819.56,15.326
6/23/2020,04:54:06 am,0,819.89,15.030
6/23/2020,05:24:06 am,0,820.17,14.731
6/23/2020,05:54:06 am,0,820.33,14.437
6/23/2020,06:24:06 am,0,820.59,14.150
6/23/2020,06:54:06 am,0,820.66,13.874
6/23/2020,07:24:06 am,0,820.85,13.616
6/23/2020,07:54:06 am,0,820.95,13.371
6/23/2020,08:24:06 am,0,820.74,13.124
6/23/2020,08:54:06 am,0,820.83,12.866
6/23/2020,09:24:06 am,0,820.82,12.607
6/23/2020,09:54:06 am,0,820.80,12.357
6/23/2020,10:24:06 am,0,820.57,12.110
6/23/2020,10:54:06 am,0,820.60,11.875
6/23/2020,11:24:06 am,0,820.74,11.649
6/23/2020,11:54:06 am,0,820.77,11.437
6/23/2020,12:24:06 pm,0,820.84,11.228
6/23/2020,12:54:06 pm,0,820.91,11.044
6/23/2020,01:24:06 pm,0,820.70,10.865
6/23/2020,01:54:06 pm,0,820.54,10.718
6/23/2020,02:24:06 pm,0,820.68,10.624
6/23/2020,02:54:06 pm,0,820.64,10.591
6/23/2020,03:24:06 pm,0,820.67,10.666
6/23/2020,03:54:06 pm,0,820.66,10.841
6/23/2020,04:24:06 pm,0,820.58,11.075
6/23/2020,04:54:06 pm,0,820.54,11.406
6/23/2020,05:24:06 pm,0,820.28,11.851
6/23/2020,05:54:06 pm,0,820.33,12.387
6/23/2020,06:24:06 pm,0,820.11,13.010
6/23/2020,06:54:06 pm,0,820.05,13.731
6/23/2020,07:24:06 pm,0,819.66,14.591
6/23/2020,07:54:06 pm,0,819.44,15.323
6/23/2020,08:24:06 pm,0,819.23,16.300
6/23/2020,08:54:06 pm,0,818.80,16.854
6/23/2020,09:24:06 pm,0,818.49,17.227
6/23/2020,09:54:06 pm,0,818.45,17.581
6/23/2020,10:24:06 pm,0,818.17,17.742
6/23/2020,10:54:06 pm,0,818.32,17.726
6/23/2020,11:24:06 pm,0,818.54,17.413
6/23/2020,11:54:06 pm,0,818.31,17.055
6/24/2020,12:24:06 am,0,818.13,16.764
6/24/2020,12:54:06 am,0,817.98,16.410
6/24/2020,01:24:06 am,0,818.01,16.106
6/24/2020,01:54:06 am,0,818.24,15.874
6/24/2020,02:24:06 am,0,818.27,15.626
6/24/2020,02:54:06 am,0,818.46,15.359
6/24/2020,03:24:06 am,0,818.66,15.125
6/24/2020,03:54:06 am,0,818.64,14.849
6/24/2020,04:24:06 am,0,818.81,14.562
6/24/2020,04:54:06 am,0,819.42,14.257
6/24/2020,05:24:06 am,0,819.53,13.954
6/24/2020,05:54:06 am,0,819.77,13.662
6/24/2020,06:24:06 am,0,819.82,13.381
6/24/2020,06:54:06 am,0,820.04,13.119
6/24/2020,07:24:06 am,0,819.87,12.866
6/24/2020,07:54:06 am,0,819.83,12.624
6/24/2020,08:24:06 am,0,819.71,12.390
6/24/2020,08:54:06 am,0,819.45,12.163
6/24/2020,09:24:06 am,0,819.00,11.945
6/24/2020,09:54:06 am,0,818.95,11.735
6/24/2020,10:24:06 am,0,818.78,11.531
6/24/2020,10:54:06 am,0,818.51,11.334
6/24/2020,11:24:06 am,0,818.40,11.136
6/24/2020,11:54:06 am,0,818.44,10.946
6/24/2020,12:24:06 pm,0,818.29,10.761
6/24/2020,12:54:06 pm,0,818.33,10.592
6/24/2020,01:24:06 pm,0,818.27,10.425
6/24/2020,01:54:06 pm,0,818.21,10.291
6/24/2020,02:24:06 pm,0,818.10,10.252
6/24/2020,02:54:06 pm,0,818.04,10.249
6/24/2020,03:24:06 pm,0,817.83,10.338
6/24/2020,03:54:06 pm,0,817.81,10.536
6/24/2020,04:24:06 pm,0,817.74,10.823
6/24/2020,04:54:06 pm,0,817.35,11.143
6/24/2020,05:24:06 pm,0,817.27,11.563
6/24/2020,05:54:06 pm,0,817.28,12.096
6/24/2020,06:24:06 pm,0,816.86,12.731
6/24/2020,06:54:06 pm,0,816.82,13.403
6/24/2020,07:24:06 pm,0,816.40,14.333
6/24/2020,07:54:06 pm,0,816.31,15.289
6/24/2020,08:24:06 pm,0,816.28,16.166
6/24/2020,08:54:06 pm,0,816.30,16.848
6/24/2020,09:24:06 pm,0,815.87,17.432
6/24/2020,09:54:06 pm,0,815.49,17.812
6/24/2020,10:24:06 pm,0,815.06,17.945
6/24/2020,10:54:06 pm,0,814.65,17.952
6/24/2020,11:24:06 pm,0,814.29,17.896
6/24/2020,11:54:06 pm,0,813.94,17.725
6/25/2020,12:24:06 am,0,814.07,17.501
6/25/2020,12:54:06 am,0,814.05,17.222
6/25/2020,01:24:06 am,0,814.07,16.939
6/25/2020,01:54:06 am,0,814.03,16.627
6/25/2020,02:24:06 am,0,814.25,16.301
6/25/2020,02:54:06 am,0,814.39,16.013
6/25/2020,03:24:06 am,0,814.31,15.740
6/25/2020,03:54:06 am,0,814.51,15.449
6/25/2020,04:24:06 am,0,814.99,15.135
6/25/2020,04:54:06 am,0,815.37,14.830
6/25/2020,05:24:06 am,0,815.60,14.528
6/25/2020,05:54:06 am,0,815.35,14.222
6/25/2020,06:24:06 am,0,815.31,13.928
6/25/2020,06:54:06 am,0,815.42,13.652
6/25/2020,07:24:06 am,0,815.34,13.385
6/25/2020,07:54:06 am,0,815.50,13.119
6/25/2020,08:24:06 am,0,815.52,12.857
6/25/2020,08:54:06 am,0,815.57,12.607
6/25/2020,09:24:06 am,0,815.34,12.370
6/25/2020,09:54:06 am,0,815.26,12.130
6/25/2020,10:24:06 am,0,815.21,11.892
6/25/2020,10:54:06 am,0,815.29,11.661
6/25/2020,11:24:06 am,0,815.26,11.442
6/25/2020,11:54:06 am,0,815.42,11.211
6/25/2020,12:24:06 pm,0,815.49,10.998
6/25/2020,12:54:06 pm,0,815.62,10.786
6/25/2020,01:24:06 pm,0,815.87,10.578
6/25/2020,01:54:06 pm,0,815.80,10.386
6/25/2020,02:24:06 pm,0,815.54,10.242
6/25/2020,02:54:06 pm,0,815.57,10.183
6/25/2020,03:24:06 pm,0,815.48,10.275
6/25/2020,03:54:06 pm,0,815.61,10.445
6/25/2020,04:24:06 pm,0,815.42,10.708
6/25/2020,04:54:06 pm,0,815.13,11.024
6/25/2020,05:24:06 pm,0,815.07,11.492
6/25/2020,05:54:06 pm,0,815.21,11.934
6/25/2020,06:24:06 pm,0,815.08,12.555
6/25/2020,06:54:06 pm,0,815.01,13.243
6/25/2020,07:24:06 pm,0,814.84,14.094
6/25/2020,07:54:06 pm,0,814.55,14.989
6/25/2020,08:24:06 pm,0,814.24,15.825
6/25/2020,08:54:06 pm,0,814.21,16.204
6/25/2020,09:24:06 pm,0,814.05,16.084
6/25/2020,09:54:06 pm,0,814.29,16.045
6/25/2020,10:24:06 pm,0,814.82,15.760
6/25/2020,10:54:06 pm,0,815.13,15.451
6/25/2020,11:24:06 pm,0,815.50,15.076
6/25/2020,11:54:06 pm,0,816.41,14.723
6/26/2020,12:24:06 am,0,816.02,14.383
6/26/2020,12:54:06 am,0,815.99,14.131
6/26/2020,01:24:06 am,0,816.23,13.875
6/26/2020,01:54:06 am,0,816.18,13.584
6/26/2020,02:24:06 am,0,816.03,13.347
6/26/2020,02:54:06 am,0,815.82,13.170
6/26/2020,03:24:06 am,0,815.57,12.978
6/26/2020,03:54:06 am,0,815.47,12.778
6/26/2020,04:24:06 am,0,816.42,12.589
6/26/2020,04:54:06 am,0,817.34,12.428
6/26/2020,05:24:06 am,0,817.70,12.303
6/26/2020,05:54:06 am,0,816.61,12.172
6/26/2020,06:24:06 am,0,816.65,12.054
6/26/2020,06:54:06 am,0,816.23,11.947
6/26/2020,07:24:06 am,0,816.26,11.818
6/26/2020,07:54:06 am,0,816.34,11.645
6/26/2020,08:24:06 am,0,816.03,11.452
6/26/2020,08:54:06 am,0,815.96,11.249
6/26/2020,09:24:06 am,0,815.72,11.050
6/26/2020,09:54:06 am,0,816.17,10.837
6/26/2020,10:24:06 am,0,816.21,10.638
6/26/2020,10:54:06 am,0,816.53,10.456
6/26/2020,11:24:06 am,0,816.45,10.271
6/26/2020,11:54:06 am,0,816.59,10.094
6/26/2020,12:24:06 pm,0,816.74,9.919
6/26/2020,12:54:06 pm,0,816.87,9.762
6/26/2020,01:24:06 pm,0,817.14,9.628
6/26/2020,01:54:06 pm,0,817.07,9.519
6/26/2020,02:24:06 pm,0,817.15,9.463
6/26/2020,02:54:06 pm,0,817.14,9.460
6/26/2020,03:24:06 pm,0,817.28,9.542
6/26/2020,03:54:06 pm,0,817.28,9.707
6/26/2020,04:24:06 pm,0,817.41,9.942
6/26/2020,04:54:06 pm,0,817.42,10.272
6/26/2020,05:24:06 pm,0,817.16,10.713
6/26/2020,05:54:06 pm,0,817.38,11.265
6/26/2020,06:24:06 pm,0,817.45,11.906
6/26/2020,06:54:06 pm,0,817.42,12.639
6/26/2020,07:24:06 pm,0,817.18,13.425
6/26/2020,07:54:06 pm,0,816.94,14.176
6/26/2020,08:24:06 pm,0,816.87,15.063
6/26/2020,08:54:06 pm,0,816.81,15.907
6/26/2020,09:24:06 pm,0,816.60,16.455
6/26/2020,09:54:06 pm,0,816.53,16.802
6/26/2020,10:24:06 pm,0,816.30,16.749
6/26/2020,10:54:06 pm,0,816.04,16.811
6/26/2020,11:24:06 pm,0,815.72,16.860
6/26/2020,11:54:06 pm,0,815.66,16.635
6/27/2020,12:24:06 am,0,815.52,16.391
6/27/2020,12:54:06 am,0,815.34,16.247
6/27/2020,01:24:06 am,0,815.43,16.087
6/27/2020,01:54:06 am,0,815.60,15.859
6/27/2020,02:24:06 am,0,815.73,15.640
6/27/2020,02:54:06 am,0,815.75,15.427
6/27/2020,03:24:06 am,0,815.92,15.229
6/27/2020,03:54:06 am,0,816.05,15.025
6/27/2020,04:24:06 am,0,816.37,14.785
6/27/2020,04:54:06 am,0,816.71,14.526
6/27/2020,05:24:06 am,0,816.82,14.262
6/27/2020,05:54:06 am,0,816.82,13.998
6/27/2020,06:24:06 am,0,816.88,13.735
6/27/2020,06:54:06 am,0,816.75,13.470
6/27/2020,07:24:06 am,0,816.64,13.219
6/27/2020,07:54:06 am,0,816.88,12.968
6/27/2020,08:24:06 am,0,816.78,12.721
6/27/2020,08:54:06 am,0,816.59,12.471
6/27/2020,09:24:06 am,0,816.70,12.210
6/27/2020,09:54:06 am,0,816.53,11.938
6/27/2020,10:24:06 am,0,816.47,11.658
6/27/2020,10:54:06 am,0,816.51,11.376
6/27/2020,11:24:06 am,0,816.50,11.094
6/27/2020,11:54:06 am,0,816.54,10.810
6/27/2020,12:24:06 pm,0,816.59,10.547
6/27/2020,12:54:06 pm,0,816.60,10.305
6/27/2020,01:24:06 pm,0,816.76,10.083
6/27/2020,01:54:06 pm,0,816.72,9.889
6/27/2020,02:24:06 pm,0,816.68,9.746
6/27/2020,02:54:06 pm,0,816.69,9.675
6/27/2020,03:24:06 pm,0,816.61,9.721
6/27/2020,03:54:06 pm,0,816.56,9.897
6/27/2020,04:24:06 pm,0,816.56,10.194
6/27/2020,04:54:06 pm,0,816.56,10.537
6/27/2020,05:24:06 pm,0,816.33,11.035
6/27/2020,05:54:06 pm,0,816.20,11.607
6/27/2020,06:24:06 pm,0,816.11,12.264
6/27/2020,06:54:06 pm,0,816.05,12.981
6/27/2020,07:24:06 pm,0,815.87,13.813
6/27/2020,07:54:06 pm,0,815.65,14.711
6/27/2020,08:24:06 pm,0,815.56,15.590
6/27/2020,08:54:06 pm,0,815.12,16.305
6/27/2020,09:24:06 pm,0,814.78,16.960
6/27/2020,09:54:06 pm,0,814.61,17.424
6/27/2020,10:24:06 pm,0,814.22,17.717
6/27/2020,10:54:06 pm,0,813.94,17.773
6/27/2020,11:24:06 pm,0,813.81,17.718
6/27/2020,11:54:06 pm,0,813.55,17.601
6/28/2020,12:24:06 am,0,813.28,17.454
6/28/2020,12:54:06 am,0,812.94,17.203
6/28/2020,01:24:06 am,0,812.79,16.824
6/28/2020,01:54:06 am,0,812.62,16.397
6/28/2020,02:24:06 am,0,812.25,16.016
6/28/2020,02:54:06 am,0,811.90,15.672
6/28/2020,03:24:06 am,0,811.93,15.357
6/28/2020,03:54:06 am,0,811.67,15.054
6/28/2020,04:24:06 am,0,811.56,14.765
6/28/2020,04:54:06 am,0,811.49,14.493
6/28/2020,05:24:06 am,0,811.23,14.222
6/28/2020,05:54:06 am,0,810.96,13.941
6/28/2020,06:24:06 am,0,810.80,13.656
6/28/2020,06:54:06 am,0,810.66,13.381
6/28/2020,07:24:06 am,0,810.47,13.131
6/28/2020,07:54:06 am,0,810.09,12.877
6/28/2020,08:24:06 am,0,809.96,12.626
6/28/2020,08:54:06 am,0,809.36,12.371
6/28/2020,09:24:06 am,0,809.16,12.114
6/28/2020,09:54:06 am,0,809.17,11.889
6/28/2020,10:24:06 am,0,809.17,11.689
6/28/2020,10:54:06 am,0,808.80,11.494
6/28/2020,11:24:06 am,0,808.74,11.317
6/28/2020,11:54:06 am,0,808.69,11.125
6/28/2020,12:24:06 pm,0,808.40,10.965
6/28/2020,12:54:06 pm,0,808.21,10.789
6/28/2020,01:24:06 pm,0,808.25,10.608
6/28/2020,01:54:06 pm,0,808.11,10.434
6/28/2020,02:24:06 pm,0,807.92,10.311
6/28/2020,02:54:06 pm,0,807.81,10.219
6/28/2020,03:24:06 pm,0,807.56,10.132
6/28/2020,03:54:06 pm,0,807.32,10.159
6/28/2020,04:24:06 pm,0,807.27,10.302
6/28/2020,04:54:06 pm,0,806.69,10.508
6/28/2020,05:24:06 pm,0,806.52,10.772
6/28/2020,05:54:06 pm,0,806.54,11.098
6/28/2020,06:24:06 pm,0,806.51,11.516
6/28/2020,06:54:06 pm,0,806.03,12.018
6/28/2020,07:24:06 pm,0,805.69,12.677
6/28/2020,07:54:06 pm,0,805.52,13.382
6/28/2020,08:24:06 pm,0,805.54,14.050
6/28/2020,08:54:06 pm,0,805.46,14.680
6/28/2020,09:24:06 pm,0,804.94,15.212
6/28/2020,09:54:06 pm,0,804.69,15.524
6/28/2020,10:24:06 pm,0,804.39,15.641
6/28/2020,10:54:06 pm,0,804.39,15.598
6/28/2020,11:24:06 pm,0,803.87,15.442
6/28/2020,11:54:06 pm,0,803.48,15.209
6/29/2020,12:24:06 am,0,803.25,14.882
6/29/2020,12:54:06 am,0,802.81,14.512
6/29/2020,01:24:06 am,0,802.50,14.117
6/29/2020,01:54:06 am,0,802.74,13.691
6/29/2020,02:24:06 am,0,802.31,13.253
6/29/2020,02:54:06 am,0,802.52,12.843
6/29/2020,03:24:06 am,0,802.70,12.484
6/29/2020,03:54:06 am,0,802.60,12.169
6/29/2020,04:24:06 am,0,802.75,11.864
6/29/2020,04:54:06 am,0,803.01,11.566
6/29/2020,05:24:06 am,0,802.97,11.276
6/29/2020,05:54:06 am,0,802.99,10.987
6/29/2020,06:24:06 am,0,802.90,10.686
6/29/2020,06:54:06 am,0,802.95,10.380
6/29/2020,07:24:06 am,0,802.98,10.076
6/29/2020,07:54:06 am,0,802.99,9.773
6/29/2020,08:24:06 am,0,803.07,9.476
6/29/2020,08:54:06 am,0,803.15,9.186
6/29/2020,09:24:06 am,0,803.05,8.893
6/29/2020,09:54:06 am,0,803.20,8.618
6/29/2020,10:24:06 am,0,803.38,8.341
6/29/2020,10:54:06 am,0,803.43,8.072
6/29/2020,11:24:06 am,0,803.34,7.821
6/29/2020,11:54:06 am,0,803.70,7.577
6/29/2020,12:24:06 pm,0,803.93,7.347
6/29/2020,12:54:06 pm,0,804.12,7.127
6/29/2020,01:24:06 pm,0,804.47,6.927
6/29/2020,01:54:06 pm,0,804.89,6.745
6/29/2020,02:24:06 pm,0,805.04,6.592
6/29/2020,02:54:06 pm,0,805.49,6.488
6/29/2020,03:24:06 pm,0,805.75,6.466
6/29/2020,03:54:06 pm,0,805.72,6.522
6/29/2020,04:24:06 pm,0,805.95,6.677
6/29/2020,04:54:06 pm,0,805.91,6.929
6/29/2020,05:24:06 pm,0,805.99,7.314
6/29/2020,05:54:06 pm,0,806.11,7.817
6/29/2020,06:24:06 pm,0,806.34,8.439
6/29/2020,06:54:06 pm,0,806.38,9.108
6/29/2020,07:24:06 pm,0,806.38,9.912
6/29/2020,07:54:06 pm,0,806.53,10.778
6/29/2020,08:24:06 pm,0,806.70,11.630
6/29/2020,08:54:06 pm,0,806.77,12.429
6/29/2020,09:24:06 pm,0,806.74,13.121
6/29/2020,09:54:06 pm,0,806.72,13.642
6/29/2020,10:24:06 pm,0,806.70,13.997
6/29/2020,10:54:06 pm,0,806.81,14.183
6/29/2020,11:24:06 pm,0,806.86,14.262
6/29/2020,11:54:06 pm,0,807.10,14.216
6/30/2020,12:24:06 am,0,807.35,14.083
6/30/2020,12:54:06 am,0,807.50,13.836
6/30/2020,01:24:06 am,0,807.64,13.569
6/30/2020,01:54:06 am,0,808.01,13.275
6/30/2020,02:24:06 am,0,808.29,12.961
6/30/2020,02:54:06 am,0,808.39,12.669
6/30/2020,03:24:06 am,0,808.55,12.404
6/30/2020,03:54:06 am,0,808.92,12.180
6/30/2020,04:24:06 am,0,809.24,11.927
6/30/2020,04:54:06 am,0,809.54,11.655
6/30/2020,05:24:06 am,0,809.65,11.367
6/30/2020,05:54:06 am,0,809.86,11.074
6/30/2020,06:24:06 am,0,809.94,10.770
6/30/2020,06:54:06 am,0,809.85,10.472
6/30/2020,07:24:06 am,0,809.90,10.193
6/30/2020,07:54:06 am,0,809.91,9.917
6/30/2020,08:24:06 am,0,809.87,9.643
6/30/2020,08:54:06 am,0,810.04,9.370
6/30/2020,09:24:06 am,0,810.04,9.103
6/30/2020,09:54:06 am,0,809.92,8.844
6/30/2020,10:24:06 am,0,809.84,8.590
6/30/2020,10:54:06 am,0,809.97,8.354
6/30/2020,11:24:06 am,0,810.18,8.119
6/30/2020,11:54:06 am,0,810.10,7.897
6/30/2020,12:24:06 pm,0,810.40,7.681
6/30/2020,12:54:06 pm,0,810.65,7.480
6/30/2020,01:24:06 pm,0,810.96,7.296
6/30/2020,01:54:06 pm,0,810.95,7.136
6/30/2020,02:24:06 pm,0,810.98,7.003
6/30/2020,02:54:06 pm,0,811.05,6.925
6/30/2020,03:24:06 pm,0,810.96,6.941
6/30/2020,03:54:06 pm,0,810.94,7.059
6/30/2020,04:24:06 pm,0,811.02,7.272
6/30/2020,04:54:06 pm,0,810.91,7.571
6/30/2020,05:24:06 pm,0,811.06,7.997
6/30/2020,05:54:06 pm,0,811.12,8.535
6/30/2020,06:24:06 pm,0,811.02,9.193
6/30/2020,06:54:06 pm,0,810.86,9.906
6/30/2020,07:24:06 pm,0,810.73,10.708
6/30/2020,07:54:06 pm,0,810.58,11.578
6/30/2020,08:24:06 pm,0,810.61,12.421
6/30/2020,08:54:06 pm,0,810.50,13.220
6/30/2020,09:24:06 pm,0,810.20,13.936
6/30/2020,09:54:06 pm,0,810.05,14.474
6/30/2020,10:24:06 pm,0,809.98,14.839
6/30/2020,10:54:06 pm,0,809.93,14.792
6/30/2020,11:24:06 pm,0,809.92,14.602
6/30/2020,11:54:06 pm,0,809.72,14.395
7/1/2020,12:24:06 am,0,809.61,14.240
7/1/2020,12:54:06 am,0,809.50,14.088
7/1/2020,01:24:06 am,0,809.35,13.908
7/1/2020,01:54:06 am,0,809.21,13.656
7/1/2020,02:24:06 am,0,809.15,13.382
7/1/2020,02:54:06 am,0,809.11,13.109
7/1/2020,03:24:06 am,0,809.09,12.841
7/1/2020,03:54:06 am,0,809.20,12.596
7/1/2020,04:24:06 am,0,809.34,12.349
7/1/2020,04:54:06 am,0,809.27,12.099
7/1/2020,05:24:06 am,0,809.09,11.838
7/1/2020,05:54:06 am,0,808.83,11.568
7/1/2020,06:24:06 am,0,808.81,11.292
7/1/2020,06:54:06 am,0,808.75,11.023
7/1/2020,07:24:06 am,0,808.79,10.758
7/1/2020,07:54:06 am,0,808.62,10.505
7/1/2020,08:24:06 am,0,808.67,10.263
7/1/2020,08:54:06 am,0,808.50,10.021
7/1/2020,09:24:06 am,0,808.39,9.785
7/1/2020,09:54:06 am,0,808.30,9.565
7/1/2020,10:24:06 am,0,808.23,9.349
7/1/2020,10:54:06 am,0,808.19,9.140
7/1/2020,11:24:06 am,0,808.06,8.942
7/1/2020,11:54:06 am,0,808.11,8.751
7/1/2020,12:24:06 pm,0,808.20,8.569
7/1/2020,12:54:06 pm,0,808.13,8.397
7/1/2020,01:24:06 pm,0,808.12,8.222
7/1/2020,01:54:06 pm,0,808.20,8.063
7/1/2020,02:24:06 pm,0,808.27,7.936
7/1/2020,02:54:06 pm,0,808.33,7.855
7/1/2020,03:24:06 pm,0,808.38,7.864
7/1/2020,03:54:06 pm,0,808.48,7.993
7/1/2020,04:24:06 pm,0,808.50,8.220
7/1/2020,04:54:06 pm,0,808.21,8.521
7/1/2020,05:24:06 pm,0,808.32,8.951
7/1/2020,05:54:06 pm,0,808.38,9.494
7/1/2020,06:24:06 pm,0,808.28,10.149
7/1/2020,06:54:06 pm,0,808.27,10.867
7/1/2020,07:24:06 pm,0,808.13,11.684
7/1/2020,07:54:06 pm,0,808.23,12.546
7/1/2020,08:24:06 pm,0,808.19,13.381
7/1/2020,08:54:06 pm,0,808.02,14.160
7/1/2020,09:24:06 pm,0,807.99,14.868
7/1/2020,09:54:06 pm,0,807.94,15.374
7/1/2020,10:24:06 pm,0,807.75,15.750
7/1/2020,10:54:06 pm,0,807.64,15.948
7/1/2020,11:24:06 pm,0,807.47,16.003
7/1/2020,11:54:06 pm,0,807.43,15.905
7/2/2020,12:24:06 am,0,807.51,15.691
7/2/2020,12:54:06 am,0,807.31,15.456
7/2/2020,01:24:06 am,0,807.32,15.182
7/2/2020,01:54:06 am,0,807.36,14.892
7/2/2020,02:24:06 am,0,807.40,14.591
7/2/2020,02:54:06 am,0,807.40,14.296
7/2/2020,03:24:06 am,0,807.52,14.014
7/2/2020,03:54:06 am,0,807.54,13.746
7/2/2020,04:24:06 am,0,807.65,13.468
7/2/2020,04:54:06 am,0,807.89,13.181
7/2/2020,05:24:06 am,0,807.87,12.903
7/2/2020,05:54:06 am,0,807.87,12.609
7/2/2020,06:24:06 am,0,807.94,12.318
7/2/2020,06:54:06 am,0,807.87,12.025
7/2/2020,07:24:06 am,0,807.83,11.740
7/2/2020,07:54:06 am,0,807.93,11.467
7/2/2020,08:24:06 am,0,807.75,11.202
7/2/2020,08:54:06 am,0,807.67,10.939
7/2/2020,09:24:06 am,0,807.58,10.681
7/2/2020,09:54:06 am,0,807.51,10.425
7/2/2020,10:24:06 am,0,807.65,10.182
7/2/2020,10:54:06 am,0,807.65,9.944
7/2/2020,11:24:06 am,0,807.69,9.706
7/2/2020,11:54:06 am,0,807.84,9.478
7/2/2020,12:24:06 pm,0,807.90,9.256
7/2/2020,12:54:06 pm,0,808.10,9.046
7/2/2020,01:24:06 pm,0,808.13,8.850
7/2/2020,01:54:06 pm,0,808.34,8.671
7/2/2020,02:24:06 pm,0,808.49,8.520
7/2/2020,02:54:06 pm,0,808.54,8.422
7/2/2020,03:24:06 pm,0,808.58,8.408
7/2/2020,03:54:06 pm,0,808.74,8.511
7/2/2020,04:24:06 pm,0,808.65,8.722
7/2/2020,04:54:06 pm,0,808.75,9.006
7/2/2020,05:24:06 pm,0,808.80,9.414
7/2/2020,05:54:06 pm,0,808.85,9.951
7/2/2020,06:24:06 pm,0,808.89,10.607
7/2/2020,06:54:06 pm,0,808.86,11.333
7/2/2020,07:24:06 pm,0,808.82,12.144
7/2/2020,07:54:06 pm,0,808.93,12.987
7/2/2020,08:24:06 pm,0,808.97,13.812
7/2/2020,08:54:06 pm,0,808.99,14.623
7/2/2020,09:24:06 pm,0,809.01,15.294
7/2/2020,09:54:06 pm,0,809.00,15.835
7/2/2020,10:24:06 pm,0,809.16,16.238
7/2/2020,10:54:06 pm,0,809.19,16.432
7/2/2020,11:24:06 pm,0,809.22,16.479
7/2/2020,11:54:06 pm,0,809.11,16.371
7/3/2020,12:24:06 am,0,808.98,16.139
7/3/2020,12:54:06 am,0,808.93,15.881
7/3/2020,01:24:06 am,0,808.93,15.561
7/3/2020,01:54:06 am,0,809.04,15.237
7/3/2020,02:24:06 am,0,809.00,14.919
7/3/2020,02:54:06 am,0,809.09,14.601
7/3/2020,03:24:06 am,0,809.17,14.294
7/3/2020,03:54:06 am,0,809.26,14.016
7/3/2020,04:24:06 am,0,809.47,13.740
7/3/2020,04:54:06 am,0,809.84,13.454
7/3/2020,05:24:06 am,0,809.96,13.163
7/3/2020,05:54:06 am,0,810.04,12.847
7/3/2020,06:24:06 am,0,809.96,12.539
7/3/2020,06:54:06 am,0,809.96,12.224
7/3/2020,07:24:06 am,0,809.93,11.904
7/3/2020,07:54:06 am,0,809.83,11.590
7/3/2020,08:24:06 am,0,809.91,11.270
7/3/2020,08:54:06 am,0,809.86,10.958
7/3/2020,09:24:06 am,0,809.97,10.652
7/3/2020,09:54:06 am,0,809.98,10.352
7/3/2020,10:24:06 am,0,810.05,10.079
7/3/2020,10:54:06 am,0,810.30,9.803
7/3/2020,11:24:06 am,0,810.43,9.536
7/3/2020,11:54:06 am,0,810.65,9.277
7/3/2020,12:24:06 pm,0,810.90,9.040
7/3/2020,12:54:06 pm,0,811.13,8.793
7/3/2020,01:24:06 pm,0,811.33,8.566
7/3/2020,01:54:06 pm,0,811.54,8.362
7/3/2020,02:24:06 pm,0,811.67,8.195
7/3/2020,02:54:06 pm,0,811.82,8.078
7/3/2020,03:24:06 pm,0,811.87,8.039
7/3/2020,03:54:06 pm,0,811.95,8.123
7/3/2020,04:24:06 pm,0,811.99,8.319
7/3/2020,04:54:06 pm,0,812.07,8.598
7/3/2020,05:24:06 pm,0,812.25,9.013
7/3/2020,05:54:06 pm,0,812.30,9.553
7/3/2020,06:24:06 pm,0,812.30,10.205
7/3/2020,06:54:06 pm,0,812.39,10.915
7/3/2020,07:24:06 pm,0,812.50,11.719
7/3/2020,07:54:06 pm,0,812.47,12.549
7/3/2020,08:24:06 pm,0,812.56,13.315
7/3/2020,08:54:06 pm,0,812.70,14.101
7/3/2020,09:24:06 pm,0,812.59,14.759
7/3/2020,09:54:06 pm,0,812.52,15.265
7/3/2020,10:24:06 pm,0,812.46,15.614
7/3/2020,10:54:06 pm,0,812.39,15.801
7/3/2020,11:24:06 pm,0,812.24,15.864
7/3/2020,11:54:06 pm,0,812.14,15.801
7/4/2020,12:24:06 am,0,812.09,15.630
7/4/2020,12:54:06 am,0,811.92,15.402
7/4/2020,01:24:06 am,0,811.94,15.117
7/4/2020,01:54:06 am,0,811.93,14.848
7/4/2020,02:24:06 am,0,812.07,14.575
7/4/2020,02:54:06 am,0,812.08,14.296
7/4/2020,03:24:06 am,0,812.22,14.018
7/4/2020,03:54:06 am,0,812.38,13.755
7/4/2020,04:24:06 am,0,812.47,13.491
7/4/2020,04:54:06 am,0,812.72,13.223
7/4/2020,05:24:06 am,0,812.84,12.949
7/4/2020,05:54:06 am,0,812.84,12.663
7/4/2020,06:24:06 am,0,812.82,12.358
7/4/2020,06:54:06 am,0,812.73,12.053
7/4/2020,07:24:06 am,0,812.64,11.764
7/4/2020,07:54:06 am,0,812.64,11.457
7/4/2020,08:24:06 am,0,812.61,11.153
7/4/2020,08:54:06 am,0,812.63,10.843
7/4/2020,09:24:06 am,0,812.54,10.559
7/4/2020,09:54:06 am,0,812.49,10.262
7/4/2020,10:24:06 am,0,812.53,9.980
7/4/2020,10:54:06 am,0,812.61,9.703
7/4/2020,11:24:06 am,0,812.54,9.435
7/4/2020,11:54:06 am,0,812.81,9.163
7/4/2020,12:24:06 pm,0,812.90,8.899
7/4/2020,12:54:06 pm,0,813.01,8.647
7/4/2020,01:24:06 pm,0,813.13,8.391
7/4/2020,01:54:06 pm,0,813.30,8.171
7/4/2020,02:24:06 pm,0,813.34,7.972
7/4/2020,02:54:06 pm,0,813.44,7.832
7/4/2020,03:24:06 pm,0,813.46,7.777
7/4/2020,03:54:06 pm,0,813.53,7.842
7/4/2020,04:24:06 pm,0,813.69,8.043
7/4/2020,04:54:06 pm,0,813.65,8.330
7/4/2020,05:24:06 pm,0,813.84,8.708
7/4/2020,05:54:06 pm,0,813.93,9.214
7/4/2020,06:24:06 pm,0,813.98,9.874
7/4/2020,06:54:06 pm,0,814.03,10.577
7/4/2020,07:24:06 pm,0,813.93,11.402
7/4/2020,07:54:06 pm,0,813.74,12.249
7/4/2020,08:24:06 pm,0,813.57,13.036
7/4/2020,08:54:06 pm,0,813.39,13.789
7/4/2020,09:24:06 pm,0,813.37,14.473
7/4/2020,09:54:06 pm,0,813.22,15.014
7/4/2020,10:24:06 pm,0,813.05,15.415
7/4/2020,10:54:06 pm,0,812.91,15.704
7/4/2020,11:24:06 pm,0,812.74,15.812
7/4/2020,11:54:06 pm,0,812.55,15.781
7/5/2020,12:24:06 am,0,812.48,15.632
7/5/2020,12:54:06 am,0,812.38,15.408
7/5/2020,01:24:06 am,0,812.38,15.139
7/5/2020,01:54:06 am,0,812.44,14.881
7/5/2020,02:24:06 am,0,812.60,14.591
7/5/2020,02:54:06 am,0,812.58,14.314
7/5/2020,03:24:06 am,0,812.67,14.030
7/5/2020,03:54:06 am,0,812.72,13.755
7/5/2020,04:24:06 am,0,812.86,13.499
7/5/2020,04:54:06 am,0,813.00,13.225
7/5/2020,05:24:06 am,0,812.94,12.944
7/5/2020,05:54:06 am,0,812.97,12.661
7/5/2020,06:24:06 am,0,812.91,12.368
7/5/2020,06:54:06 am,0,812.79,12.070
7/5/2020,07:24:06 am,0,812.70,11.794
7/5/2020,07:54:06 am,0,812.57,11.502
7/5/2020,08:24:06 am,0,812.44,11.223
7/5/2020,08:54:06 am,0,812.40,10.950
7/5/2020,09:24:06 am,0,812.25,10.669
7/5/2020,09:54:06 am,0,812.23,10.396
7/5/2020,10:24:06 am,0,812.20,10.115
7/5/2020,10:54:06 am,0,812.21,9.835
7/5/2020,11:24:06 am,0,812.23,9.556
7/5/2020,11:54:06 am,0,812.32,9.291
7/5/2020,12:24:06 pm,0,812.29,9.031
7/5/2020,12:54:06 pm,0,812.41,8.777
7/5/2020,01:24:06 pm,0,812.44,8.531
7/5/2020,01:54:06 pm,0,812.51,8.303
7/5/2020,02:24:06 pm,0,812.57,8.087
7/5/2020,02:54:06 pm,0,812.51,7.934
7/5/2020,03:24:06 pm,0,812.68,7.867
7/5/2020,03:54:06 pm,0,812.66,7.921
7/5/2020,04:24:06 pm,0,812.59,8.130
7/5/2020,04:54:06 pm,0,812.58,8.427
7/5/2020,05:24:06 pm,0,812.54,8.799
7/5/2020,05:54:06 pm,0,812.50,9.311
7/5/2020,06:24:06 pm,0,812.65,9.998
7/5/2020,06:54:06 pm,0,812.78,10.745
7/5/2020,07:24:06 pm,0,812.67,11.575
7/5/2020,07:54:06 pm,0,812.52,12.456
7/5/2020,08:24:06 pm,0,812.38,13.260
7/5/2020,08:54:06 pm,0,812.19,14.003
7/5/2020,09:24:06 pm,0,812.04,14.681
7/5/2020,09:54:06 pm,0,811.84,15.229
7/5/2020,10:24:06 pm,0,811.67,15.581
7/5/2020,10:54:06 pm,0,811.52,15.809
7/5/2020,11:24:06 pm,0,811.30,15.921
7/5/2020,11:54:06 pm,0,811.20,15.910
7/6/2020,12:24:06 am,0,810.97,15.757
7/6/2020,12:54:06 am,0,810.70,15.549
7/6/2020,01:24:06 am,0,810.57,15.270
7/6/2020,01:54:06 am,0,810.67,15.009
7/6/2020,02:24:06 am,0,810.65,14.746
7/6/2020,02:54:06 am,0,810.61,14.479
7/6/2020,03:24:06 am,0,810.66,14.224
7/6/2020,03:54:06 am,0,810.73,13.961
7/6/2020,04:24:06 am,0,810.71,13.724
7/6/2020,04:54:06 am,0,810.96,13.467
7/6/2020,05:24:06 am,0,810.94,13.205
7/6/2020,05:54:06 am,0,810.83,12.925
7/6/2020,06:24:06 am,0,810.75,12.640
7/6/2020,06:54:06 am,0,810.73,12.359
7/6/2020,07:24:06 am,0,810.65,12.060
7/6/2020,07:54:06 am,0,810.55,11.757
7/6/2020,08:24:06 am,0,810.40,11.455
7/6/2020,08:54:06 am,0,810.23,11.168
7/6/2020,09:24:06 am,0,810.03,10.866
7/6/2020,09:54:06 am,0,809.93,10.574
7/6/2020,10:24:06 am,0,809.79,10.279
7/6/2020,10:54:06 am,0,809.77,9.989
7/6/2020,11:24:06 am,0,809.84,9.707
7/6/2020,11:54:06 am,0,809.77,9.423
7/6/2020,12:24:06 pm,0,809.76,9.151
7/6/2020,12:54:06 pm,0,809.82,8.880
7/6/2020,01:24:06 pm,0,809.78,8.627
7/6/2020,01:54:06 pm,0,809.90,8.385
7/6/2020,02:24:06 pm,0,809.91,8.178
7/6/2020,02:54:06 pm,0,809.77,8.023
7/6/2020,03:24:06 pm,0,809.81,7.940
7/6/2020,03:54:06 pm,0,809.88,7.968
7/6/2020,04:24:06 pm,0,809.94,8.145
7/6/2020,04:54:06 pm,0,809.97,8.424
7/6/2020,05:24:06 pm,0,809.94,8.776
7/6/2020,05:54:06 pm,0,810.14,9.261
7/6/2020,06:24:06 pm,0,810.05,9.919
7/6/2020,06:54:06 pm,0,810.10,10.655
7/6/2020,07:24:06 pm,0,810.00,11.507
7/6/2020,07:54:06 pm,0,809.91,12.382
7/6/2020,08:24:06 pm,0,809.89,13.174
7/6/2020,08:54:06 pm,0,809.67,13.927
7/6/2020,09:24:06 pm,0,809.48,14.599
7/6/2020,09:54:06 pm,0,809.52,15.124
7/6/2020,10:24:06 pm,0,809.44,15.515
7/6/2020,10:54:06 pm,0,809.25,15.760
7/6/2020,11:24:06 pm,0,809.10,15.869
7/6/2020,11:54:06 pm,0,808.75,15.864
7/7/2020,12:24:06 am,0,808.58,15.733
7/7/2020,12:54:06 am,0,808.41,15.499
7/7/2020,01:24:06 am,0,808.21,15.223
7/7/2020,01:54:06 am,0,808.34,14.931
7/7/2020,02:24:06 am,0,808.31,14.631
7/7/2020,02:54:06 am,0,808.16,14.327
7/7/2020,03:24:06 am,0,808.01,14.028
7/7/2020,03:54:06 am,0,808.08,13.728
7/7/2020,04:24:06 am,0,808.21,13.464
7/7/2020,04:54:06 am,0,808.28,13.206
7/7/2020,05:24:06 am,0,808.24,12.926
7/7/2020,05:54:06 am,0,808.25,12.660
7/7/2020,06:24:06 am,0,808.21,12.391
7/7/2020,06:54:06 am,0,808.11,12.083
7/7/2020,07:24:06 am,0,808.01,11.781
7/7/2020,07:54:06 am,0,808.00,11.448
7/7/2020,08:24:06 am,0,807.96,11.109
7/7/2020,08:54:06 am,0,807.92,10.807
7/7/2020,09:24:06 am,0,807.67,10.465
7/7/2020,09:54:06 am,0,807.63,10.176
7/7/2020,10:24:06 am,0,807.50,9.867
7/7/2020,10:54:06 am,0,807.35,9.568
7/7/2020,11:24:06 am,0,807.38,9.283
7/7/2020,11:54:06 am,0,807.46,8.986
7/7/2020,12:24:06 pm,0,807.51,8.715
7/7/2020,12:54:06 pm,0,807.73,8.438
7/7/2020,01:24:06 pm,0,807.96,8.168
7/7/2020,01:54:06 pm,0,808.00,7.927
7/7/2020,02:24:06 pm,0,808.10,7.712
7/7/2020,02:54:06 pm,0,808.24,7.540
7/7/2020,03:24:06 pm,0,808.37,7.425
7/7/2020,03:54:06 pm,0,808.27,7.412
7/7/2020,04:24:06 pm,0,808.25,7.539
7/7/2020,04:54:06 pm,0,808.34,7.765
7/7/2020,05:24:06 pm,0,808.29,8.096
7/7/2020,05:54:06 pm,0,808.36,8.538
7/7/2020,06:24:06 pm,0,808.35,9.182
7/7/2020,06:54:06 pm,0,808.34,9.921
7/7/2020,07:24:06 pm,0,808.18,10.723
7/7/2020,07:54:06 pm,0,808.01,11.615
7/7/2020,08:24:06 pm,0,807.86,12.404
7/7/2020,08:54:06 pm,0,807.86,13.150
7/7/2020,09:24:06 pm,0,807.74,13.819
7/7/2020,09:54:06 pm,0,807.65,14.381
7/7/2020,10:24:06 pm,0,807.45,14.760
7/7/2020,10:54:06 pm,0,807.37,15.043
7/7/2020,11:24:06 pm,0,807.38,15.203
7/7/2020,11:54:06 pm,0,807.18,15.270
7/8/2020,12:24:06 am,0,807.18,15.212
7/8/2020,12:54:06 am,0,807.10,15.057
7/8/2020,01:24:06 am,0,806.97,14.837
7/8/2020,01:54:06 am,0,806.98,14.594
7/8/2020,02:24:06 am,0,806.93,14.328
7/8/2020,02:54:06 am,0,806.95,14.045
7/8/2020,03:24:06 am,0,807.04,13.763
7/8/2020,03:54:06 am,0,807.02,13.491
7/8/2020,04:24:06 am,0,807.10,13.239
7/8/2020,04:54:06 am,0,807.24,13.008
7/8/2020,05:24:06 am,0,807.33,12.784
7/8/2020,05:54:06 am,0,807.25,12.534
7/8/2020,06:24:06 am,0,807.21,12.287
7/8/2020,06:54:06 am,0,807.07,12.040
7/8/2020,07:24:06 am,0,806.99,11.785
7/8/2020,07:54:06 am,0,806.83,11.525
7/8/2020,08:24:06 am,0,806.72,11.268
7/8/2020,08:54:06 am,0,806.58,11.016
7/8/2020,09:24:06 am,0,806.47,10.755
7/8/2020,09:54:06 am,0,806.32,10.497
7/8/2020,10:24:06 am,0,806.28,10.252
7/8/2020,10:54:06 am,0,806.34,10.000
7/8/2020,11:24:06 am,0,806.31,9.738
7/8/2020,11:54:06 am,0,806.48,9.491
7/8/2020,12:24:06 pm,0,806.60,9.242
7/8/2020,12:54:06 pm,0,806.72,8.994
7/8/2020,01:24:06 pm,0,806.87,8.763
7/8/2020,01:54:06 pm,0,806.93,8.541
7/8/2020,02:24:06 pm,0,806.99,8.332
7/8/2020,02:54:06 pm,0,807.12,8.165
7/8/2020,03:24:06 pm,0,807.13,8.055
7/8/2020,03:54:06 pm,0,807.13,8.046
7/8/2020,04:24:06 pm,0,807.11,8.180
7/8/2020,04:54:06 pm,0,807.13,8.433
7/8/2020,05:24:06 pm,0,807.04,8.770
7/8/2020,05:54:06 pm,0,807.01,9.228
7/8/2020,06:24:06 pm,0,807.15,9.863
7/8/2020,06:54:06 pm,0,807.15,10.588
7/8/2020,07:24:06 pm,0,807.15,11.392
7/8/2020,07:54:06 pm,0,807.11,12.301
7/8/2020,08:24:06 pm,0,807.07,13.095
7/8/2020,08:54:06 pm,0,806.85,13.829
7/8/2020,09:24:06 pm,0,806.82,14.464
7/8/2020,09:54:06 pm,0,806.74,14.966
7/8/2020,10:24:06 pm,0,806.64,15.320
7/8/2020,10:54:06 pm,0,806.63,15.550
7/8/2020,11:24:06 pm,0,806.52,15.682
7/8/2020,11:54:06 pm,0,806.41,15.726
7/9/2020,12:24:06 am,0,806.32,15.642
7/9/2020,12:54:06 am,0,806.27,15.485
7/9/2020,01:24:06 am,0,806.42,15.244
7/9/2020,01:54:06 am,0,806.40,14.996
7/9/2020,02:24:06 am,0,806.43,14.722
7/9/2020,02:54:06 am,0,806.45,14.449
7/9/2020,03:24:06 am,0,806.47,14.163
7/9/2020,03:54:06 am,0,806.49,13.881
7/9/2020,04:24:06 am,0,806.70,13.610
7/9/2020,04:54:06 am,0,806.89,13.349
7/9/2020,05:24:06 am,0,806.88,13.112
7/9/2020,05:54:06 am,0,806.98,12.874
7/9/2020,06:24:06 am,0,806.94,12.632
7/9/2020,06:54:06 am,0,807.04,12.388
7/9/2020,07:24:06 am,0,807.05,12.140
7/9/2020,07:54:06 am,0,806.99,11.881
7/9/2020,08:24:06 am,0,807.09,11.624
7/9/2020,08:54:06 am,0,807.02,11.371
7/9/2020,09:24:06 am,0,806.85,11.135
7/9/2020,09:54:06 am,0,806.72,10.889
7/9/2020,10:24:06 am,0,806.69,10.637
7/9/2020,10:54:06 am,0,806.71,10.385
7/9/2020,11:24:06 am,0,806.76,10.154
7/9/2020,11:54:06 am,0,806.80,9.903
7/9/2020,12:24:06 pm,0,806.88,9.679
7/9/2020,12:54:06 pm,0,806.97,9.424
7/9/2020,01:24:06 pm,0,807.06,9.188
7/9/2020,01:54:06 pm,0,807.01,8.966
7/9/2020,02:24:06 pm,0,807.06,8.747
7/9/2020,02:54:06 pm,0,807.19,8.557
7/9/2020,03:24:06 pm,0,807.12,8.412
7/9/2020,03:54:06 pm,0,807.12,8.383
7/9/2020,04:24:06 pm,0,807.23,8.475
7/9/2020,04:54:06 pm,0,807.26,8.691
7/9/2020,05:24:06 pm,0,807.46,9.004
7/9/2020,05:54:06 pm,0,807.66,9.411
7/9/2020,06:24:06 pm,0,807.69,10.031
7/9/2020,06:54:06 pm,0,807.81,10.751
7/9/2020,07:24:06 pm,0,807.80,11.543
7/9/2020,07:54:06 pm,0,807.99,12.461
7/9/2020,08:24:06 pm,0,807.86,13.301
7/9/2020,08:54:06 pm,0,807.81,14.009
7/9/2020,09:24:06 pm,0,807.77,14.644
7/9/2020,09:54:06 pm,0,807.81,15.165
7/9/2020,10:24:06 pm,0,807.71,15.528
7/9/2020,10:54:06 pm,0,807.82,15.765
7/9/2020,11:24:06 pm,0,807.81,15.921
7/9/2020,11:54:06 pm,0,807.90,15.995
7/10/2020,12:24:06 am,0,807.92,15.958
7/10/2020,12:54:06 am,0,807.97,15.849
7/10/2020,01:24:06 am,0,807.89,15.641
7/10/2020,01:54:06 am,0,808.04,15.413
7/10/2020,02:24:06 am,0,808.16,15.158
7/10/2020,02:54:06 am,0,808.26,14.901
7/10/2020,03:24:06 am,0,808.29,14.637
7/10/2020,03:54:06 am,0,808.59,14.362
7/10/2020,04:24:06 am,0,808.87,14.109
7/10/2020,04:54:06 am,0,809.13,13.850
7/10/2020,05:24:06 am,0,809.23,13.604
7/10/2020,05:54:06 am,0,809.25,13.347
7/10/2020,06:24:06 am,0,809.35,13.083
7/10/2020,06:54:06 am,0,809.51,12.816
7/10/2020,07:24:06 am,0,809.55,12.522
7/10/2020,07:54:06 am,0,809.48,12.227
7/10/2020,08:24:06 am,0,809.47,11.928
7/10/2020,08:54:06 am,0,809.44,11.631
7/10/2020,09:24:06 am,0,809.57,11.337
7/10/2020,09:54:06 am,0,809.62,11.032
7/10/2020,10:24:06 am,0,809.66,10.745
7/10/2020,10:54:06 am,0,809.80,10.441
7/10/2020,11:24:06 am,0,809.89,10.158
7/10/2020,11:54:06 am,0,810.07,9.884
7/10/2020,12:24:06 pm,0,810.24,9.622
7/10/2020,12:54:06 pm,0,810.62,9.369
7/10/2020,01:24:06 pm,0,810.75,9.111
7/10/2020,01:54:06 pm,0,810.96,8.883
7/10/2020,02:24:06 pm,0,811.02,8.698
7/10/2020,02:54:06 pm,0,811.13,8.573
7/10/2020,03:24:06 pm,0,811.23,8.511
7/10/2020,03:54:06 pm,0,811.38,8.533
7/10/2020,04:24:06 pm,0,811.35,8.658
7/10/2020,04:54:06 pm,0,811.43,8.893
7/10/2020,05:24:06 pm,0,811.51,9.219
7/10/2020,05:54:06 pm,0,811.60,9.619
7/10/2020,06:24:06 pm,0,811.73,10.210
7/10/2020,06:54:06 pm,0,811.88,10.958
7/10/2020,07:24:06 pm,0,811.81,11.725
7/10/2020,07:54:06 pm,0,811.85,12.713
7/10/2020,08:24:06 pm,0,811.75,13.585
7/10/2020,08:54:06 pm,0,811.68,14.317
7/10/2020,09:24:06 pm,0,811.68,14.924
7/10/2020,09:54:06 pm,0,811.53,15.427
7/10/2020,10:24:06 pm,0,811.51,15.685
7/10/2020,10:54:06 pm,0,811.37,15.891
7/10/2020,11:24:06 pm,0,811.31,16.039
7/10/2020,11:54:06 pm,0,811.15,16.135
7/11/2020,12:24:06 am,0,811.14,16.165
7/11/2020,12:54:06 am,0,811.07,16.095
7/11/2020,01:24:06 am,0,811.12,15.938
7/11/2020,01:54:06 am,0,811.25,15.749
7/11/2020,02:24:06 am,0,811.07,15.527
7/11/2020,02:54:06 am,0,811.16,15.290
7/11/2020,03:24:06 am,0,811.14,15.055
7/11/2020,03:54:06 am,0,811.20,14.812
7/11/2020,04:24:06 am,0,811.42,14.564
7/11/2020,04:54:06 am,0,811.55,14.332
7/11/2020,05:24:06 am,0,811.65,14.117
7/11/2020,05:54:06 am,0,811.55,13.898
7/11/2020,06:24:06 am,0,811.56,13.678
7/11/2020,06:54:06 am,0,811.47,13.470
7/11/2020,07:24:06 am,0,811.42,13.268
7/11/2020,07:54:06 am,0,811.37,13.055
7/11/2020,08:24:06 am,0,811.26,12.842
7/11/2020,08:54:06 am,0,811.18,12.622
7/11/2020,09:24:06 am,0,811.07,12.403
7/11/2020,09:54:06 am,0,811.14,12.185
7/11/2020,10:24:06 am,0,811.11,11.964
7/11/2020,10:54:06 am,0,811.13,11.749
7/11/2020,11:24:06 am,0,811.24,11.539
7/11/2020,11:54:06 am,0,811.42,11.329
7/11/2020,12:24:06 pm,0,811.69,11.129
7/11/2020,12:54:06 pm,0,811.90,10.945
7/11/2020,01:24:06 pm,0,812.06,10.753
7/11/2020,01:54:06 pm,0,812.21,10.577
7/11/2020,02:24:06 pm,0,812.36,10.422
7/11/2020,02:54:06 pm,0,812.33,10.293
7/11/2020,03:24:06 pm,0,812.27,10.213
7/11/2020,03:54:06 pm,0,812.42,10.199
7/11/2020,04:24:06 pm,0,812.51,10.279
7/11/2020,04:54:06 pm,0,812.75,10.471
7/11/2020,05:24:06 pm,0,812.92,10.772
7/11/2020,05:54:06 pm,0,812.89,11.133
7/11/2020,06:24:06 pm,0,812.94,11.696
7/11/2020,06:54:06 pm,0,813.11,12.384
7/11/2020,07:24:06 pm,0,813.05,13.128
7/11/2020,07:54:06 pm,0,813.05,13.990
7/11/2020,08:24:06 pm,0,812.87,14.810
7/11/2020,08:54:06 pm,0,812.75,15.520
7/11/2020,09:24:06 pm,0,812.51,16.099
7/11/2020,09:54:06 pm,0,812.37,16.564
7/11/2020,10:24:06 pm,0,812.35,16.873
7/11/2020,10:54:06 pm,0,812.11,17.054
7/11/2020,11:24:06 pm,0,811.98,17.133
7/11/2020,11:54:06 pm,0,811.71,17.141
7/12/2020,12:24:06 am,0,811.55,17.099
7/12/2020,12:54:06 am,0,811.30,16.994
7/12/2020,01:24:06 am,0,811.24,16.829
7/12/2020,01:54:06 am,0,811.11,16.627
7/12/2020,02:24:06 am,0,811.15,16.412
7/12/2020,02:54:06 am,0,811.33,16.160
7/12/2020,03:24:06 am,0,811.41,15.912
7/12/2020,03:54:06 am,0,811.44,15.642
7/12/2020,04:24:06 am,0,811.55,15.364
7/12/2020,04:54:06 am,0,811.72,15.083
7/12/2020,05:24:06 am,0,811.75,14.830
7/12/2020,05:54:06 am,0,811.74,14.598
7/12/2020,06:24:06 am,0,811.79,14.346
7/12/2020,06:54:06 am,0,811.68,14.119
7/12/2020,07:24:06 am,0,811.51,13.899
7/12/2020,07:54:06 am,0,811.45,13.683
7/12/2020,08:24:06 am,0,811.32,13.451
7/12/2020,08:54:06 am,0,811.20,13.230
7/12/2020,09:24:06 am,0,811.09,12.998
7/12/2020,09:54:06 am,0,811.00,12.781
7/12/2020,10:24:06 am,0,810.88,12.544
7/12/2020,10:54:06 am,0,810.76,12.331
7/12/2020,11:24:06 am,0,810.78,12.119
7/12/2020,11:54:06 am,0,810.74,11.904
7/12/2020,12:24:06 pm,0,810.80,11.692
7/12/2020,12:54:06 pm,0,810.97,11.464
7/12/2020,01:24:06 pm,0,811.11,11.235
7/12/2020,01:54:06 pm,0,811.13,11.035
7/12/2020,02:24:06 pm,0,811.13,10.861
7/12/2020,02:54:06 pm,0,811.16,10.712
7/12/2020,03:24:06 pm,0,811.15,10.616
7/12/2020,03:54:06 pm,0,811.02,10.589
7/12/2020,04:24:06 pm,0,810.78,10.655
7/12/2020,04:54:06 pm,0,810.72,10.829
7/12/2020,05:24:06 pm,0,810.63,11.091
7/12/2020,05:54:06 pm,0,810.70,11.415
7/12/2020,06:24:06 pm,0,810.74,11.959
7/12/2020,06:54:06 pm,0,810.58,12.651
7/12/2020,07:24:06 pm,0,810.36,13.377
7/12/2020,07:54:06 pm,0,810.07,14.264
7/12/2020,08:24:06 pm,0,809.99,15.088
7/12/2020,08:54:06 pm,0,809.65,15.788
7/12/2020,09:24:06 pm,0,809.43,16.366
7/12/2020,09:54:06 pm,0,809.28,16.827
7/12/2020,10:24:06 pm,0,808.94,17.111
7/12/2020,10:54:06 pm,0,808.65,17.266
7/12/2020,11:24:06 pm,0,808.49,17.348
7/12/2020,11:54:06 pm,0,808.30,17.383
7/13/2020,12:24:06 am,0,808.02,17.368
7/13/2020,12:54:06 am,0,807.71,17.281
7/13/2020,01:24:06 am,0,807.68,17.107
7/13/2020,01:54:06 am,0,807.68,16.887
7/13/2020,02:24:06 am,0,807.77,16.659
7/13/2020,02:54:06 am,0,807.70,16.395
7/13/2020,03:24:06 am,0,807.63,16.129
7/13/2020,03:54:06 am,0,807.59,15.854
7/13/2020,04:24:06 am,0,807.76,15.545
7/13/2020,04:54:06 am,0,807.93,15.257
7/13/2020,05:24:06 am,0,807.91,15.010
7/13/2020,05:54:06 am,0,807.89,14.764
7/13/2020,06:24:06 am,0,808.01,14.528
7/13/2020,06:54:06 am,0,807.91,14.297
7/13/2020,07:24:06 am,0,807.57,14.063
7/13/2020,07:54:06 am,0,807.49,13.832
7/13/2020,08:24:06 am,0,807.43,13.599
7/13/2020,08:54:06 am,0,807.22,13.384
7/13/2020,09:24:06 am,0,807.09,13.160
7/13/2020,09:54:06 am,0,806.99,12.941
7/13/2020,10:24:06 am,0,806.76,12.732
7/13/2020,10:54:06 am,0,806.63,12.530
7/13/2020,11:24:06 am,0,806.63,12.313
7/13/2020,11:54:06 am,0,806.68,12.103
7/13/2020,12:24:06 pm,0,806.72,11.886
7/13/2020,12:54:06 pm,0,806.78,11.718
7/13/2020,01:24:06 pm,0,806.94,11.525
7/13/2020,01:54:06 pm,0,806.97,11.313
7/13/2020,02:24:06 pm,0,806.95,11.143
7/13/2020,02:54:06 pm,0,806.83,11.009
7/13/2020,03:24:06 pm,0,806.92,10.911
7/13/2020,03:54:06 pm,0,806.93,10.880
7/13/2020,04:24:06 pm,0,806.79,10.924
7/13/2020,04:54:06 pm,0,806.89,11.060
7/13/2020,05:24:06 pm,0,806.87,11.331
7/13/2020,05:54:06 pm,0,806.93,11.640
7/13/2020,06:24:06 pm,0,807.03,12.179
7/13/2020,06:54:06 pm,0,807.09,12.897
7/13/2020,07:24:06 pm,0,807.16,13.611
7/13/2020,07:54:06 pm,0,807.09,14.485
7/13/2020,08:24:06 pm,0,806.90,15.315
7/13/2020,08:54:06 pm,0,806.91,16.028
7/13/2020,09:24:06 pm,0,806.62,16.590
7/13/2020,09:54:06 pm,0,806.54,17.048
7/13/2020,10:24:06 pm,0,806.38,17.334
7/13/2020,10:54:06 pm,0,806.29,17.468
7/13/2020,11:24:06 pm,0,806.13,17.560
7/13/2020,11:54:06 pm,0,806.10,17.586
7/14/2020,12:24:06 am,0,805.85,17.551
7/14/2020,12:54:06 am,0,805.74,17.434
7/14/2020,01:24:06 am,0,805.69,17.266
7/14/2020,01:54:06 am,0,805.73,17.034
7/14/2020,02:24:06 am,0,805.80,16.798
7/14/2020,02:54:06 am,0,805.90,16.541
7/14/2020,03:24:06 am,0,805.92,16.272
7/14/2020,03:54:06 am,0,805.89,15.983
7/14/2020,04:24:06 am,0,806.02,15.671
7/14/2020,04:54:06 am,0,806.13,15.377
7/14/2020,05:24:06 am,0,806.03,15.110
7/14/2020,05:54:06 am,0,806.01,14.847
7/14/2020,06:24:06 am,0,806.17,14.593
7/14/2020,06:54:06 am,0,806.23,14.346
7/14/2020,07:24:06 am,0,806.32,14.103
7/14/2020,07:54:06 am,0,806.18,13.867
7/14/2020,08:24:06 am,0,806.10,13.625
7/14/2020,08:54:06 am,0,805.85,13.400
7/14/2020,09:24:06 am,0,805.70,13.171
7/14/2020,09:54:06 am,0,805.59,12.944
7/14/2020,10:24:06 am,0,805.46,12.709
7/14/2020,10:54:06 am,0,805.48,12.479
7/14/2020,11:24:06 am,0,805.41,12.245
7/14/2020,11:54:06 am,0,805.44,12.013
7/14/2020,12:24:06 pm,0,805.52,11.763
7/14/2020,12:54:06 pm,0,805.61,11.531
7/14/2020,01:24:06 pm,0,805.64,11.276
7/14/2020,01:54:06 pm,0,805.85,11.045
7/14/2020,02:24:06 pm,0,805.81,10.837
7/14/2020,02:54:06 pm,0,805.92,10.639
7/14/2020,03:24:06 pm,0,805.97,10.492
7/14/2020,03:54:06 pm,0,806.02,10.413
7/14/2020,04:24:06 pm,0,805.99,10.462
7/14/2020,04:54:06 pm,0,806.09,10.599
7/14/2020,05:24:06 pm,0,806.30,10.838
7/14/2020,05:54:06 pm,0,806.32,11.106
7/14/2020,06:24:06 pm,0,806.58,11.620
7/14/2020,06:54:06 pm,0,806.63,12.291
7/14/2020,07:24:06 pm,0,806.62,12.979
7/14/2020,07:54:06 pm,0,806.50,13.804
7/14/2020,08:24:06 pm,0,806.46,14.680
7/14/2020,08:54:06 pm,0,806.42,15.421
7/14/2020,09:24:06 pm,0,806.40,16.047
7/14/2020,09:54:06 pm,0,806.41,16.526
7/14/2020,10:24:06 pm,0,806.29,16.840
7/14/2020,10:54:06 pm,0,806.07,16.994
7/14/2020,11:24:06 pm,0,806.04,17.090
7/14/2020,11:54:06 pm,0,805.93,17.154
7/15/2020,12:24:06 am,0,805.74,17.147
7/15/2020,12:54:06 am,0,805.66,17.089
7/15/2020,01:24:06 am,0,805.64,16.962
7/15/2020,01:54:06 am,0,805.77,16.801
7/15/2020,02:24:06 am,0,805.79,16.610
7/15/2020,02:54:06 am,0,805.84,16.414
7/15/2020,03:24:06 am,0,805.83,16.190
7/15/2020,03:54:06 am,0,806.04,15.942
7/15/2020,04:24:06 am,0,806.23,15.693
7/15/2020,04:54:06 am,0,806.40,15.446
7/15/2020,05:24:06 am,0,806.35,15.210
7/15/2020,05:54:06 am,0,806.26,14.990
7/15/2020,06:24:06 am,0,806.12,14.779
7/15/2020,06:54:06 am,0,806.08,14.574
7/15/2020,07:24:06 am,0,805.99,14.362
7/15/2020,07:54:06 am,0,805.82,14.170
7/15/2020,08:24:06 am,0,805.74,13.972
7/15/2020,08:54:06 am,0,805.51,13.778
7/15/2020,09:24:06 am,0,805.32,13.577
7/15/2020,09:54:06 am,0,805.27,13.379
7/15/2020,10:24:06 am,0,805.27,13.172
7/15/2020,10:54:06 am,0,805.33,12.970
7/15/2020,11:24:06 am,0,805.39,12.778
7/15/2020,11:54:06 am,0,805.49,12.600
7/15/2020,12:24:06 pm,0,805.57,12.435
7/15/2020,12:54:06 pm,0,805.60,12.279
7/15/2020,01:24:06 pm,0,805.77,12.117
7/15/2020,01:54:06 pm,0,805.86,11.984
7/15/2020,02:24:06 pm,0,805.99,11.870
7/15/2020,02:54:06 pm,0,806.22,11.753
7/15/2020,03:24:06 pm,0,806.36,11.671
7/15/2020,03:54:06 pm,0,806.43,11.619
7/15/2020,04:24:06 pm,0,806.47,11.648
7/15/2020,04:54:06 pm,0,806.48,11.759
7/15/2020,05:24:06 pm,0,806.55,12.001
7/15/2020,05:54:06 pm,0,806.43,12.245
7/15/2020,06:24:06 pm,0,806.42,12.685
7/15/2020,06:54:06 pm,0,806.20,13.394
7/15/2020,07:24:06 pm,0,806.01,14.065
7/15/2020,07:54:06 pm,0,805.87,14.826
7/15/2020,08:24:06 pm,0,805.98,15.233
7/15/2020,08:54:06 pm,0,806.06,15.554
7/15/2020,09:24:06 pm,0,806.23,15.713
7/15/2020,09:54:06 pm,0,806.22,15.722
7/15/2020,10:24:06 pm,0,806.13,15.783
7/15/2020,10:54:06 pm,0,806.17,15.873
7/15/2020,11:24:06 pm,0,806.13,15.905
7/15/2020,11:54:06 pm,0,806.06,15.867
7/16/2020,12:24:06 am,0,806.03,15.808
7/16/2020,12:54:06 am,0,806.20,15.712
7/16/2020,01:24:06 am,0,806.19,15.616
7/16/2020,01:54:06 am,0,806.40,15.521
7/16/2020,02:24:06 am,0,806.13,15.403
7/16/2020,02:54:06 am,0,806.22,15.262
7/16/2020,03:24:06 am,0,806.07,15.150
7/16/2020,03:54:06 am,0,806.08,15.042
7/16/2020,04:24:06 am,0,806.30,14.917
7/16/2020,04:54:06 am,0,806.35,14.785
7/16/2020,05:24:06 am,0,806.35,14.638
7/16/2020,05:54:06 am,0,806.31,14.484
7/16/2020,06:24:06 am,0,806.25,14.316
7/16/2020,06:54:06 am,0,806.13,14.154
7/16/2020,07:24:06 am,0,805.98,13.977
7/16/2020,07:54:06 am,0,805.75,13.807
7/16/2020,08:24:06 am,0,805.71,13.639
7/16/2020,08:54:06 am,0,805.53,13.477
7/16/2020,09:24:06 am,0,805.33,13.317
7/16/2020,09:54:06 am,0,805.21,13.151
7/16/2020,10:24:06 am,0,805.03,12.969
7/16/2020,10:54:06 am,0,804.99,12.781
7/16/2020,11:24:06 am,0,804.95,12.584
7/16/2020,11:54:06 am,0,804.96,12.409
7/16/2020,12:24:06 pm,0,804.94,12.224
7/16/2020,12:54:06 pm,0,805.11,12.060
7/16/2020,01:24:06 pm,0,805.23,11.903
7/16/2020,01:54:06 pm,0,805.28,11.748
7/16/2020,02:24:06 pm,0,805.37,11.602
7/16/2020,02:54:06 pm,0,805.51,11.479
7/16/2020,03:24:06 pm,0,805.59,11.387
7/16/2020,03:54:06 pm,0,805.69,11.337
7/16/2020,04:24:06 pm,0,805.74,11.358
7/16/2020,04:54:06 pm,0,805.88,11.447
7/16/2020,05:24:06 pm,0,805.94,11.663
7/16/2020,05:54:06 pm,0,805.81,11.816
7/16/2020,06:24:06 pm,0,805.82,12.278
7/16/2020,06:54:06 pm,0,805.70,12.954
7/16/2020,07:24:06 pm,0,805.60,13.616
7/16/2020,07:54:06 pm,0,805.40,14.386
7/16/2020,08:24:06 pm,0,805.55,14.746
7/16/2020,08:54:06 pm,0,805.51,15.112
7/16/2020,09:24:06 pm,0,805.61,15.892
7/16/2020,09:54:06 pm,0,805.92,16.397
7/16/2020,10:24:06 pm,0,805.94,16.349
7/16/2020,10:54:06 pm,0,806.01,16.233
7/16/2020,11:24:06 pm,0,806.29,16.181
7/16/2020,11:54:06 pm,0,806.20,16.099
7/17/2020,12:24:06 am,0,806.62,15.884
7/17/2020,12:54:06 am,0,806.58,15.644
7/17/2020,01:24:06 am,0,806.29,15.435
7/17/2020,01:54:06 am,0,806.26,15.266
7/17/2020,02:24:06 am,0,806.19,15.095
7/17/2020,02:54:06 am,0,806.40,14.918
7/17/2020,03:24:06 am,0,806.23,14.743
7/17/2020,03:54:06 am,0,806.47,14.559
7/17/2020,04:24:06 am,0,806.74,14.370
7/17/2020,04:54:06 am,0,806.89,14.191
7/17/2020,05:24:06 am,0,806.88,13.981
7/17/2020,05:54:06 am,0,806.93,13.776
7/17/2020,06:24:06 am,0,806.69,13.580
7/17/2020,06:54:06 am,0,806.75,13.378
7/17/2020,07:24:06 am,0,806.61,13.178
7/17/2020,07:54:06 am,0,806.62,12.995
7/17/2020,08:24:06 am,0,806.53,12.839
7/17/2020,08:54:06 am,0,806.47,12.662
7/17/2020,09:24:06 am,0,806.47,12.496
7/17/2020,09:54:06 am,0,806.25,12.327
7/17/2020,10:24:06 am,0,806.14,12.162
7/17/2020,10:54:06 am,0,806.11,12.007
7/17/2020,11:24:06 am,0,805.98,11.857
7/17/2020,11:54:06 am,0,805.99,11.704
7/17/2020,12:24:06 pm,0,806.06,11.546
7/17/2020,12:54:06 pm,0,806.30,11.399
7/17/2020,01:24:06 pm,0,806.56,11.258
7/17/2020,01:54:06 pm,0,806.87,11.124
7/17/2020,02:24:06 pm,0,807.00,11.009
7/17/2020,02:54:06 pm,0,807.17,10.893
7/17/2020,03:24:06 pm,0,807.33,10.809
7/17/2020,03:54:06 pm,0,807.36,10.738
7/17/2020,04:24:06 pm,0,807.18,10.756
7/17/2020,04:54:06 pm,0,807.10,10.880
7/17/2020,05:24:06 pm,0,807.16,11.112
7/17/2020,05:54:06 pm,0,807.27,11.254
7/17/2020,06:24:06 pm,0,807.33,11.528
7/17/2020,06:54:06 pm,0,807.31,11.941
7/17/2020,07:24:06 pm,0,807.16,12.410
7/17/2020,07:54:06 pm,0,807.02,12.929
7/17/2020,08:24:06 pm,0,806.93,13.577
7/17/2020,08:54:06 pm,0,806.78,14.040
7/17/2020,09:24:06 pm,0,806.71,14.695
7/17/2020,09:54:06 pm,0,806.61,15.305
7/17/2020,10:24:06 pm,0,806.83,15.542
7/17/2020,10:54:06 pm,0,806.99,15.458
7/17/2020,11:24:06 pm,0,807.52,15.327
7/17/2020,11:54:06 pm,0,807.56,15.201
7/18/2020,12:24:06 am,0,807.49,15.080
7/18/2020,12:54:06 am,0,807.01,14.928
7/18/2020,01:24:06 am,0,806.98,14.813
7/18/2020,01:54:06 am,0,806.96,14.691
7/18/2020,02:24:06 am,0,806.97,14.529
7/18/2020,02:54:06 am,0,806.92,14.347
7/18/2020,03:24:06 am,0,807.29,14.168
7/18/2020,03:54:06 am,0,807.45,13.996
7/18/2020,04:24:06 am,0,807.70,13.811
7/18/2020,04:54:06 am,0,807.76,13.614
7/18/2020,05:24:06 am,0,807.75,13.415
7/18/2020,05:54:06 am,0,807.74,13.211
7/18/2020,06:24:06 am,0,807.75,13.015
7/18/2020,06:54:06 am,0,807.87,12.822
7/18/2020,07:24:06 am,0,807.72,12.629
7/18/2020,07:54:06 am,0,807.79,12.437
7/18/2020,08:24:06 am,0,807.72,12.252
7/18/2020,08:54:06 am,0,807.72,12.076
7/18/2020,09:24:06 am,0,807.68,11.901
7/18/2020,09:54:06 am,0,807.78,11.724
7/18/2020,10:24:06 am,0,807.87,11.555
7/18/2020,10:54:06 am,0,808.28,11.356
7/18/2020,11:24:06 am,0,809.14,11.172
7/18/2020,11:54:06 am,0,810.02,10.865
7/18/2020,12:24:06 pm,0,810.51,10.624
7/18/2020,12:54:06 pm,0,810.99,10.373
7/18/2020,01:24:06 pm,0,811.23,10.168
7/18/2020,01:54:06 pm,0,811.48,9.991
7/18/2020,02:24:06 pm,0,811.57,9.853
7/18/2020,02:54:06 pm,0,811.63,9.751
7/18/2020,03:24:06 pm,0,811.62,9.706
7/18/2020,03:54:06 pm,0,811.66,9.728
7/18/2020,04:24:06 pm,0,811.60,9.867
7/18/2020,04:54:06 pm,0,811.56,10.136
7/18/2020,05:24:06 pm,0,811.64,10.455
7/18/2020,05:54:06 pm,0,811.66,10.911
7/18/2020,06:24:06 pm,0,811.68,11.519
7/18/2020,06:54:06 pm,0,811.56,12.215
7/18/2020,07:24:06 pm,0,811.52,13.009
7/18/2020,07:54:06 pm,0,811.32,13.806
7/18/2020,08:24:06 pm,0,811.12,14.503
7/18/2020,08:54:06 pm,0,810.81,15.152
7/18/2020,09:24:06 pm,0,810.76,15.820
7/18/2020,09:54:06 pm,0,810.67,16.333
7/18/2020,10:24:06 pm,0,810.59,16.705
7/18/2020,10:54:06 pm,0,810.57,16.898
7/18/2020,11:24:06 pm,0,810.19,16.911
7/18/2020,11:54:06 pm,0,810.12,16.979
7/19/2020,12:24:06 am,0,809.85,17.010
7/19/2020,12:54:06 am,0,809.65,16.978
7/19/2020,01:24:06 am,0,809.48,16.881
7/19/2020,01:54:06 am,0,809.57,16.703
7/19/2020,02:24:06 am,0,809.71,16.471
7/19/2020,02:54:06 am,0,809.79,16.238
7/19/2020,03:24:06 am,0,809.70,15.983
7/19/2020,03:54:06 am,0,809.69,15.735
7/19/2020,04:24:06 am,0,809.93,15.490
7/19/2020,04:54:06 am,0,809.84,15.266
7/19/2020,05:24:06 am,0,809.90,15.062
7/19/2020,05:54:06 am,0,809.84,14.863
7/19/2020,06:24:06 am,0,809.62,14.667
7/19/2020,06:54:06 am,0,809.60,14.467
7/19/2020,07:24:06 am,0,809.51,14.281
7/19/2020,07:54:06 am,0,809.39,14.095
7/19/2020,08:24:06 am,0,809.29,13.912
7/19/2020,08:54:06 am,0,809.16,13.738
7/19/2020,09:24:06 am,0,809.03,13.564
7/19/2020,09:54:06 am,0,808.96,13.373
7/19/2020,10:24:06 am,0,808.84,13.196
7/19/2020,10:54:06 am,0,808.75,13.005
7/19/2020,11:24:06 am,0,808.74,12.792
7/19/2020,11:54:06 am,0,808.74,12.593
7/19/2020,12:24:06 pm,0,808.69,12.406
7/19/2020,12:54:06 pm,0,808.77,12.230
7/19/2020,01:24:06 pm,0,808.80,12.065
7/19/2020,01:54:06 pm,0,808.82,11.906
7/19/2020,02:24:06 pm,0,808.87,11.747
7/19/2020,02:54:06 pm,0,808.81,11.627
7/19/2020,03:24:06 pm,0,808.88,11.518
7/19/2020,03:54:06 pm,0,808.91,11.464
7/19/2020,04:24:06 pm,0,808.84,11.490
7/19/2020,04:54:06 pm,0,808.73,11.656
7/19/2020,05:24:06 pm,0,808.70,11.893
7/19/2020,05:54:06 pm,0,808.65,12.129
7/19/2020,06:24:06 pm,0,808.69,12.627
7/19/2020,06:54:06 pm,0,808.59,13.255
7/19/2020,07:24:06 pm,0,808.55,13.933
7/19/2020,07:54:06 pm,0,808.62,14.432
7/19/2020,08:24:06 pm,0,808.51,14.577
7/19/2020,08:54:06 pm,0,809.15,14.626
7/19/2020,09:24:06 pm,0,809.99,14.593
7/19/2020,09:54:06 pm,0,810.49,14.483
7/19/2020,10:24:06 pm,0,809.84,14.359
7/19/2020,10:54:06 pm,0,810.23,14.249
7/19/2020,11:24:06 pm,0,809.93,14.126
7/19/2020,11:54:06 pm,0,809.79,14.008
7/20/2020,12:24:06 am,0,809.16,13.910
7/20/2020,12:54:06 am,0,808.91,13.871
7/20/2020,01:24:06 am,0,808.58,13.833
7/20/2020,01:54:06 am,0,808.51,13.737
7/20/2020,02:24:06 am,0,808.54,13.667
7/20/2020,02:54:06 am,0,808.80,13.600
7/20/2020,03:24:06 am,0,808.57,13.515
7/20/2020,03:54:06 am,0,808.24,13.413
7/20/2020,04:24:06 am,0,808.60,13.291
7/20/2020,04:54:06 am,0,808.61,13.145
7/20/2020,05:24:06 am,0,808.73,13.000
7/20/2020,05:54:06 am,0,808.70,12.895
7/20/2020,06:24:06 am,0,808.67,12.740
7/20/2020,06:54:06 am,0,808.77,12.552
7/20/2020,07:24:06 am,0,808.74,12.376
7/20/2020,07:54:06 am,0,808.58,12.208
7/20/2020,08:24:06 am,0,808.43,12.053
7/20/2020,08:54:06 am,0,808.24,11.888
7/20/2020,09:24:06 am,0,808.12,11.728
7/20/2020,09:54:06 am,0,808.11,11.569
7/20/2020,10:24:06 am,0,807.97,11.443
7/20/2020,10:54:06 am,0,807.88,11.287
7/20/2020,11:24:06 am,0,807.80,11.156
7/20/2020,11:54:06 am,0,807.80,11.017
7/20/2020,12:24:06 pm,0,807.87,10.859
7/20/2020,12:54:06 pm,0,807.87,10.725
7/20/2020,01:24:06 pm,0,807.98,10.581
7/20/2020,01:54:06 pm,0,808.07,10.438
7/20/2020,02:24:06 pm,0,808.16,10.324
7/20/2020,02:54:06 pm,0,808.24,10.242
7/20/2020,03:24:06 pm,0,808.31,10.167
7/20/2020,03:54:06 pm,0,808.43,10.124
7/20/2020,04:24:06 pm,0,808.22,10.153
7/20/2020,04:54:06 pm,0,808.11,10.330
7/20/2020,05:24:06 pm,0,807.95,10.601
7/20/2020,05:54:06 pm,0,807.98,10.835
7/20/2020,06:24:06 pm,0,808.01,11.339
7/20/2020,06:54:06 pm,0,807.88,11.866
7/20/2020,07:24:06 pm,0,807.65,12.346
7/20/2020,07:54:06 pm,0,807.62,12.635
7/20/2020,08:24:06 pm,0,807.82,12.803
7/20/2020,08:54:06 pm,0,808.52,12.862
7/20/2020,09:24:06 pm,0,809.16,12.894
7/20/2020,09:54:06 pm,0,809.86,12.876
7/20/2020,10:24:06 pm,0,810.89,12.760
7/20/2020,10:54:06 pm,0,811.90,12.624
7/20/2020,11:24:06 pm,0,811.33,12.450
7/20/2020,11:54:06 pm,0,809.77,12.313
7/21/2020,12:24:06 am,0,808.91,12.228
7/21/2020,12:54:06 am,0,808.49,12.177
7/21/2020,01:24:06 am,0,808.40,12.157
7/21/2020,01:54:06 am,0,808.26,12.133
7/21/2020,02:24:06 am,0,808.12,12.096
7/21/2020,02:54:06 am,0,808.13,12.043
7/21/2020,03:24:06 am,0,808.05,11.976
7/21/2020,03:54:06 am,0,808.08,11.895
7/21/2020,04:24:06 am,0,808.07,11.798
7/21/2020,04:54:06 am,0,808.08,11.693
7/21/2020,05:24:06 am,0,807.99,11.551
7/21/2020,05:54:06 am,0,807.98,11.408
7/21/2020,06:24:06 am,0,807.87,11.254
7/21/2020,06:54:06 am,0,807.70,11.100
7/21/2020,07:24:06 am,0,807.55,10.924
7/21/2020,07:54:06 am,0,807.30,10.780
7/21/2020,08:24:06 am,0,807.17,10.682
7/21/2020,08:54:06 am,0,807.07,10.563
7/21/2020,09:24:06 am,0,806.96,10.460
7/21/2020,09:54:06 am,0,806.84,10.296
7/21/2020,10:24:06 am,0,806.68,10.151
7/21/2020,10:54:06 am,0,806.52,10.018
7/21/2020,11:24:06 am,0,806.36,9.927
7/21/2020,11:54:06 am,0,806.34,9.809
7/21/2020,12:24:06 pm,0,806.26,9.690
7/21/2020,12:54:06 pm,0,806.26,9.562
7/21/2020,01:24:06 pm,0,806.33,9.443
7/21/2020,01:54:06 pm,0,806.32,9.333
7/21/2020,02:24:06 pm,0,806.31,9.229
7/21/2020,02:54:06 pm,0,806.26,9.154
7/21/2020,03:24:06 pm,0,806.23,9.101
7/21/2020,03:54:06 pm,0,806.21,9.065
7/21/2020,04:24:06 pm,0,806.17,9.110
7/21/2020,04:54:06 pm,0,806.14,9.322
7/21/2020,05:24:06 pm,0,806.10,9.618
7/21/2020,05:54:06 pm,0,806.03,9.854
7/21/2020,06:24:06 pm,0,805.89,10.395
7/21/2020,06:54:06 pm,0,805.71,11.104
7/21/2020,07:24:06 pm,0,805.60,11.725
7/21/2020,07:54:06 pm,0,805.40,12.300
7/21/2020,08:24:06 pm,0,805.21,12.977
7/21/2020,08:54:06 pm,0,804.81,13.625
7/21/2020,09:24:06 pm,0,804.65,14.291
7/21/2020,09:54:06 pm,0,804.63,14.766
7/21/2020,10:24:06 pm,0,804.33,15.130
7/21/2020,10:54:06 pm,0,804.07,15.319
7/21/2020,11:24:06 pm,0,804.03,15.397
7/21/2020,11:54:06 pm,0,803.86,15.426
7/22/2020,12:24:06 am,0,803.58,15.415
7/22/2020,12:54:06 am,0,803.47,15.335
7/22/2020,01:24:06 am,0,803.33,15.235
7/22/2020,01:54:06 am,0,803.06,15.128
7/22/2020,02:24:06 am,0,802.97,15.005
7/22/2020,02:54:06 am,0,803.01,14.846
7/22/2020,03:24:06 am,0,803.01,14.681
7/22/2020,03:54:06 am,0,803.08,14.504
7/22/2020,04:24:06 am,0,803.35,14.309
7/22/2020,04:54:06 am,0,803.47,14.103
7/22/2020,05:24:06 am,0,803.48,13.895
7/22/2020,05:54:06 am,0,803.40,13.691
7/22/2020,06:24:06 am,0,803.27,13.492
7/22/2020,06:54:06 am,0,803.22,13.296
7/22/2020,07:24:06 am,0,802.85,13.116
7/22/2020,07:54:06 am,0,802.64,12.951
7/22/2020,08:24:06 am,0,802.51,12.794
7/22/2020,08:54:06 am,0,802.13,12.645
7/22/2020,09:24:06 am,0,802.04,12.502
7/22/2020,09:54:06 am,0,801.76,12.363
7/22/2020,10:24:06 am,0,801.92,12.223
7/22/2020,10:54:06 am,0,801.68,12.090
7/22/2020,11:24:06 am,0,801.66,11.955
7/22/2020,11:54:06 am,0,801.55,11.819
7/22/2020,12:24:06 pm,0,801.32,11.675
7/22/2020,12:54:06 pm,0,801.25,11.540
7/22/2020,01:24:06 pm,0,801.21,11.395
7/22/2020,01:54:06 pm,0,801.27,11.245
7/22/2020,02:24:06 pm,0,801.15,11.117
7/22/2020,02:54:06 pm,0,801.07,10.997
7/22/2020,03:24:06 pm,0,801.26,10.902
7/22/2020,03:54:06 pm,0,801.23,10.841
7/22/2020,04:24:06 pm,0,801.21,10.822
7/22/2020,04:54:06 pm,0,801.32,10.972
7/22/2020,05:24:06 pm,0,801.15,11.221
7/22/2020,05:54:06 pm,0,801.22,11.287
7/22/2020,06:24:06 pm,0,801.25,11.670
7/22/2020,06:54:06 pm,0,801.35,12.244
7/22/2020,07:24:06 pm,0,801.40,12.796
7/22/2020,07:54:06 pm,0,801.41,13.490
7/22/2020,08:24:06 pm,0,801.35,14.284
7/22/2020,08:54:06 pm,0,801.16,15.052
7/22/2020,09:24:06 pm,0,801.23,15.714
7/22/2020,09:54:06 pm,0,801.16,16.213
7/22/2020,10:24:06 pm,0,801.07,16.513
7/22/2020,10:54:06 pm,0,800.86,16.599
7/22/2020,11:24:06 pm,0,800.72,16.619
7/22/2020,11:54:06 pm,0,800.70,16.594
7/23/2020,12:24:06 am,0,800.76,16.522
7/23/2020,12:54:06 am,0,800.64,16.407
7/23/2020,01:24:06 am,0,800.73,16.273
7/23/2020,01:54:06 am,0,800.72,16.095
7/23/2020,02:24:06 am,0,800.50,15.910
7/23/2020,02:54:06 am,0,800.78,15.724
7/23/2020,03:24:06 am,0,800.90,15.532
7/23/2020,03:54:06 am,0,800.92,15.326
7/23/2020,04:24:06 am,0,800.93,15.108
7/23/2020,04:54:06 am,0,801.20,14.865
7/23/2020,05:24:06 am,0,801.24,14.618
7/23/2020,05:54:06 am,0,801.24,14.387
7/23/2020,06:24:06 am,0,801.25,14.130
7/23/2020,06:54:06 am,0,801.35,13.875
7/23/2020,07:24:06 am,0,801.36,13.625
7/23/2020,07:54:06 am,0,801.17,13.385
7/23/2020,08:24:06 am,0,800.92,13.151
7/23/2020,08:54:06 am,0,800.88,12.929
7/23/2020,09:24:06 am,0,800.83,12.710
7/23/2020,09:54:06 am,0,800.63,12.506
7/23/2020,10:24:06 am,0,800.62,12.301
7/23/2020,10:54:06 am,0,800.52,12.105
7/23/2020,11:24:06 am,0,800.43,11.924
7/23/2020,11:54:06 am,0,800.50,11.755
7/23/2020,12:24:06 pm,0,800.44,11.590
7/23/2020,12:54:06 pm,0,800.46,11.439
7/23/2020,01:24:06 pm,0,800.58,11.292
7/23/2020,01:54:06 pm,0,800.68,11.140
7/23/2020,02:24:06 pm,0,800.72,11.003
7/23/2020,02:54:06 pm,0,800.66,10.912
7/23/2020,03:24:06 pm,0,800.67,10.841
7/23/2020,03:54:06 pm,0,800.67,10.771
7/23/2020,04:24:06 pm,0,800.63,10.740
7/23/2020,04:54:06 pm,0,800.99,10.896
7/23/2020,05:24:06 pm,0,801.08,11.050
7/23/2020,05:54:06 pm,0,801.04,11.121
7/23/2020,06:24:06 pm,0,801.28,11.477
7/23/2020,06:54:06 pm,0,801.21,12.009
7/23/2020,07:24:06 pm,0,801.29,12.459
7/23/2020,07:54:06 pm,0,801.31,13.071
7/23/2020,08:24:06 pm,0,801.14,13.808
7/23/2020,08:54:06 pm,0,801.13,14.420
7/23/2020,09:24:06 pm,0,801.39,14.850
7/23/2020,09:54:06 pm,0,801.93,14.910
7/23/2020,10:24:06 pm,0,802.06,14.720
7/23/2020,10:54:06 pm,0,802.17,14.545
7/23/2020,11:24:06 pm,0,801.80,14.435
7/23/2020,11:54:06 pm,0,801.64,14.386
7/24/2020,12:24:06 am,0,801.42,14.356
7/24/2020,12:54:06 am,0,801.44,14.292
7/24/2020,01:24:06 am,0,801.46,14.249
7/24/2020,01:54:06 am,0,801.38,14.177
7/24/2020,02:24:06 am,0,801.34,14.076
7/24/2020,02:54:06 am,0,801.35,13.941
7/24/2020,03:24:06 am,0,801.34,13.800
7/24/2020,03:54:06 am,0,801.49,13.654
7/24/2020,04:24:06 am,0,801.72,13.508
7/24/2020,04:54:06 am,0,801.78,13.356
7/24/2020,05:24:06 am,0,801.90,13.206
7/24/2020,05:54:06 am,0,801.92,13.047
7/24/2020,06:24:06 am,0,802.03,12.894
7/24/2020,06:54:06 am,0,802.07,12.730
7/24/2020,07:24:06 am,0,802.15,12.571
7/24/2020,07:54:06 am,0,802.10,12.406
7/24/2020,08:24:06 am,0,801.98,12.250
7/24/2020,08:54:06 am,0,801.90,12.083
7/24/2020,09:24:06 am,0,801.86,11.926
7/24/2020,09:54:06 am,0,801.82,11.764
7/24/2020,10:24:06 am,0,801.65,11.599
7/24/2020,10:54:06 am,0,801.50,11.442
7/24/2020,11:24:06 am,0,801.49,11.282
7/24/2020,11:54:06 am,0,801.46,11.139
7/24/2020,12:24:06 pm,0,801.58,10.992
7/24/2020,12:54:06 pm,0,801.73,10.851
7/24/2020,01:24:06 pm,0,801.85,10.722
7/24/2020,01:54:06 pm,0,802.04,10.608
7/24/2020,02:24:06 pm,0,802.15,10.501
7/24/2020,02:54:06 pm,0,802.20,10.414
7/24/2020,03:24:06 pm,0,802.26,10.339
7/24/2020,03:54:06 pm,0,802.34,10.303
7/24/2020,04:24:06 pm,0,802.37,10.306
7/24/2020,04:54:06 pm,0,802.40,10.442
7/24/2020,05:24:06 pm,0,802.42,10.663
7/24/2020,05:54:06 pm,0,802.60,10.747
7/24/2020,06:24:06 pm,0,802.70,11.095
7/24/2020,06:54:06 pm,0,802.70,11.612
7/24/2020,07:24:06 pm,0,802.68,12.125
7/24/2020,07:54:06 pm,0,802.62,12.812
7/24/2020,08:24:06 pm,0,802.64,13.658
7/24/2020,08:54:06 pm,0,802.80,14.405
7/24/2020,09:24:06 pm,0,803.31,14.474
7/24/2020,09:54:06 pm,0,803.42,14.270
7/24/2020,10:24:06 pm,0,803.92,14.044
7/24/2020,10:54:06 pm,0,804.15,13.909
7/24/2020,11:24:06 pm,0,804.35,13.823
7/24/2020,11:54:06 pm,0,803.93,13.757
7/25/2020,12:24:06 am,0,803.71,13.702
7/25/2020,12:54:06 am,0,803.53,13.660
7/25/2020,01:24:06 am,0,803.72,13.600
7/25/2020,01:54:06 am,0,803.56,13.527
7/25/2020,02:24:06 am,0,803.31,13.435
7/25/2020,02:54:06 am,0,803.38,13.316
7/25/2020,03:24:06 am,0,803.37,13.167
7/25/2020,03:54:06 am,0,803.53,13.007
7/25/2020,04:24:06 am,0,803.79,12.839
7/25/2020,04:54:06 am,0,803.98,12.657
7/25/2020,05:24:06 am,0,803.87,12.479
7/25/2020,05:54:06 am,0,803.95,12.287
7/25/2020,06:24:06 am,0,804.03,12.086
7/25/2020,06:54:06 am,0,804.15,11.901
7/25/2020,07:24:06 am,0,804.13,11.718
7/25/2020,07:54:06 am,0,804.14,11.522
7/25/2020,08:24:06 am,0,804.17,11.345
7/25/2020,08:54:06 am,0,804.24,11.166
7/25/2020,09:24:06 am,0,804.17,11.004
7/25/2020,09:54:06 am,0,804.09,10.843
7/25/2020,10:24:06 am,0,803.86,10.689
7/25/2020,10:54:06 am,0,803.77,10.528
7/25/2020,11:24:06 am,0,803.73,10.380
7/25/2020,11:54:06 am,0,803.69,10.232
7/25/2020,12:24:06 pm,0,803.71,10.093
7/25/2020,12:54:06 pm,0,803.76,9.955
7/25/2020,01:24:06 pm,0,803.85,9.803
7/25/2020,01:54:06 pm,0,804.06,9.691
7/25/2020,02:24:06 pm,0,804.10,9.578
7/25/2020,02:54:06 pm,0,804.11,9.483
7/25/2020,03:24:06 pm,0,804.22,9.411
7/25/2020,03:54:06 pm,0,804.22,9.371
7/25/2020,04:24:06 pm,0,804.09,9.374
7/25/2020,04:54:06 pm,0,804.18,9.527
7/25/2020,05:24:06 pm,0,804.18,9.747
7/25/2020,05:54:06 pm,0,804.19,9.854
7/25/2020,06:24:06 pm,0,804.28,10.216
7/25/2020,06:54:06 pm,0,804.21,10.827
7/25/2020,07:24:06 pm,0,804.01,11.322
7/25/2020,07:54:06 pm,0,803.91,11.784
7/25/2020,08:24:06 pm,0,803.80,12.099
7/25/2020,08:54:06 pm,0,803.80,12.343
7/25/2020,09:24:06 pm,0,803.90,12.878
7/25/2020,09:54:06 pm,0,803.89,13.452
7/25/2020,10:24:06 pm,0,803.73,13.779
7/25/2020,10:54:06 pm,0,803.91,13.945
7/25/2020,11:24:06 pm,0,803.98,13.921
7/25/2020,11:54:06 pm,0,804.12,13.859
7/26/2020,12:24:06 am,0,804.07,13.781
7/26/2020,12:54:06 am,0,804.02,13.705
7/26/2020,01:24:06 am,0,804.31,13.629
7/26/2020,01:54:06 am,0,804.48,13.577
7/26/2020,02:24:06 am,0,804.40,13.498
7/26/2020,02:54:06 am,0,804.26,13.381
7/26/2020,03:24:06 am,0,804.54,13.244
7/26/2020,03:54:06 am,0,804.28,13.096
7/26/2020,04:24:06 am,0,804.48,12.940
7/26/2020,04:54:06 am,0,804.80,12.786
7/26/2020,05:24:06 am,0,804.85,12.619
7/26/2020,05:54:06 am,0,804.75,12.460
7/26/2020,06:24:06 am,0,804.86,12.302
7/26/2020,06:54:06 am,0,804.93,12.146
7/26/2020,07:24:06 am,0,804.91,11.978
7/26/2020,07:54:06 am,0,804.76,11.813
7/26/2020,08:24:06 am,0,804.74,11.664
7/26/2020,08:54:06 am,0,804.73,11.512
7/26/2020,09:24:06 am,0,804.73,11.359
7/26/2020,09:54:06 am,0,804.74,11.197
7/26/2020,10:24:06 am,0,804.78,11.044
7/26/2020,10:54:06 am,0,804.86,10.900
7/26/2020,11:24:06 am,0,804.78,10.754
7/26/2020,11:54:06 am,0,804.77,10.628
7/26/2020,12:24:06 pm,0,804.87,10.498
7/26/2020,12:54:06 pm,0,804.94,10.359
7/26/2020,01:24:06 pm,0,804.99,10.237
7/26/2020,01:54:06 pm,0,805.02,10.118
7/26/2020,02:24:06 pm,0,805.11,10.019
7/26/2020,02:54:06 pm,0,805.15,9.929
7/26/2020,03:24:06 pm,0,805.20,9.865
7/26/2020,03:54:06 pm,0,805.18,9.814
7/26/2020,04:24:06 pm,0,805.23,9.818
7/26/2020,04:54:06 pm,0,805.25,9.962
7/26/2020,05:24:06 pm,0,805.35,10.152
7/26/2020,05:54:06 pm,0,805.41,10.214
7/26/2020,06:24:06 pm,0,805.37,10.534
7/26/2020,06:54:06 pm,0,805.25,11.035
7/26/2020,07:24:06 pm,0,805.08,11.513
7/26/2020,07:54:06 pm,0,804.85,12.207
7/26/2020,08:24:06 pm,0,804.73,12.955
7/26/2020,08:54:06 pm,0,804.55,13.643
7/26/2020,09:24:06 pm,0,804.43,14.002
7/26/2020,09:54:06 pm,0,804.22,14.291
7/26/2020,10:24:06 pm,0,804.30,14.519
7/26/2020,10:54:06 pm,0,804.40,14.531
7/26/2020,11:24:06 pm,0,804.28,14.515
7/26/2020,11:54:06 pm,0,804.21,14.510
7/27/2020,12:24:06 am,0,804.09,14.499
7/27/2020,12:54:06 am,0,804.07,14.488
7/27/2020,01:24:06 am,0,804.28,14.451
7/27/2020,01:54:06 am,0,804.53,14.364
7/27/2020,02:24:06 am,0,804.62,14.249
7/27/2020,02:54:06 am,0,804.63,14.132
7/27/2020,03:24:06 am,0,804.74,14.010
7/27/2020,03:54:06 am,0,804.92,13.868
7/27/2020,04:24:06 am,0,804.96,13.724
7/27/2020,04:54:06 am,0,805.04,13.573
7/27/2020,05:24:06 am,0,804.88,13.425
7/27/2020,05:54:06 am,0,804.75,13.266
7/27/2020,06:24:06 am,0,804.81,13.109
7/27/2020,06:54:06 am,0,804.74,12.950
7/27/2020,07:24:06 am,0,804.54,12.786
7/27/2020,07:54:06 am,0,804.48,12.622
7/27/2020,08:24:06 am,0,804.39,12.457
7/27/2020,08:54:06 am,0,804.24,12.290
7/27/2020,09:24:06 am,0,804.15,12.122
7/27/2020,09:54:06 am,0,804.14,11.966
7/27/2020,10:24:06 am,0,804.06,11.816
7/27/2020,10:54:06 am,0,803.88,11.664
7/27/2020,11:24:06 am,0,803.77,11.513
7/27/2020,11:54:06 am,0,803.89,11.354
7/27/2020,12:24:06 pm,0,803.98,11.216
7/27/2020,12:54:06 pm,0,803.81,11.055
7/27/2020,01:24:06 pm,0,803.86,10.932
7/27/2020,01:54:06 pm,0,804.00,10.806
7/27/2020,02:24:06 pm,0,804.02,10.694
7/27/2020,02:54:06 pm,0,803.95,10.580
7/27/2020,03:24:06 pm,0,803.89,10.478
7/27/2020,03:54:06 pm,0,803.80,10.429
7/27/2020,04:24:06 pm,0,803.67,10.428
7/27/2020,04:54:06 pm,0,803.60,10.541
7/27/2020,05:24:06 pm,0,803.60,10.638
7/27/2020,05:54:06 pm,0,803.60,10.747
7/27/2020,06:24:06 pm,0,803.50,10.923
7/27/2020,06:54:06 pm,0,803.31,11.328
7/27/2020,07:24:06 pm,0,803.25,11.538
7/27/2020,07:54:06 pm,0,802.97,11.907
7/27/2020,08:24:06 pm,0,802.86,12.561
7/27/2020,08:54:06 pm,0,802.59,13.187
7/27/2020,09:24:06 pm,0,802.38,13.606
7/27/2020,09:54:06 pm,0,802.22,14.144
7/27/2020,10:24:06 pm,0,802.08,14.574
7/27/2020,10:54:06 pm,0,802.00,14.718
7/27/2020,11:24:06 pm,0,801.95,14.718
7/27/2020,11:54:06 pm,0,801.88,14.687
7/28/2020,12:24:06 am,0,801.91,14.610
7/28/2020,12:54:06 am,0,801.91,14.510
7/28/2020,01:24:06 am,0,802.01,14.369
7/28/2020,01:54:06 am,0,802.12,14.235
7/28/2020,02:24:06 am,0,802.35,14.127
7/28/2020,02:54:06 am,0,802.45,14.032
7/28/2020,03:24:06 am,0,802.63,13.938
7/28/2020,03:54:06 am,0,802.82,13.836
7/28/2020,04:24:06 am,0,802.92,13.708
7/28/2020,04:54:06 am,0,803.03,13.583
7/28/2020,05:24:06 am,0,803.16,13.460
7/28/2020,05:54:06 am,0,803.10,13.333
7/28/2020,06:24:06 am,0,803.16,13.192
7/28/2020,06:54:06 am,0,803.17,13.050
7/28/2020,07:24:06 am,0,803.17,12.906
7/28/2020,07:54:06 am,0,803.07,12.768
7/28/2020,08:24:06 am,0,802.97,12.637
7/28/2020,08:54:06 am,0,802.72,12.496
7/28/2020,09:24:06 am,0,802.60,12.348
7/28/2020,09:54:06 am,0,802.45,12.193
7/28/2020,10:24:06 am,0,802.29,12.055
7/28/2020,10:54:06 am,0,802.30,11.922
7/28/2020,11:24:06 am,0,802.36,11.791
7/28/2020,11:54:06 am,0,802.33,11.653
7/28/2020,12:24:06 pm,0,802.37,11.525
7/28/2020,12:54:06 pm,0,802.51,11.392
7/28/2020,01:24:06 pm,0,802.57,11.278
7/28/2020,01:54:06 pm,0,802.67,11.174
7/28/2020,02:24:06 pm,0,802.78,11.056
7/28/2020,02:54:06 pm,0,802.85,10.963
7/28/2020,03:24:06 pm,0,802.98,10.885
7/28/2020,03:54:06 pm,0,802.91,10.847
7/28/2020,04:24:06 pm,0,802.80,10.858
7/28/2020,04:54:06 pm,0,802.85,10.978
7/28/2020,05:24:06 pm,0,802.71,11.158
7/28/2020,05:54:06 pm,0,802.82,11.252
7/28/2020,06:24:06 pm,0,802.78,11.548
7/28/2020,06:54:06 pm,0,802.73,11.924
7/28/2020,07:24:06 pm,0,802.61,12.279
7/28/2020,07:54:06 pm,0,802.50,12.888
7/28/2020,08:24:06 pm,0,802.42,13.630
7/28/2020,08:54:06 pm,0,802.30,14.399
7/28/2020,09:24:06 pm,0,802.18,15.127
7/28/2020,09:54:06 pm,0,801.96,15.732
7/28/2020,10:24:06 pm,0,801.67,16.132
7/28/2020,10:54:06 pm,0,801.55,16.243
7/28/2020,11:24:06 pm,0,801.45,16.201
7/28/2020,11:54:06 pm,0,801.42,16.101
7/29/2020,12:24:06 am,0,801.29,16.001
7/29/2020,12:54:06 am,0,801.30,15.864
7/29/2020,01:24:06 am,0,801.34,15.697
7/29/2020,01:54:06 am,0,801.24,15.555
7/29/2020,02:24:06 am,0,801.25,15.427
7/29/2020,02:54:06 am,0,801.34,15.302
7/29/2020,03:24:06 am,0,801.38,15.179
7/29/2020,03:54:06 am,0,801.64,15.029
7/29/2020,04:24:06 am,0,801.92,14.871
7/29/2020,04:54:06 am,0,802.10,14.715
7/29/2020,05:24:06 am,0,802.16,14.580
7/29/2020,05:54:06 am,0,802.24,14.458
7/29/2020,06:24:06 am,0,802.25,14.335
7/29/2020,06:54:06 am,0,802.15,14.212
7/29/2020,07:24:06 am,0,802.08,14.071
7/29/2020,07:54:06 am,0,802.01,13.940
7/29/2020,08:24:06 am,0,801.85,13.817
7/29/2020,08:54:06 am,0,801.67,13.692
7/29/2020,09:24:06 am,0,801.52,13.559
7/29/2020,09:54:06 am,0,801.46,13.417
7/29/2020,10:24:06 am,0,801.57,13.282
7/29/2020,10:54:06 am,0,801.51,13.135
7/29/2020,11:24:06 am,0,801.40,12.997
7/29/2020,11:54:06 am,0,801.47,12.855
7/29/2020,12:24:06 pm,0,801.66,12.721
7/29/2020,12:54:06 pm,0,801.84,12.576
7/29/2020,01:24:06 pm,0,802.03,12.438
7/29/2020,01:54:06 pm,0,802.10,12.315
7/29/2020,02:24:06 pm,0,802.21,12.200
7/29/2020,02:54:06 pm,0,802.27,12.070
7/29/2020,03:24:06 pm,0,802.37,11.967
7/29/2020,03:54:06 pm,0,802.35,11.890
7/29/2020,04:24:06 pm,0,802.37,11.877
7/29/2020,04:54:06 pm,0,802.40,11.984
7/29/2020,05:24:06 pm,0,802.53,12.146
7/29/2020,05:54:06 pm,0,802.53,12.217
7/29/2020,06:24:06 pm,0,802.60,12.460
7/29/2020,06:54:06 pm,0,802.66,12.781
7/29/2020,07:24:06 pm,0,802.68,13.135
7/29/2020,07:54:06 pm,0,802.43,13.754
7/29/2020,08:24:06 pm,0,802.23,14.483
7/29/2020,08:54:06 pm,0,802.13,15.237
7/29/2020,09:24:06 pm,0,802.04,15.953
7/29/2020,09:54:06 pm,0,801.84,16.570
7/29/2020,10:24:06 pm,0,801.75,16.988
7/29/2020,10:54:06 pm,0,801.73,17.095
7/29/2020,11:24:06 pm,0,801.72,17.008
7/29/2020,11:54:06 pm,0,801.57,16.860
7/30/2020,12:24:06 am,0,801.58,16.694
7/30/2020,12:54:06 am,0,801.45,16.493
7/30/2020,01:24:06 am,0,801.41,16.297
7/30/2020,01:54:06 am,0,801.43,16.120
7/30/2020,02:24:06 am,0,801.47,15.975
7/30/2020,02:54:06 am,0,801.49,15.825
7/30/2020,03:24:06 am,0,801.52,15.681
7/30/2020,03:54:06 am,0,801.59,15.510
7/30/2020,04:24:06 am,0,801.65,15.360
7/30/2020,04:54:06 am,0,801.90,15.196
7/30/2020,05:24:06 am,0,801.91,15.018
7/30/2020,05:54:06 am,0,801.86,14.851
7/30/2020,06:24:06 am,0,801.77,14.695
7/30/2020,06:54:06 am,0,801.86,14.529
7/30/2020,07:24:06 am,0,801.97,14.360
7/30/2020,07:54:06 am,0,802.06,14.207
7/30/2020,08:24:06 am,0,802.04,14.049
7/30/2020,08:54:06 am,0,801.94,13.898
7/30/2020,09:24:06 am,0,801.90,13.751
7/30/2020,09:54:06 am,0,801.82,13.604
7/30/2020,10:24:06 am,0,801.94,13.448
7/30/2020,10:54:06 am,0,802.16,13.304
7/30/2020,11:24:06 am,0,802.27,13.171
7/30/2020,11:54:06 am,0,802.17,13.046
7/30/2020,12:24:06 pm,0,802.10,12.928
7/30/2020,12:54:06 pm,0,802.58,12.814
7/30/2020,01:24:06 pm,0,802.72,12.709
7/30/2020,01:54:06 pm,0,802.79,12.600
7/30/2020,02:24:06 pm,0,802.78,12.491
7/30/2020,02:54:06 pm,0,802.83,12.393
7/30/2020,03:24:06 pm,0,802.84,12.304
7/30/2020,03:54:06 pm,0,802.80,12.254
7/30/2020,04:24:06 pm,0,802.79,12.238
7/30/2020,04:54:06 pm,0,802.84,12.330
7/30/2020,05:24:06 pm,0,802.82,12.444
7/30/2020,05:54:06 pm,0,802.99,12.481
7/30/2020,06:24:06 pm,0,803.02,12.745
7/30/2020,06:54:06 pm,0,802.88,12.998
7/30/2020,07:24:06 pm,0,802.82,13.300
7/30/2020,07:54:06 pm,0,802.81,13.941
7/30/2020,08:24:06 pm,0,802.77,14.636
7/30/2020,08:54:06 pm,0,802.78,15.365
7/30/2020,09:24:06 pm,0,802.64,16.111
7/30/2020,09:54:06 pm,0,802.60,16.777
7/30/2020,10:24:06 pm,0,802.40,17.242
7/30/2020,10:54:06 pm,0,802.31,17.419
7/30/2020,11:24:06 pm,0,802.36,17.332
7/30/2020,11:54:06 pm,0,802.22,17.179
7/31/2020,12:24:06 am,0,802.21,16.967
7/31/2020,12:54:06 am,0,801.90,16.719
7/31/2020,01:24:06 am,0,801.75,16.469
7/31/2020,01:54:06 am,0,801.79,16.243
7/31/2020,02:24:06 am,0,801.68,16.039
7/31/2020,02:54:06 am,0,801.84,15.866
7/31/2020,03:24:06 am,0,801.83,15.709
7/31/2020,03:54:06 am,0,801.87,15.528
7/31/2020,04:24:06 am,0,802.09,15.318
7/31/2020,04:54:06 am,0,801.97,15.144
7/31/2020,05:24:06 am,0,801.94,14.971
7/31/2020,05:54:06 am,0,801.88,14.805
7/31/2020,06:24:06 am,0,801.85,14.635
7/31/2020,06:54:06 am,0,801.75,14.458
7/31/2020,07:24:06 am,0,801.57,14.273
7/31/2020,07:54:06 am,0,801.45,14.108
7/31/2020,08:24:06 am,0,801.33,13.943
7/31/2020,08:54:06 am,0,801.25,13.776
7/31/2020,09:24:06 am,0,801.22,13.604
7/31/2020,09:54:06 am,0,801.13,13.438
7/31/2020,10:24:06 am,0,801.05,13.271
7/31/2020,10:54:06 am,0,800.93,13.106
7/31/2020,11:24:06 am,0,800.92,12.952
7/31/2020,11:54:06 am,0,801.00,12.784
7/31/2020,12:24:06 pm,0,801.09,12.634
7/31/2020,12:54:06 pm,0,801.15,12.489
7/31/2020,01:24:06 pm,0,801.25,12.345
7/31/2020,01:54:06 pm,0,801.40,12.209
7/31/2020,02:24:06 pm,0,801.44,12.095
7/31/2020,02:54:06 pm,0,801.59,12.002
7/31/2020,03:24:06 pm,0,801.66,11.925
7/31/2020,03:54:06 pm,0,801.61,11.891
7/31/2020,04:24:06 pm,0,801.62,11.897
7/31/2020,04:54:06 pm,0,801.75,12.002
7/31/2020,05:24:06 pm,0,801.78,12.145
7/31/2020,05:54:06 pm,0,801.83,12.181
7/31/2020,06:24:06 pm,0,801.82,12.401
7/31/2020,06:54:06 pm,0,801.88,12.599
7/31/2020,07:24:06 pm,0,801.79,12.812
7/31/2020,07:54:06 pm,0,801.86,13.390
7/31/2020,08:24:06 pm,0,801.98,14.016
7/31/2020,08:54:06 pm,0,801.76,14.692
7/31/2020,09:24:06 pm,0,801.80,15.378
7/31/2020,09:54:06 pm,0,801.67,15.998
7/31/2020,10:24:06 pm,0,801.47,16.591
7/31/2020,10:54:06 pm,0,801.31,17.062
7/31/2020,11:24:06 pm,0,801.13,17.096
7/31/2020,11:54:06 pm,0,801.00,17.023
8/1/2020,12:24:06 am,0,800.76,16.872
8/1/2020,12:54:06 am,0,800.62,16.645
8/1/2020,01:24:06 am,0,800.78,16.368
8/1/2020,01:54:06 am,0,800.79,16.113
8/1/2020,02:24:06 am,0,800.80,15.947
8/1/2020,02:54:06 am,0,800.72,15.765
8/1/2020,03:24:06 am,0,800.93,15.574
8/1/2020,03:54:06 am,0,801.07,15.357
8/1/2020,04:24:06 am,0,801.24,15.174
8/1/2020,04:54:06 am,0,801.28,14.987
8/1/2020,05:24:06 am,0,801.25,14.801
8/1/2020,05:54:06 am,0,801.07,14.611
8/1/2020,06:24:06 am,0,801.12,14.441
8/1/2020,06:54:06 am,0,801.07,14.266
8/1/2020,07:24:06 am,0,800.91,14.098
8/1/2020,07:54:06 am,0,800.64,13.945
8/1/2020,08:24:06 am,0,800.49,13.798
8/1/2020,08:54:06 am,0,800.33,13.645
8/1/2020,09:24:06 am,0,800.22,13.470
8/1/2020,09:54:06 am,0,800.12,13.311
8/1/2020,10:24:06 am,0,800.06,13.163
8/1/2020,10:54:06 am,0,799.95,13.013
8/1/2020,11:24:06 am,0,799.91,12.856
8/1/2020,11:54:06 am,0,799.96,12.702
8/1/2020,12:24:06 pm,0,800.08,12.535
8/1/2020,12:54:06 pm,0,800.19,12.397
8/1/2020,01:24:06 pm,0,800.36,12.246
8/1/2020,01:54:06 pm,0,800.38,12.084
8/1/2020,02:24:06 pm,0,800.52,11.945
8/1/2020,02:54:06 pm,0,800.61,11.828
8/1/2020,03:24:06 pm,0,800.66,11.706
8/1/2020,03:54:06 pm,0,800.75,11.614
8/1/2020,04:24:06 pm,0,800.60,11.602
8/1/2020,04:54:06 pm,0,800.51,11.720
8/1/2020,05:24:06 pm,0,800.60,11.875
8/1/2020,05:54:06 pm,0,800.70,11.867
8/1/2020,06:24:06 pm,0,800.79,12.057
8/1/2020,06:54:06 pm,0,800.72,12.134
8/1/2020,07:24:06 pm,0,800.75,12.285
8/1/2020,07:54:06 pm,0,800.64,12.672
8/1/2020,08:24:06 pm,0,800.52,13.208
8/1/2020,08:54:06 pm,0,800.56,13.785
8/1/2020,09:24:06 pm,0,800.42,14.362
8/1/2020,09:54:06 pm,0,800.40,14.930
8/1/2020,10:24:06 pm,0,800.19,15.435
8/1/2020,10:54:06 pm,0,800.10,15.787
8/1/2020,11:24:06 pm,0,800.07,16.058
8/1/2020,11:54:06 pm,0,799.90,16.260
8/2/2020,12:24:06 am,0,799.87,16.335
8/2/2020,12:54:06 am,0,799.77,16.231
8/2/2020,01:24:06 am,0,799.71,16.065
8/2/2020,01:54:06 am,0,799.66,15.884
8/2/2020,02:24:06 am,0,799.42,15.676
8/2/2020,02:54:06 am,0,799.60,15.492
8/2/2020,03:24:06 am,0,799.67,15.287
8/2/2020,03:54:06 am,0,799.82,15.118
8/2/2020,04:24:06 am,0,799.93,14.893
8/2/2020,04:54:06 am,0,800.03,14.704
8/2/2020,05:24:06 am,0,800.00,14.537
8/2/2020,05:54:06 am,0,800.06,14.346
8/2/2020,06:24:06 am,0,799.97,14.148
8/2/2020,06:54:06 am,0,799.93,13.958
8/2/2020,07:24:06 am,0,799.84,13.782
8/2/2020,07:54:06 am,0,799.70,13.610
8/2/2020,08:24:06 am,0,799.71,13.444
8/2/2020,08:54:06 am,0,799.60,13.287
8/2/2020,09:24:06 am,0,799.53,13.135
8/2/2020,09:54:06 am,0,799.48,12.982
8/2/2020,10:24:06 am,0,799.37,12.827
8/2/2020,10:54:06 am,0,799.29,12.673
8/2/2020,11:24:06 am,0,799.18,12.547
8/2/2020,11:54:06 am,0,799.06,12.403
8/2/2020,12:24:06 pm,0,799.04,12.261
8/2/2020,12:54:06 pm,0,799.16,12.131
8/2/2020,01:24:06 pm,0,799.25,11.993
8/2/2020,01:54:06 pm,0,799.45,11.874
8/2/2020,02:24:06 pm,0,799.48,11.755
8/2/2020,02:54:06 pm,0,799.37,11.650
8/2/2020,03:24:06 pm,0,799.45,11.559
8/2/2020,03:54:06 pm,0,799.40,11.507
8/2/2020,04:24:06 pm,0,799.40,11.492
8/2/2020,04:54:06 pm,0,799.30,11.590
8/2/2020,05:24:06 pm,0,799.37,11.774
8/2/2020,05:54:06 pm,0,799.48,11.762
8/2/2020,06:24:06 pm,0,799.53,11.910
8/2/2020,06:54:06 pm,0,799.40,12.043
8/2/2020,07:24:06 pm,0,799.43,12.146
8/2/2020,07:54:06 pm,0,799.45,12.554
8/2/2020,08:24:06 pm,0,799.54,13.067
8/2/2020,08:54:06 pm,0,799.44,13.648
8/2/2020,09:24:06 pm,0,799.43,14.222
8/2/2020,09:54:06 pm,0,799.39,14.782
8/2/2020,10:24:06 pm,0,799.46,15.278
8/2/2020,10:54:06 pm,0,799.48,15.642
8/2/2020,11:24:06 pm,0,799.40,15.910
8/2/2020,11:54:06 pm,0,799.26,16.023
8/3/2020,12:24:06 am,0,799.16,16.031
8/3/2020,12:54:06 am,0,799.06,15.948
8/3/2020,01:24:06 am,0,799.01,15.751
8/3/2020,01:54:06 am,0,798.94,15.568
8/3/2020,02:24:06 am,0,799.06,15.350
8/3/2020,02:54:06 am,0,799.13,15.141
8/3/2020,03:24:06 am,0,799.22,15.001
8/3/2020,03:54:06 am,0,799.47,14.770
8/3/2020,04:24:06 am,0,799.70,14.529
8/3/2020,04:54:06 am,0,799.77,14.285
8/3/2020,05:24:06 am,0,799.76,14.074
8/3/2020,05:54:06 am,0,799.68,13.840
8/3/2020,06:24:06 am,0,799.53,13.613
8/3/2020,06:54:06 am,0,799.58,13.387
8/3/2020,07:24:06 am,0,799.49,13.164
8/3/2020,07:54:06 am,0,799.44,12.941
8/3/2020,08:24:06 am,0,799.25,12.729
8/3/2020,08:54:06 am,0,799.13,12.500
8/3/2020,09:24:06 am,0,799.18,12.282
8/3/2020,09:54:06 am,0,799.08,12.069
8/3/2020,10:24:06 am,0,799.07,11.856
8/3/2020,10:54:06 am,0,799.13,11.657
8/3/2020,11:24:06 am,0,799.05,11.476
8/3/2020,11:54:06 am,0,799.02,11.271
8/3/2020,12:24:06 pm,0,798.97,11.084
8/3/2020,12:54:06 pm,0,798.95,10.896
8/3/2020,01:24:06 pm,0,798.88,10.732
8/3/2020,01:54:06 pm,0,798.89,10.559
8/3/2020,02:24:06 pm,0,798.93,10.413
8/3/2020,02:54:06 pm,0,798.94,10.281
8/3/2020,03:24:06 pm,0,798.93,10.171
8/3/2020,03:54:06 pm,0,798.84,10.097
8/3/2020,04:24:06 pm,0,798.77,10.051
8/3/2020,04:54:06 pm,0,798.71,10.144
8/3/2020,05:24:06 pm,0,798.69,10.296
8/3/2020,05:54:06 pm,0,798.72,10.314
8/3/2020,06:24:06 pm,0,798.80,10.475
8/3/2020,06:54:06 pm,0,798.77,10.675
8/3/2020,07:24:06 pm,0,798.61,10.793
8/3/2020,07:54:06 pm,0,798.60,11.191
8/3/2020,08:24:06 pm,0,798.44,11.695
8/3/2020,08:54:06 pm,0,798.26,12.265
8/3/2020,09:24:06 pm,0,798.09,12.871
8/3/2020,09:54:06 pm,0,797.94,13.450
8/3/2020,10:24:06 pm,0,797.80,13.997
8/3/2020,10:54:06 pm,0,797.58,14.381
8/3/2020,11:24:06 pm,0,797.44,14.647
8/3/2020,11:54:06 pm,0,797.26,14.845
8/4/2020,12:24:06 am,0,797.06,14.946
8/4/2020,12:54:06 am,0,796.90,14.948
8/4/2020,01:24:06 am,0,796.80,14.892
8/4/2020,01:54:06 am,0,796.78,14.811
8/4/2020,02:24:06 am,0,796.61,14.684
8/4/2020,02:54:06 am,0,796.57,14.529
8/4/2020,03:24:06 am,0,796.54,14.405
8/4/2020,03:54:06 am,0,796.63,14.215
8/4/2020,04:24:06 am,0,796.74,14.010
8/4/2020,04:54:06 am,0,796.73,13.834
8/4/2020,05:24:06 am,0,796.51,13.640
8/4/2020,05:54:06 am,0,796.44,13.462
8/4/2020,06:24:06 am,0,796.27,13.291
8/4/2020,06:54:06 am,0,796.19,13.116
8/4/2020,07:24:06 am,0,796.07,12.947
8/4/2020,07:54:06 am,0,796.00,12.781
8/4/2020,08:24:06 am,0,795.81,12.615
8/4/2020,08:54:06 am,0,795.57,12.435
8/4/2020,09:24:06 am,0,795.54,12.285
8/4/2020,09:54:06 am,0,795.42,12.124
8/4/2020,10:24:06 am,0,795.15,11.974
8/4/2020,10:54:06 am,0,795.27,11.818
8/4/2020,11:24:06 am,0,795.35,11.672
8/4/2020,11:54:06 am,0,795.39,11.536
8/4/2020,12:24:06 pm,0,795.47,11.367
8/4/2020,12:54:06 pm,0,795.60,11.248
8/4/2020,01:24:06 pm,0,795.68,11.124
8/4/2020,01:54:06 pm,0,795.80,10.999
8/4/2020,02:24:06 pm,0,795.93,10.874
8/4/2020,02:54:06 pm,0,795.91,10.774
8/4/2020,03:24:06 pm,0,795.94,10.684
8/4/2020,03:54:06 pm,0,795.91,10.604
8/4/2020,04:24:06 pm,0,795.75,10.569
8/4/2020,04:54:06 pm,0,795.69,10.672
8/4/2020,05:24:06 pm,0,795.66,10.855
8/4/2020,05:54:06 pm,0,795.73,10.843
8/4/2020,06:24:06 pm,0,795.65,10.983
8/4/2020,06:54:06 pm,0,795.72,11.138
8/4/2020,07:24:06 pm,0,795.57,11.298
8/4/2020,07:54:06 pm,0,795.40,11.691
8/4/2020,08:24:06 pm,0,795.20,12.196
8/4/2020,08:54:06 pm,0,795.10,12.771
8/4/2020,09:24:06 pm,0,794.96,13.350
8/4/2020,09:54:06 pm,0,794.71,13.953
8/4/2020,10:24:06 pm,0,794.49,14.527
8/4/2020,10:54:06 pm,0,794.31,14.859
8/4/2020,11:24:06 pm,0,794.13,15.050
8/4/2020,11:54:06 pm,0,793.95,15.161
8/5/2020,12:24:06 am,0,793.83,15.225
8/5/2020,12:54:06 am,0,793.43,15.216
8/5/2020,01:24:06 am,0,793.27,15.130
8/5/2020,01:54:06 am,0,793.16,15.037
8/5/2020,02:24:06 am,0,792.99,14.932
8/5/2020,02:54:06 am,0,792.95,14.831
8/5/2020,03:24:06 am,0,792.82,14.716
8/5/2020,03:54:06 am,0,792.80,14.598
8/5/2020,04:24:06 am,0,792.92,14.449
8/5/2020,04:54:06 am,0,792.89,14.275
8/5/2020,05:24:06 am,0,792.79,14.099
8/5/2020,05:54:06 am,0,792.62,13.938
8/5/2020,06:24:06 am,0,792.50,13.770
8/5/2020,06:54:06 am,0,792.25,13.590
8/5/2020,07:24:06 am,0,792.17,13.436
8/5/2020,07:54:06 am,0,792.03,13.261
8/5/2020,08:24:06 am,0,791.86,13.106
8/5/2020,08:54:06 am,0,791.66,12.946
8/5/2020,09:24:06 am,0,791.53,12.788
8/5/2020,09:54:06 am,0,791.32,12.635
8/5/2020,10:24:06 am,0,791.26,12.488
8/5/2020,10:54:06 am,0,791.25,12.340
8/5/2020,11:24:06 am,0,791.13,12.156
8/5/2020,11:54:06 am,0,791.10,12.026
8/5/2020,12:24:06 pm,0,790.94,11.898
8/5/2020,12:54:06 pm,0,790.96,11.756
8/5/2020,01:24:06 pm,0,790.97,11.609
8/5/2020,01:54:06 pm,0,790.95,11.487
8/5/2020,02:24:06 pm,0,790.86,11.372
8/5/2020,02:54:06 pm,0,790.80,11.250
8/5/2020,03:24:06 pm,0,790.62,11.152
8/5/2020,03:54:06 pm,0,790.48,11.064
8/5/2020,04:24:06 pm,0,790.32,10.989
8/5/2020,04:54:06 pm,0,790.35,11.059
8/5/2020,05:24:06 pm,0,790.36,11.111
8/5/2020,05:54:06 pm,0,790.43,11.111
8/5/2020,06:24:06 pm,0,790.46,11.283
8/5/2020,06:54:06 pm,0,790.41,11.390
8/5/2020,07:24:06 pm,0,790.21,11.545
8/5/2020,07:54:06 pm,0,790.09,11.936
8/5/2020,08:24:06 pm,0,790.02,12.451
8/5/2020,08:54:06 pm,0,789.90,13.015
8/5/2020,09:24:06 pm,0,789.79,13.595
8/5/2020,09:54:06 pm,0,789.74,14.175
8/5/2020,10:24:06 pm,0,789.63,14.686
8/5/2020,10:54:06 pm,0,789.49,15.022
8/5/2020,11:24:06 pm,0,789.29,15.207
8/5/2020,11:54:06 pm,0,789.19,15.300
8/6/2020,12:24:06 am,0,788.93,15.345
8/6/2020,12:54:06 am,0,788.72,15.333
8/6/2020,01:24:06 am,0,788.69,15.259
8/6/2020,01:54:06 am,0,788.70,15.162
8/6/2020,02:24:06 am,0,788.79,15.027
8/6/2020,02:54:06 am,0,788.80,14.870
8/6/2020,03:24:06 am,0,788.93,14.725
8/6/2020,03:54:06 am,0,789.02,14.575
8/6/2020,04:24:06 am,0,789.15,14.406
8/6/2020,04:54:06 am,0,789.27,14.223
8/6/2020,05:24:06 am,0,789.18,14.051
8/6/2020,05:54:06 am,0,789.06,13.869
8/6/2020,06:24:06 am,0,789.03,13.689
8/6/2020,06:54:06 am,0,788.98,13.512
8/6/2020,07:24:06 am,0,788.86,13.361
8/6/2020,07:54:06 am,0,788.77,13.205
8/6/2020,08:24:06 am,0,788.59,13.046
8/6/2020,08:54:06 am,0,788.29,12.894
8/6/2020,09:24:06 am,0,788.07,12.742
8/6/2020,09:54:06 am,0,787.78,12.582
8/6/2020,10:24:06 am,0,787.60,12.429
8/6/2020,10:54:06 am,0,787.54,12.267
8/6/2020,11:24:06 am,0,787.33,12.123
8/6/2020,11:54:06 am,0,787.08,11.966
8/6/2020,12:24:06 pm,0,787.07,11.829
8/6/2020,12:54:06 pm,0,787.02,11.671
8/6/2020,01:24:06 pm,0,786.96,11.525
8/6/2020,01:54:06 pm,0,786.93,11.384
8/6/2020,02:24:06 pm,0,786.90,11.271
8/6/2020,02:54:06 pm,0,786.79,11.152
8/6/2020,03:24:06 pm,0,786.81,11.039
8/6/2020,03:54:06 pm,0,786.69,10.945
8/6/2020,04:24:06 pm,0,786.51,10.888
8/6/2020,04:54:06 pm,0,786.46,10.972
8/6/2020,05:24:06 pm,0,786.51,11.001
8/6/2020,05:54:06 pm,0,786.59,11.010
8/6/2020,06:24:06 pm,0,786.56,11.149
8/6/2020,06:54:06 pm,0,786.63,11.235
8/6/2020,07:24:06 pm,0,786.65,11.426
8/6/2020,07:54:06 pm,0,786.75,11.863
8/6/2020,08:24:06 pm,0,786.74,12.392
8/6/2020,08:54:06 pm,0,786.73,12.970
8/6/2020,09:24:06 pm,0,786.83,13.575
8/6/2020,09:54:06 pm,0,786.89,14.166
8/6/2020,10:24:06 pm,0,786.87,14.685
8/6/2020,10:54:06 pm,0,786.74,15.020
8/6/2020,11:24:06 pm,0,786.64,15.200
8/6/2020,11:54:06 pm,0,786.87,15.291
8/7/2020,12:24:06 am,0,786.80,15.315
8/7/2020,12:54:06 am,0,786.80,15.291
8/7/2020,01:24:06 am,0,786.68,15.221
8/7/2020,01:54:06 am,0,787.03,15.117
8/7/2020,02:24:06 am,0,787.01,15.006
8/7/2020,02:54:06 am,0,787.17,14.862
8/7/2020,03:24:06 am,0,787.23,14.683
8/7/2020,03:54:06 am,0,787.41,14.499
8/7/2020,04:24:06 am,0,787.59,14.326
8/7/2020,04:54:06 am,0,787.78,14.146
8/7/2020,05:24:06 am,0,787.72,13.960
8/7/2020,05:54:06 am,0,787.54,13.780
8/7/2020,06:24:06 am,0,787.37,13.592
8/7/2020,06:54:06 am,0,787.43,13.428
8/7/2020,07:24:06 am,0,787.28,13.276
8/7/2020,07:54:06 am,0,787.14,13.108
8/7/2020,08:24:06 am,0,786.99,12.972
8/7/2020,08:54:06 am,0,786.70,12.832
8/7/2020,09:24:06 am,0,786.48,12.671
8/7/2020,09:54:06 am,0,786.28,12.528
8/7/2020,10:24:06 am,0,786.23,12.380
8/7/2020,10:54:06 am,0,786.15,12.235
8/7/2020,11:24:06 am,0,786.09,12.088
8/7/2020,11:54:06 am,0,786.03,11.955
8/7/2020,12:24:06 pm,0,786.11,11.814
8/7/2020,12:54:06 pm,0,786.10,11.680
8/7/2020,01:24:06 pm,0,786.13,11.541
8/7/2020,01:54:06 pm,0,786.12,11.413
8/7/2020,02:24:06 pm,0,786.19,11.325
8/7/2020,02:54:06 pm,0,786.30,11.233
8/7/2020,03:24:06 pm,0,786.28,11.158
8/7/2020,03:54:06 pm,0,786.26,11.097
8/7/2020,04:24:06 pm,0,786.35,11.059
8/7/2020,04:54:06 pm,0,786.33,11.138
8/7/2020,05:24:06 pm,0,786.29,11.159
8/7/2020,05:54:06 pm,0,786.24,11.169
8/7/2020,06:24:06 pm,0,786.27,11.345
8/7/2020,06:54:06 pm,0,786.48,11.465
8/7/2020,07:24:06 pm,0,786.56,11.556
8/7/2020,07:54:06 pm,0,786.62,11.718
8/7/2020,08:24:06 pm,0,786.73,12.054
8/7/2020,08:54:06 pm,0,786.91,12.289
8/7/2020,09:24:06 pm,0,786.79,12.407
8/7/2020,09:54:06 pm,0,786.78,12.556
8/7/2020,10:24:06 pm,0,786.76,12.912
8/7/2020,10:54:06 pm,0,786.88,13.195
8/7/2020,11:24:06 pm,0,787.11,13.344
8/7/2020,11:54:06 pm,0,787.47,13.381
8/8/2020,12:24:06 am,0,787.72,13.425
8/8/2020,12:54:06 am,0,787.82,13.442
8/8/2020,01:24:06 am,0,787.81,13.450
8/8/2020,01:54:06 am,0,788.06,13.423
8/8/2020,02:24:06 am,0,788.22,13.377
8/8/2020,02:54:06 am,0,788.48,13.310
8/8/2020,03:24:06 am,0,788.73,13.204
8/8/2020,03:54:06 am,0,789.09,13.096
8/8/2020,04:24:06 am,0,789.48,12.973
8/8/2020,04:54:06 am,0,789.58,12.864
8/8/2020,05:24:06 am,0,789.74,12.752
8/8/2020,05:54:06 am,0,789.85,12.640
8/8/2020,06:24:06 am,0,789.98,12.530
8/8/2020,06:54:06 am,0,790.08,12.417
8/8/2020,07:24:06 am,0,790.13,12.315
8/8/2020,07:54:06 am,0,790.16,12.202
8/8/2020,08:24:06 am,0,790.16,12.084
8/8/2020,08:54:06 am,0,790.24,11.967
8/8/2020,09:24:06 am,0,790.23,11.830
8/8/2020,09:54:06 am,0,790.40,11.714
8/8/2020,10:24:06 am,0,790.40,11.585
8/8/2020,10:54:06 am,0,790.54,11.455
8/8/2020,11:24:06 am,0,790.57,11.328
8/8/2020,11:54:06 am,0,790.63,11.204
8/8/2020,12:24:06 pm,0,790.72,11.084
8/8/2020,12:54:06 pm,0,790.81,10.949
8/8/2020,01:24:06 pm,0,791.08,10.828
8/8/2020,01:54:06 pm,0,791.29,10.704
8/8/2020,02:24:06 pm,0,791.30,10.599
8/8/2020,02:54:06 pm,0,791.36,10.491
8/8/2020,03:24:06 pm,0,791.45,10.400
8/8/2020,03:54:06 pm,0,791.47,10.339
8/8/2020,04:24:06 pm,0,791.42,10.312
8/8/2020,04:54:06 pm,0,791.53,10.395
8/8/2020,05:24:06 pm,0,791.57,10.442
8/8/2020,05:54:06 pm,0,791.60,10.472
8/8/2020,06:24:06 pm,0,791.66,10.636
8/8/2020,06:54:06 pm,0,791.57,10.696
8/8/2020,07:24:06 pm,0,791.42,10.897
8/8/2020,07:54:06 pm,0,791.33,11.304
8/8/2020,08:24:06 pm,0,791.33,11.789
8/8/2020,08:54:06 pm,0,791.30,12.359
8/8/2020,09:24:06 pm,0,791.33,12.925
8/8/2020,09:54:06 pm,0,791.41,13.240
8/8/2020,10:24:06 pm,0,791.72,13.420
8/8/2020,10:54:06 pm,0,791.42,13.568
8/8/2020,11:24:06 pm,0,791.26,13.703
8/8/2020,11:54:06 pm,0,791.21,13.753
8/9/2020,12:24:06 am,0,791.22,13.811
8/9/2020,12:54:06 am,0,791.12,13.895
8/9/2020,01:24:06 am,0,791.09,13.937
8/9/2020,01:54:06 am,0,791.02,13.935
8/9/2020,02:24:06 am,0,791.09,13.929
8/9/2020,02:54:06 am,0,791.16,13.908
8/9/2020,03:24:06 am,0,791.28,13.860
8/9/2020,03:54:06 am,0,791.47,13.778
8/9/2020,04:24:06 am,0,791.65,13.669
8/9/2020,04:54:06 am,0,791.76,13.544
8/9/2020,05:24:06 am,0,791.85,13.429
8/9/2020,05:54:06 am,0,791.88,13.309
8/9/2020,06:24:06 am,0,791.85,13.187
8/9/2020,06:54:06 am,0,791.83,13.054
8/9/2020,07:24:06 am,0,791.88,12.934
8/9/2020,07:54:06 am,0,791.81,12.806
8/9/2020,08:24:06 am,0,791.71,12.686
8/9/2020,08:54:06 am,0,791.69,12.571
8/9/2020,09:24:06 am,0,791.67,12.454
8/9/2020,09:54:06 am,0,791.65,12.326
8/9/2020,10:24:06 am,0,791.64,12.201
8/9/2020,10:54:06 am,0,791.64,12.077
8/9/2020,11:24:06 am,0,791.62,11.943
8/9/2020,11:54:06 am,0,791.73,11.821
8/9/2020,12:24:06 pm,0,791.85,11.691
8/9/2020,12:54:06 pm,0,792.07,11.552
8/9/2020,01:24:06 pm,0,792.41,11.414
8/9/2020,01:54:06 pm,0,792.69,11.287
8/9/2020,02:24:06 pm,0,792.87,11.151
8/9/2020,02:54:06 pm,0,793.21,11.034
8/9/2020,03:24:06 pm,0,793.47,10.920
8/9/2020,03:54:06 pm,0,793.63,10.824
8/9/2020,04:24:06 pm,0,793.84,10.767
8/9/2020,04:54:06 pm,0,794.08,10.830
8/9/2020,05:24:06 pm,0,794.11,10.862
8/9/2020,05:54:06 pm,0,794.29,10.889
8/9/2020,06:24:06 pm,0,794.37,11.079
8/9/2020,06:54:06 pm,0,794.40,11.111
8/9/2020,07:24:06 pm,0,794.32,11.308
8/9/2020,07:54:06 pm,0,794.08,11.687
8/9/2020,08:24:06 pm,0,793.95,12.171
8/9/2020,08:54:06 pm,0,793.84,12.623
8/9/2020,09:24:06 pm,0,793.71,13.121
8/9/2020,09:54:06 pm,0,793.51,13.546
8/9/2020,10:24:06 pm,0,793.40,13.927
8/9/2020,10:54:06 pm,0,793.39,14.132
8/9/2020,11:24:06 pm,0,793.47,14.305
8/9/2020,11:54:06 pm,0,793.59,14.433
8/10/2020,12:24:06 am,0,793.69,14.503
8/10/2020,12:54:06 am,0,793.53,14.540
8/10/2020,01:24:06 am,0,793.48,14.583
8/10/2020,01:54:06 am,0,793.45,14.609
8/10/2020,02:24:06 am,0,793.59,14.611
8/10/2020,02:54:06 am,0,793.54,14.601
8/10/2020,03:24:06 am,0,793.62,14.575
8/10/2020,03:54:06 am,0,793.83,14.476
8/10/2020,04:24:06 am,0,794.06,14.347
8/10/2020,04:54:06 am,0,794.10,14.213
8/10/2020,05:24:06 am,0,794.00,14.069
8/10/2020,05:54:06 am,0,793.98,13.922
8/10/2020,06:24:06 am,0,793.99,13.776
8/10/2020,06:54:06 am,0,794.04,13.637
8/10/2020,07:24:06 am,0,793.99,13.491
8/10/2020,07:54:06 am,0,793.91,13.340
8/10/2020,08:24:06 am,0,793.77,13.201
8/10/2020,08:54:06 am,0,793.68,13.066
8/10/2020,09:24:06 am,0,793.52,12.932
8/10/2020,09:54:06 am,0,793.47,12.798
8/10/2020,10:24:06 am,0,793.46,12.668
8/10/2020,10:54:06 am,0,793.44,12.544
8/10/2020,11:24:06 am,0,793.40,12.416
8/10/2020,11:54:06 am,0,793.41,12.277
8/10/2020,12:24:06 pm,0,793.49,12.161
8/10/2020,12:54:06 pm,0,793.50,12.035
8/10/2020,01:24:06 pm,0,793.65,11.907
8/10/2020,01:54:06 pm,0,793.81,11.791
8/10/2020,02:24:06 pm,0,793.89,11.676
8/10/2020,02:54:06 pm,0,793.85,11.563
8/10/2020,03:24:06 pm,0,793.91,11.457
8/10/2020,03:54:06 pm,0,793.79,11.373
8/10/2020,04:24:06 pm,0,793.76,11.324
8/10/2020,04:54:06 pm,0,793.75,11.379
8/10/2020,05:24:06 pm,0,793.78,11.437
8/10/2020,05:54:06 pm,0,793.79,11.458
8/10/2020,06:24:06 pm,0,793.83,11.673
8/10/2020,06:54:06 pm,0,793.72,11.738
8/10/2020,07:24:06 pm,0,793.58,11.997
8/10/2020,07:54:06 pm,0,793.47,12.420
8/10/2020,08:24:06 pm,0,793.32,12.632
8/10/2020,08:54:06 pm,0,793.43,12.809
8/10/2020,09:24:06 pm,0,793.59,12.913
8/10/2020,09:54:06 pm,0,793.47,12.991
8/10/2020,10:24:06 pm,0,793.38,13.083
8/10/2020,10:54:06 pm,0,793.13,13.199
8/10/2020,11:24:06 pm,0,792.86,13.308
8/10/2020,11:54:06 pm,0,792.82,13.454
8/11/2020,12:24:06 am,0,792.19,13.537
8/11/2020,12:54:06 am,0,792.58,13.574
8/11/2020,01:24:06 am,0,792.56,13.601
8/11/2020,01:54:06 am,0,792.57,13.620
8/11/2020,02:24:06 am,0,792.47,13.624
8/11/2020,02:54:06 am,0,792.51,13.581
8/11/2020,03:24:06 am,0,792.47,13.505
8/11/2020,03:54:06 am,0,792.65,13.399
8/11/2020,04:24:06 am,0,793.02,13.301
8/11/2020,04:54:06 am,0,793.13,13.189
8/11/2020,05:24:06 am,0,792.90,13.090
8/11/2020,05:54:06 am,0,792.80,12.994
8/11/2020,06:24:06 am,0,792.53,12.904
8/11/2020,06:54:06 am,0,792.47,12.818
8/11/2020,07:24:06 am,0,792.45,12.734
8/11/2020,07:54:06 am,0,792.22,12.649
8/11/2020,08:24:06 am,0,792.04,12.563
8/11/2020,08:54:06 am,0,791.92,12.464
8/11/2020,09:24:06 am,0,791.73,12.364
8/11/2020,09:54:06 am,0,791.55,12.256
8/11/2020,10:24:06 am,0,791.55,12.153
8/11/2020,10:54:06 am,0,791.47,12.042
8/11/2020,11:24:06 am,0,791.51,11.921
8/11/2020,11:54:06 am,0,791.40,11.810
8/11/2020,12:24:06 pm,0,791.37,11.707
8/11/2020,12:54:06 pm,0,791.33,11.608
8/11/2020,01:24:06 pm,0,791.37,11.502
8/11/2020,01:54:06 pm,0,791.45,11.410
8/11/2020,02:24:06 pm,0,791.48,11.321
8/11/2020,02:54:06 pm,0,791.51,11.242
8/11/2020,03:24:06 pm,0,791.50,11.156
8/11/2020,03:54:06 pm,0,791.40,11.088
8/11/2020,04:24:06 pm,0,791.22,11.061
8/11/2020,04:54:06 pm,0,791.18,11.106
8/11/2020,05:24:06 pm,0,791.11,11.169
8/11/2020,05:54:06 pm,0,791.13,11.193
8/11/2020,06:24:06 pm,0,791.08,11.381
8/11/2020,06:54:06 pm,0,790.87,11.426
8/11/2020,07:24:06 pm,0,791.04,11.463
8/11/2020,07:54:06 pm,0,790.94,11.592
8/11/2020,08:24:06 pm,0,790.83,11.902
8/11/2020,08:54:06 pm,0,790.88,12.039
8/11/2020,09:24:06 pm,0,790.97,12.096
8/11/2020,09:54:06 pm,0,791.10,12.157
8/11/2020,10:24:06 pm,0,790.91,12.243
8/11/2020,10:54:06 pm,0,790.80,12.297
8/11/2020,11:24:06 pm,0,790.53,12.371
8/11/2020,11:54:06 pm,0,790.48,12.465
8/12/2020,12:24:06 am,0,790.37,12.558
8/12/2020,12:54:06 am,0,790.09,12.620
8/12/2020,01:24:06 am,0,790.01,12.658
8/12/2020,01:54:06 am,0,790.03,12.662
8/12/2020,02:24:06 am,0,790.12,12.643
8/12/2020,02:54:06 am,0,790.34,12.588
8/12/2020,03:24:06 am,0,790.46,12.505
8/12/2020,03:54:06 am,0,790.72,12.405
8/12/2020,04:24:06 am,0,791.00,12.328
8/12/2020,04:54:06 am,0,791.23,12.246
8/12/2020,05:24:06 am,0,791.16,12.158
8/12/2020,05:54:06 am,0,791.20,12.066
8/12/2020,06:24:06 am,0,791.17,11.958
8/12/2020,06:54:06 am,0,791.14,11.851
8/12/2020,07:24:06 am,0,791.13,11.743
8/12/2020,07:54:06 am,0,791.11,11.639
8/12/2020,08:24:06 am,0,790.87,11.534
8/12/2020,08:54:06 am,0,790.74,11.423
8/12/2020,09:24:06 am,0,790.54,11.303
8/12/2020,09:54:06 am,0,790.40,11.189
8/12/2020,10:24:06 am,0,790.34,11.078
8/12/2020,10:54:06 am,0,790.24,10.966
8/12/2020,11:24:06 am,0,790.16,10.848
8/12/2020,11:54:06 am,0,790.09,10.728
8/12/2020,12:24:06 pm,0,790.18,10.593
8/12/2020,12:54:06 pm,0,790.22,10.480
8/12/2020,01:24:06 pm,0,790.27,10.355
8/12/2020,01:54:06 pm,0,790.44,10.250
8/12/2020,02:24:06 pm,0,790.53,10.132
8/12/2020,02:54:06 pm,0,790.62,10.030
8/12/2020,03:24:06 pm,0,790.67,9.919
8/12/2020,03:54:06 pm,0,790.68,9.845
8/12/2020,04:24:06 pm,0,790.65,9.806
8/12/2020,04:54:06 pm,0,790.67,9.861
8/12/2020,05:24:06 pm,0,790.85,9.888
8/12/2020,05:54:06 pm,0,790.91,9.855
8/12/2020,06:24:06 pm,0,790.87,10.023
8/12/2020,06:54:06 pm,0,790.83,10.083
8/12/2020,07:24:06 pm,0,790.78,10.285
8/12/2020,07:54:06 pm,0,790.65,10.706
8/12/2020,08:24:06 pm,0,790.66,11.195
8/12/2020,08:54:06 pm,0,790.67,11.733
8/12/2020,09:24:06 pm,0,790.48,12.301
8/12/2020,09:54:06 pm,0,790.39,12.866
8/12/2020,10:24:06 pm,0,790.08,13.394
8/12/2020,10:54:06 pm,0,789.89,13.722
8/12/2020,11:24:06 pm,0,789.80,13.963
8/12/2020,11:54:06 pm,0,789.73,14.092
8/13/2020,12:24:06 am,0,789.53,14.181
8/13/2020,12:54:06 am,0,789.43,14.209
8/13/2020,01:24:06 am,0,789.32,14.189
8/13/2020,01:54:06 am,0,789.43,14.145
8/13/2020,02:24:06 am,0,789.49,14.079
8/13/2020,02:54:06 am,0,789.71,14.009
8/13/2020,03:24:06 am,0,789.75,13.924
8/13/2020,03:54:06 am,0,790.04,13.797
8/13/2020,04:24:06 am,0,790.35,13.654
8/13/2020,04:54:06 am,0,790.35,13.483
8/13/2020,05:24:06 am,0,790.38,13.304
8/13/2020,05:54:06 am,0,790.41,13.114
8/13/2020,06:24:06 am,0,790.54,12.951
8/13/2020,06:54:06 am,0,790.68,12.789
8/13/2020,07:24:06 am,0,790.72,12.617
8/13/2020,07:54:06 am,0,790.64,12.455
8/13/2020,08:24:06 am,0,790.58,12.299
8/13/2020,08:54:06 am,0,790.52,12.143
8/13/2020,09:24:06 am,0,790.39,11.976
8/13/2020,09:54:06 am,0,790.20,11.790
8/13/2020,10:24:06 am,0,790.03,11.618
8/13/2020,10:54:06 am,0,789.81,11.473
8/13/2020,11:24:06 am,0,789.74,11.320
8/13/2020,11:54:06 am,0,789.66,11.169
8/13/2020,12:24:06 pm,0,789.55,11.022
8/13/2020,12:54:06 pm,0,789.55,10.884
8/13/2020,01:24:06 pm,0,789.63,10.747
8/13/2020,01:54:06 pm,0,789.75,10.620
8/13/2020,02:24:06 pm,0,789.74,10.500
8/13/2020,02:54:06 pm,0,789.70,10.418
8/13/2020,03:24:06 pm,0,789.80,10.326
8/13/2020,03:54:06 pm,0,789.68,10.250
8/13/2020,04:24:06 pm,0,789.71,10.216
8/13/2020,04:54:06 pm,0,789.86,10.245
8/13/2020,05:24:06 pm,0,789.96,10.295
8/13/2020,05:54:06 pm,0,789.85,10.297
8/13/2020,06:24:06 pm,0,789.85,10.462
8/13/2020,06:54:06 pm,0,789.88,10.570
8/13/2020,07:24:06 pm,0,790.07,10.710
8/13/2020,07:54:06 pm,0,790.06,10.912
8/13/2020,08:24:06 pm,0,790.05,11.205
8/13/2020,08:54:06 pm,0,790.14,11.521
8/13/2020,09:24:06 pm,0,761.91,11.864
8/13/2020,09:54:06 pm,0,763.49,19.527
8/13/2020,10:24:06 pm,0,761.26,20.455
